origin_date,target,target_end_date,horizon,location,team_id,model_id,metric,value_absolute,value_relative,n_models,rank,rank_score
2024-10-23,ILI incidence,2024-10-20,1,AT,ECDC,SARIMA,WIS,328.856452039988,-0.14395825585488572,10,3,0.8821534790717733
2024-10-23,ILI incidence,2024-10-20,1,AT,ItaLuxColab,EpiEKF,WIS,164.33842175306,0.8568299030088936,10,1,1.0
2024-10-23,ILI incidence,2024-10-20,1,AT,ItaLuxColab,EpiNetEKF,WIS,376.027352086987,-0.3373378869803455,10,5,0.8483643165714875
2024-10-23,ILI incidence,2024-10-20,1,AT,MRC_GIDA,CATBoost,WIS,545.332289341203,-0.8736358607023832,10,7,0.7270888685456162
2024-10-23,ILI incidence,2024-10-20,1,AT,MRC_GIDA,NBEATS,WIS,1560.37480018061,-2.390320979412126,10,10,0.0
2024-10-23,ILI incidence,2024-10-20,1,AT,MRC_GIDA,NHiTS,WIS,1387.68861278294,-2.221112249030999,10,9,0.12369748386655803
2024-10-23,ILI incidence,2024-10-20,1,AT,MRC_GIDA,Prophet,WIS,731.07845733016,-1.296526520722003,10,8,0.5940363415060448
2024-10-23,ILI incidence,2024-10-20,1,AT,RIVM,KFdlm,WIS,356.703619015176,-0.2612261332298626,10,4,0.8622061715334454
2024-10-23,ILI incidence,2024-10-20,1,AT,respicast,hubEnsemble,WIS,507.738829458428,-0.7705868749336786,10,6,0.7540175793325937
2024-10-23,ILI incidence,2024-10-20,1,AT,respicast,quantileBaseline,WIS,297.625826086956,0.0,10,2,0.9045244046691486
2024-10-23,ILI incidence,2024-10-20,1,BE,ECDC,SARIMA,WIS,17.7260004376671,-0.11474376222259797,18,6,0.9003496531348151
2024-10-23,ILI incidence,2024-10-20,1,BE,ECDC,soca_simplex,WIS,97.1567753002521,-2.5691913149347663,18,18,0.0
2024-10-23,ILI incidence,2024-10-20,1,BE,ISI,FluABCaster,WIS,37.3845412401698,-1.1913185374956308,18,14,0.6775196426849597
2024-10-23,ILI incidence,2024-10-20,1,BE,ISI,FluBcast,WIS,15.3109775651105,0.09655689378796095,18,4,0.9277239927327935
2024-10-23,ILI incidence,2024-10-20,1,BE,ISI,RC_AdaptEns2,WIS,32.5605497704197,-0.9920017672751232,18,12,0.7321996965309492
2024-10-23,ILI incidence,2024-10-20,1,BE,ISI,SEIR_BRW,WIS,36.8923772159036,-1.1721994624566776,18,13,0.6830983331774055
2024-10-23,ILI incidence,2024-10-20,1,BE,ItaLuxColab,EpiEKF,WIS,24.2532888849209,-0.5670571064789497,18,11,0.826362689019675
2024-10-23,ILI incidence,2024-10-20,1,BE,ItaLuxColab,EpiNetEKF,WIS,20.3815821601158,-0.3161427560709408,18,8,0.8702485734611723
2024-10-23,ILI incidence,2024-10-20,1,BE,MRC_GIDA,CATBoost,WIS,20.6045711753077,-0.3318411465970148,18,9,0.8677209878644282
2024-10-23,ILI incidence,2024-10-20,1,BE,MRC_GIDA,NBEATS,WIS,13.7923685121372,0.24725306502024097,18,2,0.9449374611454747
2024-10-23,ILI incidence,2024-10-20,1,BE,MRC_GIDA,NHiTS,WIS,8.93463339568769,0.8736428526159624,18,1,1.0
2024-10-23,ILI incidence,2024-10-20,1,BE,MRC_GIDA,Prophet,WIS,40.6087447825454,-1.310667142407115,18,15,0.6409732216531123
2024-10-23,ILI incidence,2024-10-20,1,BE,QMUL,ARIMA,WIS,13.8094002070766,0.24547263238235337,18,3,0.9447444064930743
2024-10-23,ILI incidence,2024-10-20,1,BE,RIVM,KFdlm,WIS,49.840764903152,-1.6062029176842134,18,16,0.5363280620446155
2024-10-23,ILI incidence,2024-10-20,1,BE,fjordhest,ensemble,WIS,20.7836391304348,-0.3443249945774553,18,10,0.8656912484899204
2024-10-23,ILI incidence,2024-10-20,1,BE,respicast,hubEnsemble,WIS,18.8546589552642,-0.20379776332069646,18,7,0.8875562829759036
2024-10-23,ILI incidence,2024-10-20,1,BE,respicast,quantileBaseline,WIS,16.3707826086957,0.0,18,5,0.9157110782795075
2024-10-23,ILI incidence,2024-10-20,1,BE,safinea,syndromic,WIS,77.9843428366956,-2.2520612067998154,18,17,0.21731996128927075
2024-10-23,ILI incidence,2024-10-20,1,CH,ECDC,SARIMA,WIS,19.0125625657614,-0.2938213560620095,11,5,0.5959142828278695
2024-10-23,ILI incidence,2024-10-20,1,CH,ECDC,soca_simplex,WIS,8.87677150531357,0.8050246726547378,11,1,1.0
2024-10-23,ILI incidence,2024-10-20,1,CH,ISI,FluABCaster,WIS,29.8338399120575,-0.94381803937417,11,10,0.16450013950954934
2024-10-23,ILI incidence,2024-10-20,1,CH,ISI,FluBcast,WIS,28.6110374048333,-0.8834401696919275,11,9,0.21324986463161968
2024-10-23,ILI incidence,2024-10-20,1,CH,ISI,SEIR_BRW,WIS,26.4468928581133,-0.7699665962466499,11,8,0.2995282711230483
2024-10-23,ILI incidence,2024-10-20,1,CH,ItaLuxColab,EpiEKF,WIS,18.6143339099753,-0.2632823526672307,11,3,0.611790548529494
2024-10-23,ILI incidence,2024-10-20,1,CH,ItaLuxColab,EpiNetEKF,WIS,22.3357682384796,-0.5262242375158466,11,6,0.46342734228595445
2024-10-23,ILI incidence,2024-10-20,1,CH,RIVM,KFdlm,WIS,18.7568273025869,-0.27428417869882216,11,4,0.6061097344319701
2024-10-23,ILI incidence,2024-10-20,1,CH,respicast,hubEnsemble,WIS,24.6514883504222,-0.6685431134725536,11,7,0.37110604080848425
2024-10-23,ILI incidence,2024-10-20,1,CH,respicast,quantileBaseline,WIS,15.5092792146048,0.0,11,2,0.7355804181069793
2024-10-23,ILI incidence,2024-10-20,1,CH,safinea,syndromic,WIS,33.9600412911898,-1.1307065735726298,11,11,0.0
2024-10-23,ILI incidence,2024-10-20,1,CZ,ECDC,SARIMA,WIS,3.15976408966361,-0.5944843129524272,17,10,0.7593708933554498
2024-10-23,ILI incidence,2024-10-20,1,CZ,ECDC,soca_simplex,WIS,2.19261332404892,-0.06731887273363762,17,6,0.8428138328816772
2024-10-23,ILI incidence,2024-10-20,1,CZ,ISI,FluABCaster,WIS,3.19002128466279,-0.6082335132775851,17,11,0.7567603910611719
2024-10-23,ILI incidence,2024-10-20,1,CZ,ISI,FluBcast,WIS,4.83164920444863,-1.2071831766983838,17,15,0.6151255352502533
2024-10-23,ILI incidence,2024-10-20,1,CZ,ISI,RC_AdaptEns2,WIS,3.94078709324495,-0.9131512710967975,17,14,0.6919865127878456
2024-10-23,ILI incidence,2024-10-20,1,CZ,ItaLuxColab,EpiEKF,WIS,2.69731117377189,-0.3661894300825594,17,8,0.7992699784478913
2024-10-23,ILI incidence,2024-10-20,1,CZ,ItaLuxColab,EpiNetEKF,WIS,3.57136941582992,-0.7711448345561167,17,13,0.7238587895955573
2024-10-23,ILI incidence,2024-10-20,1,CZ,MRC_GIDA,CATBoost,WIS,1.30613273957533,0.6800310143308953,17,2,0.9192967851072189
2024-10-23,ILI incidence,2024-10-20,1,CZ,MRC_GIDA,NBEATS,WIS,1.7541698172357,0.25454411817990336,17,3,0.88064145637679
2024-10-23,ILI incidence,2024-10-20,1,CZ,MRC_GIDA,NHiTS,WIS,0.370736928805899,2.4968648036716132,17,1,1.0
2024-10-23,ILI incidence,2024-10-20,1,CZ,MRC_GIDA,Prophet,WIS,3.44414935043386,-0.7188151676379894,17,12,0.7348349647698789
2024-10-23,ILI incidence,2024-10-20,1,CZ,QMUL,ARIMA,WIS,2.14773255112468,-0.03748181445648508,17,5,0.846686014711185
2024-10-23,ILI incidence,2024-10-20,1,CZ,RIVM,KFdlm,WIS,6.07171621408627,-1.5367718254266147,17,16,0.5081361803611033
2024-10-23,ILI incidence,2024-10-20,1,CZ,fjordhest,ensemble,WIS,2.8159,-0.42826356421108436,17,9,0.7890384813460416
2024-10-23,ILI incidence,2024-10-20,1,CZ,respicast,hubEnsemble,WIS,2.40566642262425,-0.20110407090229557,17,7,0.8244322346321038
2024-10-23,ILI incidence,2024-10-20,1,CZ,respicast,quantileBaseline,WIS,2.09265217391304,0.0,17,4,0.8514381885688271
2024-10-23,ILI incidence,2024-10-20,1,CZ,safinea,syndromic,WIS,11.961301344513,-2.5149699159600853,17,17,0.0
2024-10-23,ILI incidence,2024-10-20,1,DK,ECDC,SARIMA,WIS,7.40704107405056,0.1611727475930692,16,5,0.8824686514386573
2024-10-23,ILI incidence,2024-10-20,1,DK,ECDC,soca_simplex,WIS,13.8607864758647,-0.7428671297940626,16,11,0.7065374846145889
2024-10-23,ILI incidence,2024-10-20,1,DK,ISI,FluABCaster,WIS,3.09559692211528,1.4198524546596125,16,1,1.0
2024-10-23,ILI incidence,2024-10-20,1,DK,ISI,RC_AdaptEns2,WIS,3.25045440973366,1.3494286656286598,16,2,0.9957785352858066
2024-10-23,ILI incidence,2024-10-20,1,DK,ItaLuxColab,EpiEKF,WIS,8.11482207974348,0.029510621415607067,16,8,0.8631743145172681
2024-10-23,ILI incidence,2024-10-20,1,DK,ItaLuxColab,EpiNetEKF,WIS,4.62154640493177,0.8416944156850119,16,4,0.9584021283282999
2024-10-23,ILI incidence,2024-10-20,1,DK,MRC_GIDA,CATBoost,WIS,18.0005972702347,-1.119902786740698,16,13,0.5936849163555966
2024-10-23,ILI incidence,2024-10-20,1,DK,MRC_GIDA,NBEATS,WIS,29.160928034325,-1.8158946434962604,16,15,0.2894507250103617
2024-10-23,ILI incidence,2024-10-20,1,DK,MRC_GIDA,NHiTS,WIS,9.43034590129346,-0.1872406043923679,16,10,0.827312713772205
2024-10-23,ILI incidence,2024-10-20,1,DK,MRC_GIDA,Prophet,WIS,39.778951658618,-2.263863265572854,16,16,0.0
2024-10-23,ILI incidence,2024-10-20,1,DK,QMUL,ARIMA,WIS,3.58292667865914,1.2089315645453556,16,3,0.9867152347421776
2024-10-23,ILI incidence,2024-10-20,1,DK,RIVM,KFdlm,WIS,15.8255208242888,-0.9341109900472102,16,12,0.6529781969611879
2024-10-23,ILI incidence,2024-10-20,1,DK,fjordhest,ensemble,WIS,7.67726956521739,0.10947677988157128,16,7,0.8751021362137581
2024-10-23,ILI incidence,2024-10-20,1,DK,respicast,hubEnsemble,WIS,7.46268266306219,0.15037574549348293,16,6,0.8809518438998892
2024-10-23,ILI incidence,2024-10-20,1,DK,respicast,quantileBaseline,WIS,8.28252173913043,0.0,16,9,0.8586027680872445
2024-10-23,ILI incidence,2024-10-20,1,DK,safinea,syndromic,WIS,27.5394311981913,-1.7333567721668544,16,14,0.33365324813783864
2024-10-23,ILI incidence,2024-10-20,1,EE,ItaLuxColab,EpiEKF,WIS,44.0723475984043,-1.0425413741765686,6,3,0.6125357250632959
2024-10-23,ILI incidence,2024-10-20,1,EE,ItaLuxColab,EpiNetEKF,WIS,27.8974434014191,-0.3828005431504128,6,2,0.8889101143317293
2024-10-23,ILI incidence,2024-10-20,1,EE,RIVM,KFdlm,WIS,64.6261489931801,-1.5947856530264528,6,4,0.26134079751098205
2024-10-23,ILI incidence,2024-10-20,1,EE,respicast,hubEnsemble,WIS,68.3375047298876,-1.6753451978658955,6,5,0.19792628434919066
2024-10-23,ILI incidence,2024-10-20,1,EE,respicast,quantileBaseline,WIS,21.3958704347826,0.0,6,1,1.0
2024-10-23,ILI incidence,2024-10-20,1,EE,safinea,syndromic,WIS,79.9212071702174,-1.9012460020752098,6,6,0.0
2024-10-23,ILI incidence,2024-10-20,1,FR,ECDC,SARIMA,WIS,12.1774863951967,0.2831597657251405,18,3,0.9496251632657963
2024-10-23,ILI incidence,2024-10-20,1,FR,ECDC,soca_simplex,WIS,13.7569660375884,0.10721380407406446,18,4,0.9133769580186765
2024-10-23,ILI incidence,2024-10-20,1,FR,ISI,FluABCaster,WIS,18.9276129865825,-0.35311634315536045,18,10,0.79471340146677
2024-10-23,ILI incidence,2024-10-20,1,FR,ISI,FluBcast,WIS,30.4629330213651,-1.039678716455539,18,15,0.5299840330154867
2024-10-23,ILI incidence,2024-10-20,1,FR,ISI,RC_AdaptEns2,WIS,25.658823214364,-0.7920788687899668,18,13,0.6402357600020963
2024-10-23,ILI incidence,2024-10-20,1,FR,ISI,SEIR_BRW,WIS,27.5835893983797,-0.8964340670315744,18,14,0.5960634149978454
2024-10-23,ILI incidence,2024-10-20,1,FR,ItaLuxColab,EpiEKF,WIS,11.6378693174922,0.34854918594985457,18,2,0.9620090839334062
2024-10-23,ILI incidence,2024-10-20,1,FR,ItaLuxColab,EpiNetEKF,WIS,16.8392696231377,-0.1844534280188309,18,8,0.8426397544458959
2024-10-23,ILI incidence,2024-10-20,1,FR,MRC_GIDA,CATBoost,WIS,9.9824527771722,0.5699098899142739,18,1,1.0
2024-10-23,ILI incidence,2024-10-20,1,FR,MRC_GIDA,NBEATS,WIS,43.2009557425076,-1.5436870926316417,18,17,0.2376532870874908
2024-10-23,ILI incidence,2024-10-20,1,FR,MRC_GIDA,NHiTS,WIS,24.3462589744887,-0.7163239689291377,18,11,0.6703584008327089
2024-10-23,ILI incidence,2024-10-20,1,FR,MRC_GIDA,Prophet,WIS,24.6257431704942,-0.732791126633158,18,12,0.6639443893898054
2024-10-23,ILI incidence,2024-10-20,1,FR,QMUL,ARIMA,WIS,16.0962619578459,-0.11934955240680375,18,7,0.859691379315779
2024-10-23,ILI incidence,2024-10-20,1,FR,RIVM,KFdlm,WIS,34.2026858644931,-1.2067334842343695,18,16,0.4441587238485161
2024-10-23,ILI incidence,2024-10-20,1,FR,fjordhest,ensemble,WIS,17.5913739130435,-0.24749202677414844,18,9,0.8253793669511491
2024-10-23,ILI incidence,2024-10-20,1,FR,respicast,hubEnsemble,WIS,13.779962523472,0.10480417267444879,18,5,0.9128492010803161
2024-10-23,ILI incidence,2024-10-20,1,FR,respicast,quantileBaseline,WIS,14.8182608695652,0.0,18,6,0.88902081447323
2024-10-23,ILI incidence,2024-10-20,1,FR,safinea,syndromic,WIS,53.5564623487826,-1.8536845300398148,18,18,0.0
2024-10-23,ILI incidence,2024-10-20,1,GB-ENG,ECDC,SARIMA,WIS,0.208252334439433,0.2250295229229404,8,3,0.6225853997399695
2024-10-23,ILI incidence,2024-10-20,1,GB-ENG,ECDC,soca_simplex,WIS,0.440806471342421,-0.8567832130846211,8,8,0.0
2024-10-23,ILI incidence,2024-10-20,1,GB-ENG,ISI,FluABCaster,WIS,0.371091684607381,-0.6084134828670307,8,6,0.18663786826259604
2024-10-23,ILI incidence,2024-10-20,1,GB-ENG,ISI,SEIR_BRW,WIS,0.0672767724447001,1.8551817906386345,8,1,1.0
2024-10-23,ILI incidence,2024-10-20,1,GB-ENG,ItaLuxColab,EpiEKF,WIS,0.223219614924651,0.12489838439721875,8,4,0.582515545778193
2024-10-23,ILI incidence,2024-10-20,1,GB-ENG,RIVM,KFdlm,WIS,0.440441392700562,-0.855587869078091,8,7,0.000977375140280329
2024-10-23,ILI incidence,2024-10-20,1,GB-ENG,respicast,hubEnsemble,WIS,0.15659633187344,0.6363117715298051,8,2,0.7608769538477924
2024-10-23,ILI incidence,2024-10-20,1,GB-ENG,respicast,quantileBaseline,WIS,0.2434055713877,0.0,8,5,0.5284744440328235
2024-10-23,ILI incidence,2024-10-20,1,GB-NIR,ISI,FluABCaster,WIS,0.807418283244832,-0.2722611847158063,7,7,0.0
2024-10-23,ILI incidence,2024-10-20,1,GB-NIR,ISI,SEIR_BRW,WIS,0.169829029744811,1.9769719837618616,7,1,1.0
2024-10-23,ILI incidence,2024-10-20,1,GB-NIR,ItaLuxColab,EpiEKF,WIS,0.734586939508727,-0.13587817511649378,7,6,0.11422925235376886
2024-10-23,ILI incidence,2024-10-20,1,GB-NIR,RIVM,KFdlm,WIS,0.536484274993806,0.3175191865192565,7,4,0.4249350295095855
2024-10-23,ILI incidence,2024-10-20,1,GB-NIR,respicast,hubEnsemble,WIS,0.245044927214136,1.4480087898012746,7,2,0.8820307948158941
2024-10-23,ILI incidence,2024-10-20,1,GB-NIR,respicast,quantileBaseline,WIS,0.668559087082714,0.0,7,5,0.21778785542550458
2024-10-23,ILI incidence,2024-10-20,1,GB-NIR,safinea,syndromic,WIS,0.281796192622427,1.246402951598583,7,3,0.8243898210909661
2024-10-23,ILI incidence,2024-10-20,1,GB-SCT,ECDC,SARIMA,WIS,0.48953670830673,0.75089017943363,9,1,1.0
2024-10-23,ILI incidence,2024-10-20,1,GB-SCT,ECDC,soca_simplex,WIS,1.01975306596331,-0.307840714618617,9,7,0.41515881538871025
2024-10-23,ILI incidence,2024-10-20,1,GB-SCT,ISI,FluABCaster,WIS,0.622494382250493,0.40424640745084983,9,4,0.8533445405643324
2024-10-23,ILI incidence,2024-10-20,1,GB-SCT,ISI,SEIR_BRW,WIS,1.39613557926173,-0.7610599189314307,9,9,0.0
2024-10-23,ILI incidence,2024-10-20,1,GB-SCT,ItaLuxColab,EpiEKF,WIS,0.610640997946434,0.4319827707920487,9,3,0.8664191038401203
2024-10-23,ILI incidence,2024-10-20,1,GB-SCT,RIVM,KFdlm,WIS,0.592290609922141,0.4760020109110075,9,2,0.8866600159040885
2024-10-23,ILI incidence,2024-10-20,1,GB-SCT,respicast,hubEnsemble,WIS,0.817642448348148,0.010837128465480319,9,5,0.6380916074870074
2024-10-23,ILI incidence,2024-10-20,1,GB-SCT,respicast,quantileBaseline,WIS,0.823807479623084,0.0,9,6,0.631291432158704
2024-10-23,ILI incidence,2024-10-20,1,GB-SCT,safinea,syndromic,WIS,1.21123025470955,-0.5560940171499414,9,8,0.20395494686354854
2024-10-23,ILI incidence,2024-10-20,1,GB-WLS,respicast,quantileBaseline,WIS,1.2732221072757,0.0,1,1,0.0
2024-10-23,ILI incidence,2024-10-20,1,GR,ECDC,SARIMA,WIS,51.1445343707114,0.0699513802260432,17,8,0.9214230309332607
2024-10-23,ILI incidence,2024-10-20,1,GR,ECDC,soca_simplex,WIS,29.3981191278723,0.8688075975487168,17,1,1.0
2024-10-23,ILI incidence,2024-10-20,1,GR,ISI,FluABCaster,WIS,64.1302815621411,-0.25647428840747283,17,10,0.8745012443318819
2024-10-23,ILI incidence,2024-10-20,1,GR,ISI,FluBcast,WIS,84.0784685599464,-0.6472049388014633,17,13,0.8024218668730969
2024-10-23,ILI incidence,2024-10-20,1,GR,ISI,RC_AdaptEns2,WIS,34.1692169534742,0.6518342665914181,17,2,0.9827604503054748
2024-10-23,ILI incidence,2024-10-20,1,GR,ItaLuxColab,EpiEKF,WIS,47.027800844979,0.1910175836828213,17,5,0.9362981466383193
2024-10-23,ILI incidence,2024-10-20,1,GR,ItaLuxColab,EpiNetEKF,WIS,40.0066900775156,0.42429017952765413,17,3,0.9616677350246531
2024-10-23,ILI incidence,2024-10-20,1,GR,MRC_GIDA,CATBoost,WIS,83.5546092318222,-0.638187962855895,17,12,0.8043147433661497
2024-10-23,ILI incidence,2024-10-20,1,GR,MRC_GIDA,NBEATS,WIS,105.153529269793,-0.9698939140763726,17,14,0.7262707231105597
2024-10-23,ILI incidence,2024-10-20,1,GR,MRC_GIDA,NHiTS,WIS,106.518951959649,-0.9885067810437969,17,15,0.721337000689382
2024-10-23,ILI incidence,2024-10-20,1,GR,MRC_GIDA,Prophet,WIS,306.15116141395,-2.511640798099404,17,17,0.0
2024-10-23,ILI incidence,2024-10-20,1,GR,QMUL,ARIMA,WIS,48.105526557398,0.15832880673662522,17,6,0.9324039682635612
2024-10-23,ILI incidence,2024-10-20,1,GR,RIVM,KFdlm,WIS,66.9096948051789,-0.3176838107992059,17,11,0.8644583077842695
2024-10-23,ILI incidence,2024-10-20,1,GR,fjordhest,ensemble,WIS,50.7729217391304,0.08047217022793149,17,7,0.9227657899089574
2024-10-23,ILI incidence,2024-10-20,1,GR,respicast,hubEnsemble,WIS,43.436448320954,0.3056253101379825,17,4,0.9492748875419031
2024-10-23,ILI incidence,2024-10-20,1,GR,respicast,quantileBaseline,WIS,53.6854617391305,0.0,17,9,0.9122418224904189
2024-10-23,ILI incidence,2024-10-20,1,GR,safinea,syndromic,WIS,277.865932121478,-2.3717856050962047,17,16,0.10220386037611728
2024-10-23,ILI incidence,2024-10-20,1,HR,ECDC,SARIMA,WIS,1.6918657951036,-2.823532609904281,10,10,0.0
2024-10-23,ILI incidence,2024-10-20,1,HR,ECDC,soca_simplex,WIS,0.130219737515994,0.8760624826185381,10,3,0.9612682541917702
2024-10-23,ILI incidence,2024-10-20,1,HR,ISI,FluABCaster,WIS,0.0672973660747742,1.8283886722284142,10,1,1.0
2024-10-23,ILI incidence,2024-10-20,1,HR,ISI,FluBcast,WIS,0.0751924903119626,1.66835013005607,10,2,0.9951401713242033
2024-10-23,ILI incidence,2024-10-20,1,HR,ISI,SEIR_BRW,WIS,0.304181023725169,-0.34791953541020165,10,8,0.8541867160424846
2024-10-23,ILI incidence,2024-10-20,1,HR,ItaLuxColab,EpiEKF,WIS,0.554419031766747,-1.2139661640963675,10,9,0.700153187155572
2024-10-23,ILI incidence,2024-10-20,1,HR,ItaLuxColab,EpiNetEKF,WIS,0.242894028811098,-0.02331640568910095,10,7,0.8919118089465174
2024-10-23,ILI incidence,2024-10-20,1,HR,RIVM,KFdlm,WIS,0.175668296738394,0.4441567698607834,10,5,0.9332924801890897
2024-10-23,ILI incidence,2024-10-20,1,HR,respicast,hubEnsemble,WIS,0.13654041489555,0.8076825773948029,10,4,0.9573775732782339
2024-10-23,ILI incidence,2024-10-20,1,HR,respicast,quantileBaseline,WIS,0.239,0.0,10,6,0.894308770959023
2024-10-23,ILI incidence,2024-10-20,1,HU,ECDC,SARIMA,WIS,9.77134603602627,0.5503856881931433,13,2,0.984005114364109
2024-10-23,ILI incidence,2024-10-20,1,HU,ECDC,soca_simplex,WIS,21.1288020434799,-0.5621960666423109,13,9,0.8498808233562231
2024-10-23,ILI incidence,2024-10-20,1,HU,ISI,RC_AdaptEns2,WIS,14.2965002075161,0.0013528877720656216,13,6,0.9305659379716021
2024-10-23,ILI incidence,2024-10-20,1,HU,ItaLuxColab,EpiEKF,WIS,12.7137247829375,0.17062814180451044,13,5,0.94925750336327
2024-10-23,ILI incidence,2024-10-20,1,HU,ItaLuxColab,EpiNetEKF,WIS,15.58426596698,-0.12307529900309017,13,8,0.9153582480312692
2024-10-23,ILI incidence,2024-10-20,1,HU,MRC_GIDA,CATBoost,WIS,9.81214340482097,0.544374681118384,13,3,0.9835233235333997
2024-10-23,ILI incidence,2024-10-20,1,HU,MRC_GIDA,NBEATS,WIS,93.0955128481562,-2.701696727043398,13,13,0.0
2024-10-23,ILI incidence,2024-10-20,1,HU,MRC_GIDA,NHiTS,WIS,70.2733802036927,-2.2959633896536222,13,12,0.2695147890705219
2024-10-23,ILI incidence,2024-10-20,1,HU,MRC_GIDA,Prophet,WIS,42.2775161260738,-1.562875713173661,13,11,0.600128037151739
2024-10-23,ILI incidence,2024-10-20,1,HU,QMUL,ARIMA,WIS,8.41692165406847,0.7656503116231012,13,1,1.0
2024-10-23,ILI incidence,2024-10-20,1,HU,RIVM,KFdlm,WIS,35.0643658991982,-1.2929907333616313,13,10,0.6853107276660708
2024-10-23,ILI incidence,2024-10-20,1,HU,respicast,hubEnsemble,WIS,10.4050721451328,0.45972793706838566,13,4,0.9765212143585692
2024-10-23,ILI incidence,2024-10-20,1,HU,respicast,quantileBaseline,WIS,14.3099130434783,0.0,13,7,0.9304075409579879
2024-10-23,ILI incidence,2024-10-20,1,IE,ECDC,SARIMA,WIS,2.59741667594203,-2.2106693993835362,18,17,0.3079658937196798
2024-10-23,ILI incidence,2024-10-20,1,IE,ECDC,soca_simplex,WIS,0.901515365093424,-0.6840159163137225,18,7,0.8152664802309469
2024-10-23,ILI incidence,2024-10-20,1,IE,ISI,FluABCaster,WIS,1.22071941060819,-1.1213235572360714,18,12,0.7197819149024484
2024-10-23,ILI incidence,2024-10-20,1,IE,ISI,FluBcast,WIS,2.5658243259915,-2.1930143275430307,18,16,0.31741621819118654
2024-10-23,ILI incidence,2024-10-20,1,IE,ISI,RC_AdaptEns2,WIS,0.444759508735279,0.3353107143937679,18,3,0.9518973751660991
2024-10-23,ILI incidence,2024-10-20,1,IE,ISI,SEIR_BRW,WIS,1.23009376569368,-1.1323602218673383,18,13,0.7169777329594234
2024-10-23,ILI incidence,2024-10-20,1,IE,ItaLuxColab,EpiEKF,WIS,1.02628426985919,-0.8710223281009105,18,8,0.7779439437359609
2024-10-23,ILI incidence,2024-10-20,1,IE,ItaLuxColab,EpiNetEKF,WIS,1.05441518451373,-0.9100349822710777,18,9,0.7695290498903953
2024-10-23,ILI incidence,2024-10-20,1,IE,MRC_GIDA,CATBoost,WIS,0.283952865336574,0.9826846944021139,18,1,1.0
2024-10-23,ILI incidence,2024-10-20,1,IE,MRC_GIDA,NBEATS,WIS,0.667226247869234,-0.2498398794550091,18,5,0.8853501612922966
2024-10-23,ILI incidence,2024-10-20,1,IE,MRC_GIDA,NHiTS,WIS,0.370340769832297,0.5994827835926452,18,2,0.9741584994729261
2024-10-23,ILI incidence,2024-10-20,1,IE,MRC_GIDA,Prophet,WIS,1.16481842147929,-1.0536970074729815,18,11,0.7365037632731302
2024-10-23,ILI incidence,2024-10-20,1,IE,QMUL,ARIMA,WIS,1.24714672048991,-1.1522231314855111,18,14,0.7118766260055354
2024-10-23,ILI incidence,2024-10-20,1,IE,RIVM,KFdlm,WIS,1.15703339622974,-1.0440224370943467,18,10,0.7388325237085623
2024-10-23,ILI incidence,2024-10-20,1,IE,fjordhest,ensemble,WIS,1.60407826086957,-1.5153364612792477,18,15,0.6051065099494509
2024-10-23,ILI incidence,2024-10-20,1,IE,respicast,hubEnsemble,WIS,0.766206143267128,-0.44939642869740726,18,6,0.8557419767434858
2024-10-23,ILI incidence,2024-10-20,1,IE,respicast,quantileBaseline,WIS,0.561130434782609,0.0,18,4,0.9170869539116162
2024-10-23,ILI incidence,2024-10-20,1,IE,safinea,syndromic,WIS,3.62694389657391,-2.6923463597097617,18,18,0.0
2024-10-23,ILI incidence,2024-10-20,1,IS,respicast,quantileBaseline,WIS,0.752652173913044,0.0,1,1,0.0
2024-10-23,ILI incidence,2024-10-20,1,IT,respicast,quantileBaseline,WIS,147.64967826087,0.0,1,1,0.0
2024-10-23,ILI incidence,2024-10-20,1,LT,ECDC,SARIMA,WIS,2.81920624636549,-1.3955693681691468,16,16,0.0
2024-10-23,ILI incidence,2024-10-20,1,LT,ECDC,soca_simplex,WIS,0.667001390756177,0.683957983037262,16,9,0.8047369139623944
2024-10-23,ILI incidence,2024-10-20,1,LT,ISI,FluABCaster,WIS,0.144785801288348,2.887727624036762,16,1,1.0
2024-10-23,ILI incidence,2024-10-20,1,LT,ISI,FluBcast,WIS,0.183845749420943,2.543151931290683,16,2,0.9853949859662143
2024-10-23,ILI incidence,2024-10-20,1,LT,ISI,SEIR_BRW,WIS,0.35354201363921,1.5997660827735551,16,5,0.9219433830102803
2024-10-23,ILI incidence,2024-10-20,1,LT,ItaLuxColab,EpiEKF,WIS,0.75844918311215,0.4985952309604357,16,10,0.7705434151337781
2024-10-23,ILI incidence,2024-10-20,1,LT,ItaLuxColab,EpiNetEKF,WIS,0.475397681222311,1.1725128861204046,16,7,0.8763799908340788
2024-10-23,ILI incidence,2024-10-20,1,LT,MRC_GIDA,CATBoost,WIS,0.257443672217613,2.0573909424424714,16,3,0.9578757815972292
2024-10-23,ILI incidence,2024-10-20,1,LT,MRC_GIDA,NBEATS,WIS,0.948888431709476,0.17540928440250853,16,12,0.6993357450952578
2024-10-23,ILI incidence,2024-10-20,1,LT,MRC_GIDA,NHiTS,WIS,0.878875100116642,0.28598959888276027,16,11,0.7255146249799479
2024-10-23,ILI incidence,2024-10-20,1,LT,MRC_GIDA,Prophet,WIS,1.03990888003182,0.043262537116201344,16,13,0.6653020356649073
2024-10-23,ILI incidence,2024-10-20,1,LT,RIVM,KFdlm,WIS,0.498819216793324,1.103130707158447,16,8,0.8676223792124188
2024-10-23,ILI incidence,2024-10-20,1,LT,fjordhest,ensemble,WIS,1.89263043478261,-0.8206730724260407,16,15,0.34645854330363285
2024-10-23,ILI incidence,2024-10-20,1,LT,respicast,hubEnsemble,WIS,0.259503293375337,2.04589490454751,16,4,0.9571056629116967
2024-10-23,ILI incidence,2024-10-20,1,LT,respicast,quantileBaseline,WIS,1.0715652173913,0.0,16,14,0.6534653263629909
2024-10-23,ILI incidence,2024-10-20,1,LT,safinea,syndromic,WIS,0.435386205569565,1.2993520535480902,16,6,0.8913407931740385
2024-10-23,ILI incidence,2024-10-20,1,LU,ECDC,SARIMA,WIS,815.610744597525,0.08264224605667193,14,5,0.8877497717206012
2024-10-23,ILI incidence,2024-10-20,1,LU,ECDC,soca_simplex,WIS,2370.39688967172,-1.4565337061171115,14,13,0.6274712739308066
2024-10-23,ILI incidence,2024-10-20,1,LU,ISI,FluABCaster,WIS,1644.59014136741,-0.9291331534114493,14,12,0.7489747300381585
2024-10-23,ILI incidence,2024-10-20,1,LU,ItaLuxColab,EpiEKF,WIS,864.428969309075,-0.0012243944037901766,14,7,0.8795773717844798
2024-10-23,ILI incidence,2024-10-20,1,LU,ItaLuxColab,EpiNetEKF,WIS,1376.83146620941,-0.6727570420716418,14,11,0.7937987889359719
2024-10-23,ILI incidence,2024-10-20,1,LU,MRC_GIDA,CATBoost,WIS,156.738745115818,2.462161175494761,14,2,0.9980480367290493
2024-10-23,ILI incidence,2024-10-20,1,LU,MRC_GIDA,NBEATS,WIS,145.078598483887,2.5736883136550164,14,1,1.0
2024-10-23,ILI incidence,2024-10-20,1,LU,MRC_GIDA,NHiTS,WIS,538.803390316399,0.6807640984346964,14,4,0.9340886219719462
2024-10-23,ILI incidence,2024-10-20,1,LU,MRC_GIDA,Prophet,WIS,1110.52715664487,-0.36264974048250986,14,9,0.838379380207641
2024-10-23,ILI incidence,2024-10-20,1,LU,QMUL,ARIMA,WIS,1290.82705443372,-0.57970078843162,14,10,0.8081963311131973
2024-10-23,ILI incidence,2024-10-20,1,LU,RIVM,KFdlm,WIS,6118.62677198636,-2.8246129671407645,14,14,0.0
2024-10-23,ILI incidence,2024-10-20,1,LU,fjordhest,ensemble,WIS,937.498460869565,-0.11829329482131083,14,8,0.8673451959589608
2024-10-23,ILI incidence,2024-10-20,1,LU,respicast,hubEnsemble,WIS,435.996713070744,0.9862057684131094,14,3,0.9512989422472033
2024-10-23,ILI incidence,2024-10-20,1,LU,respicast,quantileBaseline,WIS,863.695652173913,0.0,14,6,0.8797001325145957
2024-10-23,ILI incidence,2024-10-20,1,LV,ECDC,SARIMA,WIS,1130.45907872598,-1.8392952622122833,10,10,0.0
2024-10-23,ILI incidence,2024-10-20,1,LV,ItaLuxColab,EpiEKF,WIS,658.463304273189,-1.0595614404111535,10,9,0.418970866393365
2024-10-23,ILI incidence,2024-10-20,1,LV,ItaLuxColab,EpiNetEKF,WIS,176.586878219663,0.8391634583735156,10,7,0.8467123730885217
2024-10-23,ILI incidence,2024-10-20,1,LV,MRC_GIDA,CATBoost,WIS,20.8354538864183,3.9224291682239256,10,6,0.984966384515963
2024-10-23,ILI incidence,2024-10-20,1,LV,MRC_GIDA,NBEATS,WIS,9.92344905563727,4.992556151811108,10,4,0.994652513853331
2024-10-23,ILI incidence,2024-10-20,1,LV,MRC_GIDA,NHiTS,WIS,3.89918563393468,6.340224950887044,10,1,1.0
2024-10-23,ILI incidence,2024-10-20,1,LV,MRC_GIDA,Prophet,WIS,9.1012017198603,5.117340740744217,10,3,0.9953823883507448
2024-10-23,ILI incidence,2024-10-20,1,LV,RIVM,KFdlm,WIS,15.2366546236275,4.3739235188363415,10,5,0.9899362039610914
2024-10-23,ILI incidence,2024-10-20,1,LV,respicast,hubEnsemble,WIS,8.1694850397896,5.273152650105802,10,2,0.9962094341969387
2024-10-23,ILI incidence,2024-10-20,1,LV,respicast,quantileBaseline,WIS,315.916130434783,0.0,10,8,0.7230356355537725
2024-10-23,ILI incidence,2024-10-20,1,MT,ECDC,SARIMA,WIS,681.582582619373,0.02079542678903441,9,2,0.8070604885771606
2024-10-23,ILI incidence,2024-10-20,1,MT,ECDC,soca_simplex,WIS,872.209067068472,-0.3349900923348406,9,7,0.29952903688111
2024-10-23,ILI incidence,2024-10-20,1,MT,ISI,FluABCaster,WIS,751.20277180421,-0.11951849055827792,9,5,0.6217009579408551
2024-10-23,ILI incidence,2024-10-20,1,MT,ISI,FluBcast,WIS,706.964152616205,-0.03195316774261663,9,4,0.7394835980729624
2024-10-23,ILI incidence,2024-10-20,1,MT,ItaLuxColab,EpiEKF,WIS,984.710798932107,-0.5100161839564928,9,9,0.0
2024-10-23,ILI incidence,2024-10-20,1,MT,ItaLuxColab,EpiNetEKF,WIS,609.115387431854,0.1829683455837487,9,1,1.0
2024-10-23,ILI incidence,2024-10-20,1,MT,RIVM,KFdlm,WIS,915.654679992917,-0.405119722906982,9,8,0.18385772782302345
2024-10-23,ILI incidence,2024-10-20,1,MT,respicast,hubEnsemble,WIS,758.626461440334,-0.13370579902701385,9,6,0.6019358345958407
2024-10-23,ILI incidence,2024-10-20,1,MT,respicast,quantileBaseline,WIS,691.478260869565,0.0,9,3,0.7807138454947403
2024-10-23,ILI incidence,2024-10-20,1,NL,ECDC,SARIMA,WIS,3.30835302459724,-0.21198543806793504,13,2,0.9390201021609139
2024-10-23,ILI incidence,2024-10-20,1,NL,ECDC,soca_simplex,WIS,4.76253247646226,-0.7376011802154807,13,6,0.7428748839185257
2024-10-23,ILI incidence,2024-10-20,1,NL,ISI,FluABCaster,WIS,7.08818449703261,-1.311288405632165,13,11,0.4291821532547969
2024-10-23,ILI incidence,2024-10-20,1,NL,ISI,FluBcast,WIS,9.72903714249873,-1.7681692819056691,13,12,0.07297397150212194
2024-10-23,ILI incidence,2024-10-20,1,NL,ISI,RC_AdaptEns2,WIS,4.79495060553251,-0.7473882032227692,13,7,0.7385022041964054
2024-10-23,ILI incidence,2024-10-20,1,NL,ISI,SEIR_BRW,WIS,6.72054914662003,-1.2344513723072683,13,10,0.478770198215692
2024-10-23,ILI incidence,2024-10-20,1,NL,ItaLuxColab,EpiEKF,WIS,4.62846028308056,-0.696404591821061,13,5,0.7609590478759808
2024-10-23,ILI incidence,2024-10-20,1,NL,ItaLuxColab,EpiNetEKF,WIS,5.1309160223244,-0.845088662750699,13,8,0.6931859195287707
2024-10-23,ILI incidence,2024-10-20,1,NL,RIVM,KFdlm,WIS,3.33422954142502,-0.22322567813264182,13,3,0.9355297798117511
2024-10-23,ILI incidence,2024-10-20,1,NL,fjordhest,ensemble,WIS,3.59314347826087,-0.3311187945364038,13,4,0.9006064898549778
2024-10-23,ILI incidence,2024-10-20,1,NL,respicast,hubEnsemble,WIS,5.30574554998782,-0.8934277388646147,13,9,0.6696042523454154
2024-10-23,ILI incidence,2024-10-20,1,NL,respicast,quantileBaseline,WIS,2.85626086956522,0.0,13,1,1.0
2024-10-23,ILI incidence,2024-10-20,1,NL,safinea,syndromic,WIS,10.2700508405652,-1.8462436680476093,13,13,0.0
2024-10-23,ILI incidence,2024-10-20,1,NO,ECDC,SARIMA,WIS,3.4924081357853,-1.1999445235019126,18,17,0.03258481949416543
2024-10-23,ILI incidence,2024-10-20,1,NO,ECDC,soca_simplex,WIS,2.16500316273068,-0.5100914884868473,18,14,0.4461216315390572
2024-10-23,ILI incidence,2024-10-20,1,NO,ISI,FluABCaster,WIS,0.834382535718254,0.8654967774721651,18,4,0.8606602413121062
2024-10-23,ILI incidence,2024-10-20,1,NO,ISI,FluBcast,WIS,0.580517391304348,1.388866450500937,18,2,0.9397488274190704
2024-10-23,ILI incidence,2024-10-20,1,NO,ISI,RC_AdaptEns2,WIS,0.917232795310765,0.7289178000506645,18,5,0.8348492545187269
2024-10-23,ILI incidence,2024-10-20,1,NO,ISI,SEIR_BRW,WIS,0.387118148995501,1.9734317928046783,18,1,1.0
2024-10-23,ILI incidence,2024-10-20,1,NO,ItaLuxColab,EpiEKF,WIS,2.01580649589127,-0.4070795122715553,18,12,0.4926020314357923
2024-10-23,ILI incidence,2024-10-20,1,NO,ItaLuxColab,EpiNetEKF,WIS,1.06204004991419,0.5174394722988874,18,7,0.7897363224103964
2024-10-23,ILI incidence,2024-10-20,1,NO,MRC_GIDA,CATBoost,WIS,1.41193128673609,0.1066077641182876,18,8,0.6807319796702861
2024-10-23,ILI incidence,2024-10-20,1,NO,MRC_GIDA,NBEATS,WIS,1.4708250618833,0.047651979588598174,18,9,0.6623843431026597
2024-10-23,ILI incidence,2024-10-20,1,NO,MRC_GIDA,NHiTS,WIS,0.656685686950577,1.211002728146305,18,3,0.916019524907908
2024-10-23,ILI incidence,2024-10-20,1,NO,MRC_GIDA,Prophet,WIS,3.59700160892439,-1.2425171607668546,18,18,0.0
2024-10-23,ILI incidence,2024-10-20,1,NO,QMUL,ARIMA,WIS,1.51404260643714,0.005871839466979343,18,10,0.6489204447732179
2024-10-23,ILI incidence,2024-10-20,1,NO,RIVM,KFdlm,WIS,2.25066188518028,-0.5660716943320062,18,15,0.41943570243323924
2024-10-23,ILI incidence,2024-10-20,1,NO,fjordhest,ensemble,WIS,2.1291652173913,-0.4860102593007513,18,13,0.45728650583644803
2024-10-23,ILI incidence,2024-10-20,1,NO,respicast,hubEnsemble,WIS,1.04037144672411,0.5471789342372095,18,6,0.7964869111655907
2024-10-23,ILI incidence,2024-10-20,1,NO,respicast,quantileBaseline,WIS,1.52021739130435,0.0,18,11,0.6469967659405456
2024-10-23,ILI incidence,2024-10-20,1,NO,safinea,syndromic,WIS,3.36741777021739,-1.1473650725830167,18,16,0.0715240417831513
2024-10-23,ILI incidence,2024-10-20,1,PL,ECDC,SARIMA,WIS,17.0889081677456,-0.4919490401096129,17,8,0.9033110930576219
2024-10-23,ILI incidence,2024-10-20,1,PL,ECDC,soca_simplex,WIS,52.1357706621055,-2.1011623696561803,17,14,0.5547306548254197
2024-10-23,ILI incidence,2024-10-20,1,PL,ISI,FluABCaster,WIS,7.8958896033041,0.6219374602633099,17,2,0.9947459951229778
2024-10-23,ILI incidence,2024-10-20,1,PL,ISI,FluBcast,WIS,23.2459956521739,-0.935871035220701,17,10,0.8420719378008164
2024-10-23,ILI incidence,2024-10-20,1,PL,ISI,RC_AdaptEns2,WIS,59.9029904493995,-2.3015168421538665,17,15,0.4774769241173858
2024-10-23,ILI incidence,2024-10-20,1,PL,ItaLuxColab,EpiEKF,WIS,16.00356294226,-0.39728195008035133,17,7,0.9141060711927941
2024-10-23,ILI incidence,2024-10-20,1,PL,ItaLuxColab,EpiNetEKF,WIS,9.79886885428603,0.31042405971924053,17,3,0.9758187276290382
2024-10-23,ILI incidence,2024-10-20,1,PL,MRC_GIDA,CATBoost,WIS,27.4234165312268,-1.1742971354675276,17,12,0.8005227919697181
2024-10-23,ILI incidence,2024-10-20,1,PL,MRC_GIDA,NBEATS,WIS,11.0875818389569,0.1321664309180137,17,4,0.9630010285547088
2024-10-23,ILI incidence,2024-10-20,1,PL,MRC_GIDA,NHiTS,WIS,7.36764313197735,0.7218360960905974,17,1,1.0
2024-10-23,ILI incidence,2024-10-20,1,PL,MRC_GIDA,Prophet,WIS,45.9027264050643,-1.9174686612399192,17,13,0.616725285557052
2024-10-23,ILI incidence,2024-10-20,1,PL,QMUL,ARIMA,WIS,24.4260251522536,-1.0073079286884457,17,11,0.8303352181349432
2024-10-23,ILI incidence,2024-10-20,1,PL,RIVM,KFdlm,WIS,63.1346879575736,-2.377321695702151,17,16,0.44533406015018956
2024-10-23,ILI incidence,2024-10-20,1,PL,fjordhest,ensemble,WIS,20.3342173913043,-0.7427982822492172,17,9,0.8710328452821142
2024-10-23,ILI incidence,2024-10-20,1,PL,respicast,hubEnsemble,WIS,13.1329470814624,-0.11207951440342134,17,6,0.9426575723411257
2024-10-23,ILI incidence,2024-10-20,1,PL,respicast,quantileBaseline,WIS,12.1513043478261,0.0,17,5,0.9524211126390187
2024-10-23,ILI incidence,2024-10-20,1,PL,safinea,syndromic,WIS,107.90932204,-3.1506364120152344,17,17,0.0
2024-10-23,ILI incidence,2024-10-20,1,RO,ECDC,SARIMA,WIS,0.467856545527278,-1.709612514747697,14,14,0.0
2024-10-23,ILI incidence,2024-10-20,1,RO,ISI,FluABCaster,WIS,0.332452157967038,-1.2166930195378998,14,12,0.3158967136529709
2024-10-23,ILI incidence,2024-10-20,1,RO,ISI,FluBcast,WIS,0.0752565217391304,0.9265652062643348,14,5,0.9159308610998911
2024-10-23,ILI incidence,2024-10-20,1,RO,ISI,RC_AdaptEns2,WIS,0.17499049039869,-0.2908228002528717,14,8,0.6832527809667289
2024-10-23,ILI incidence,2024-10-20,1,RO,ISI,SEIR_BRW,WIS,0.199382498892291,-0.4790850577105645,14,10,0.6263465354501582
2024-10-23,ILI incidence,2024-10-20,1,RO,ItaLuxColab,EpiEKF,WIS,0.191205263566551,-0.4186685160970284,14,9,0.6454239214397299
2024-10-23,ILI incidence,2024-10-20,1,RO,ItaLuxColab,EpiNetEKF,WIS,0.0611702665274366,1.225551255564095,14,2,0.9487939153127498
2024-10-23,ILI incidence,2024-10-20,1,RO,MRC_GIDA,CATBoost,WIS,0.0717695157551937,0.9950106311183275,14,3,0.9240660017010314
2024-10-23,ILI incidence,2024-10-20,1,RO,MRC_GIDA,NBEATS,WIS,0.039221546465563,1.8667353970330893,14,1,1.0
2024-10-23,ILI incidence,2024-10-20,1,RO,MRC_GIDA,NHiTS,WIS,0.262855180504416,-0.8778144458810635,14,11,0.4782655767065486
2024-10-23,ILI incidence,2024-10-20,1,RO,MRC_GIDA,Prophet,WIS,0.44195669427593,-1.6274512893276412,14,13,0.06042402348861615
2024-10-23,ILI incidence,2024-10-20,1,RO,RIVM,KFdlm,WIS,0.0992817435531771,0.5268533658538539,14,6,0.859880324240703
2024-10-23,ILI incidence,2024-10-20,1,RO,respicast,hubEnsemble,WIS,0.0743259424015283,0.9445159670543346,14,4,0.9181018908563019
2024-10-23,ILI incidence,2024-10-20,1,RO,respicast,quantileBaseline,WIS,0.14304347826087,0.0,14,7,0.7577847538755027
2024-10-23,ILI incidence,2024-10-20,1,SI,ECDC,SARIMA,WIS,4.51956578226164,-0.5680949142585154,17,15,0.4482109571156637
2024-10-23,ILI incidence,2024-10-20,1,SI,ECDC,soca_simplex,WIS,2.20012957467505,0.47050076547460995,17,5,0.7665173513183362
2024-10-23,ILI incidence,2024-10-20,1,SI,ISI,FluABCaster,WIS,4.32025515655473,-0.5030272632689253,17,13,0.475563227631893
2024-10-23,ILI incidence,2024-10-20,1,SI,ISI,FluBcast,WIS,1.26635652173913,1.2674056290831377,17,2,0.8946631190318282
2024-10-23,ILI incidence,2024-10-20,1,SI,ISI,RC_AdaptEns2,WIS,7.78559103813249,-1.3527173067587779,17,17,0.0
2024-10-23,ILI incidence,2024-10-20,1,SI,ISI,SEIR_BRW,WIS,3.78986926722447,-0.3140588250507677,17,10,0.5483504072992993
2024-10-23,ILI incidence,2024-10-20,1,SI,ItaLuxColab,EpiEKF,WIS,2.28506433719922,0.4158544722685222,17,6,0.7548613816852419
2024-10-23,ILI incidence,2024-10-20,1,SI,ItaLuxColab,EpiNetEKF,WIS,4.08293751993947,-0.42151823260157395,17,11,0.5081313667963253
2024-10-23,ILI incidence,2024-10-20,1,SI,MRC_GIDA,CATBoost,WIS,0.498787348886601,2.6115924793681704,17,1,1.0
2024-10-23,ILI incidence,2024-10-20,1,SI,MRC_GIDA,NBEATS,WIS,4.11848764465858,-0.4340254027155881,17,12,0.503252667405593
2024-10-23,ILI incidence,2024-10-20,1,SI,MRC_GIDA,NHiTS,WIS,3.47369379446712,-0.18838132835582133,17,9,0.5917405528611968
2024-10-23,ILI incidence,2024-10-20,1,SI,MRC_GIDA,Prophet,WIS,1.41531173215208,1.1069694063968711,17,3,0.87422134280657
2024-10-23,ILI incidence,2024-10-20,1,SI,RIVM,KFdlm,WIS,4.43059800934295,-0.5394121782583493,17,14,0.46042039443726906
2024-10-23,ILI incidence,2024-10-20,1,SI,fjordhest,ensemble,WIS,3.44899565217391,-0.178087052160964,17,8,0.5951299871517979
2024-10-23,ILI incidence,2024-10-20,1,SI,respicast,hubEnsemble,WIS,2.0562057514804,0.568104624862268,17,4,0.7862686482288126
2024-10-23,ILI incidence,2024-10-20,1,SI,respicast,quantileBaseline,WIS,3.04847826086957,0.0,17,7,0.6500947437700444
2024-10-23,ILI incidence,2024-10-20,1,SI,safinea,syndromic,WIS,5.99354388833913,-0.975320040252751,17,16,0.2459304828587771
2024-10-23,ILI incidence,2024-10-27,2,AT,ECDC,SARIMA,WIS,583.311227056357,-0.2056324595994549,10,8,0.6428219420741497
2024-10-23,ILI incidence,2024-10-27,2,AT,ItaLuxColab,EpiEKF,WIS,225.835140722334,1.1633633906581098,10,1,1.0
2024-10-23,ILI incidence,2024-10-27,2,AT,ItaLuxColab,EpiNetEKF,WIS,486.421109935558,0.05642754162378096,10,6,0.7396312817430377
2024-10-23,ILI incidence,2024-10-27,2,AT,MRC_GIDA,CATBoost,WIS,336.733553877942,0.5870258965865549,10,3,0.8891940430360231
2024-10-23,ILI incidence,2024-10-27,2,AT,MRC_GIDA,NBEATS,WIS,1226.66953802519,-1.2780413549461804,10,10,0.0
2024-10-23,ILI incidence,2024-10-27,2,AT,MRC_GIDA,NHiTS,WIS,1037.79026542521,-1.0368096207866246,10,9,0.1887218036360359
2024-10-23,ILI incidence,2024-10-27,2,AT,MRC_GIDA,Prophet,WIS,415.112446867147,0.2851311917028512,10,4,0.8108804946603598
2024-10-23,ILI incidence,2024-10-27,2,AT,RIVM,KFdlm,WIS,483.980554014392,0.06368430030205421,10,5,0.74206980296867
2024-10-23,ILI incidence,2024-10-27,2,AT,respicast,hubEnsemble,WIS,302.014253124021,0.7440167454780353,10,2,0.9238843982511176
2024-10-23,ILI incidence,2024-10-27,2,AT,respicast,quantileBaseline,WIS,505.823260869565,0.0,10,7,0.720245306414558
2024-10-23,ILI incidence,2024-10-27,2,BE,ECDC,SARIMA,WIS,57.1146232176149,0.2870313812969619,18,2,0.9335490369792162
2024-10-23,ILI incidence,2024-10-27,2,BE,ECDC,soca_simplex,WIS,214.400131969167,-1.6213423372533824,18,18,0.0
2024-10-23,ILI incidence,2024-10-27,2,BE,ISI,FluABCaster,WIS,160.665140252424,-1.2050934827785844,18,17,0.3189375179406448
2024-10-23,ILI incidence,2024-10-27,2,BE,ISI,FluBcast,WIS,81.463033547939,-0.22525398745817624,18,8,0.7890320042514662
2024-10-23,ILI incidence,2024-10-27,2,BE,ISI,RC_AdaptEns2,WIS,137.881224162049,-0.9844625561100269,18,14,0.45416868509402036
2024-10-23,ILI incidence,2024-10-27,2,BE,ISI,SEIR_BRW,WIS,142.748613428905,-1.034513275654404,18,16,0.42527888717974455
2024-10-23,ILI incidence,2024-10-27,2,BE,ItaLuxColab,EpiEKF,WIS,95.5241103243127,-0.45497336447724285,18,11,0.7055741905744961
2024-10-23,ILI incidence,2024-10-27,2,BE,ItaLuxColab,EpiNetEKF,WIS,101.843974257038,-0.5473971671727691,18,12,0.6680634056645216
2024-10-23,ILI incidence,2024-10-27,2,BE,MRC_GIDA,CATBoost,WIS,90.441658645703,-0.3760958990443269,18,10,0.7357404653172904
2024-10-23,ILI incidence,2024-10-27,2,BE,MRC_GIDA,NBEATS,WIS,45.9188818995429,0.6018040378673042,18,1,1.0
2024-10-23,ILI incidence,2024-10-27,2,BE,MRC_GIDA,NHiTS,WIS,78.2339863441378,-0.1669039266520299,18,6,0.8081976218051514
2024-10-23,ILI incidence,2024-10-27,2,BE,MRC_GIDA,Prophet,WIS,61.4166559706126,0.1822615892151771,18,3,0.9080148439979802
2024-10-23,ILI incidence,2024-10-27,2,BE,QMUL,ARIMA,WIS,77.6266781065415,-0.15566099990174617,18,5,0.8118022260999637
2024-10-23,ILI incidence,2024-10-27,2,BE,RIVM,KFdlm,WIS,137.109686711127,-0.976367043632983,18,13,0.4587480519410918
2024-10-23,ILI incidence,2024-10-27,2,BE,fjordhest,ensemble,WIS,78.3169913043478,-0.1684337906935641,18,7,0.8077049559436642
2024-10-23,ILI incidence,2024-10-27,2,BE,respicast,hubEnsemble,WIS,88.5693726330738,-0.34591634835599583,18,9,0.7468531915812248
2024-10-23,ILI incidence,2024-10-27,2,BE,respicast,quantileBaseline,WIS,69.6870967391305,0.0,18,4,0.8589266471505553
2024-10-23,ILI incidence,2024-10-27,2,BE,safinea,syndromic,WIS,141.116725092348,-1.017925529091,18,15,0.4349647622304261
2024-10-23,ILI incidence,2024-10-27,2,CH,ECDC,SARIMA,WIS,1.97141011148209,1.077912952099649,11,1,1.0
2024-10-23,ILI incidence,2024-10-27,2,CH,ECDC,soca_simplex,WIS,3.6133679072386,0.2037967277371898,11,5,0.7746419150446369
2024-10-23,ILI incidence,2024-10-27,2,CH,ISI,FluABCaster,WIS,9.2574047367991,-1.153466915592126,11,11,0.0
2024-10-23,ILI incidence,2024-10-27,2,CH,ISI,FluBcast,WIS,8.16678162690413,-0.9726267688814547,11,9,0.1496876083472977
2024-10-23,ILI incidence,2024-10-27,2,CH,ISI,SEIR_BRW,WIS,3.32759758009305,0.32265990979702386,11,4,0.8138637841018236
2024-10-23,ILI incidence,2024-10-27,2,CH,ItaLuxColab,EpiEKF,WIS,4.33565448040857,-0.05910890630260796,11,7,0.6755083567161412
2024-10-23,ILI incidence,2024-10-27,2,CH,ItaLuxColab,EpiNetEKF,WIS,2.85317056940873,0.5445748855647673,11,2,0.8789787114496704
2024-10-23,ILI incidence,2024-10-27,2,CH,RIVM,KFdlm,WIS,5.43910175288326,-0.3862275326615483,11,8,0.5240606369167762
2024-10-23,ILI incidence,2024-10-27,2,CH,respicast,hubEnsemble,WIS,3.12319403578776,0.4141186798756555,11,3,0.8419180930626123
2024-10-23,ILI incidence,2024-10-27,2,CH,respicast,quantileBaseline,WIS,4.1616074378167,0.0,11,6,0.6993962473257636
2024-10-23,ILI incidence,2024-10-27,2,CH,safinea,syndromic,WIS,8.4267981455,-1.0178436846105106,11,10,0.11400043974956414
2024-10-23,ILI incidence,2024-10-27,2,CZ,ECDC,SARIMA,WIS,5.09902338305969,-1.0519961749182274,17,14,0.6194941405184214
2024-10-23,ILI incidence,2024-10-27,2,CZ,ECDC,soca_simplex,WIS,1.24784789208519,0.9787826930865675,17,3,0.9488431374925023
2024-10-23,ILI incidence,2024-10-27,2,CZ,ISI,FluABCaster,WIS,2.22933345421742,0.14161235403572636,17,7,0.8649073921102536
2024-10-23,ILI incidence,2024-10-27,2,CZ,ISI,FluBcast,WIS,5.12966547016951,-1.0606399649469498,17,15,0.6168736573234949
2024-10-23,ILI incidence,2024-10-27,2,CZ,ISI,RC_AdaptEns2,WIS,2.48103996700281,-0.01272019678871044,17,9,0.8433816819181338
2024-10-23,ILI incidence,2024-10-27,2,CZ,ItaLuxColab,EpiEKF,WIS,3.26322769697132,-0.40807487835090944,17,11,0.7764897044130069
2024-10-23,ILI incidence,2024-10-27,2,CZ,ItaLuxColab,EpiNetEKF,WIS,3.77624917003238,-0.6187291829062043,17,13,0.7326165784090629
2024-10-23,ILI incidence,2024-10-27,2,CZ,MRC_GIDA,CATBoost,WIS,0.649655528075858,1.9204779244303303,17,1,1.0
2024-10-23,ILI incidence,2024-10-27,2,CZ,MRC_GIDA,NBEATS,WIS,1.72578505847435,0.5109719867417478,17,4,0.907970389227511
2024-10-23,ILI incidence,2024-10-27,2,CZ,MRC_GIDA,NHiTS,WIS,0.65390661232755,1.91106826190664,17,2,0.9996364511724724
2024-10-23,ILI incidence,2024-10-27,2,CZ,MRC_GIDA,Prophet,WIS,3.40635577120469,-0.4700043438249185,17,12,0.7642495227339154
2024-10-23,ILI incidence,2024-10-27,2,CZ,QMUL,ARIMA,WIS,2.19705086625468,0.16265650745173538,17,6,0.8676681694340015
2024-10-23,ILI incidence,2024-10-27,2,CZ,RIVM,KFdlm,WIS,8.51542639568523,-1.7918539932828983,17,16,0.3273264872643931
2024-10-23,ILI incidence,2024-10-27,2,CZ,fjordhest,ensemble,WIS,3.24371739130435,-0.39942335134345763,17,10,0.7781582078652991
2024-10-23,ILI incidence,2024-10-27,2,CZ,respicast,hubEnsemble,WIS,2.17898168962548,0.17457070568332786,17,5,0.8692134288523067
2024-10-23,ILI incidence,2024-10-27,2,CZ,respicast,quantileBaseline,WIS,2.45926086956522,0.0,17,8,0.8452442103624701
2024-10-23,ILI incidence,2024-10-27,2,CZ,safinea,syndromic,WIS,12.3429520808435,-2.3273908030412507,17,17,0.0
2024-10-23,ILI incidence,2024-10-27,2,DK,ECDC,SARIMA,WIS,8.68270614120894,0.20393826158953435,16,7,0.8078027434390082
2024-10-23,ILI incidence,2024-10-27,2,DK,ECDC,soca_simplex,WIS,5.13882753105299,0.9606437861389305,16,3,0.9186282350343145
2024-10-23,ILI incidence,2024-10-27,2,DK,ISI,FluABCaster,WIS,5.51560198624622,0.858564665807293,16,4,0.9068456039651577
2024-10-23,ILI incidence,2024-10-27,2,DK,ISI,RC_AdaptEns2,WIS,2.53679389076419,1.9790767112838075,16,1,1.0
2024-10-23,ILI incidence,2024-10-27,2,DK,ItaLuxColab,EpiEKF,WIS,11.3234685661848,-0.17916102269739553,16,10,0.7252198374964471
2024-10-23,ILI incidence,2024-10-27,2,DK,ItaLuxColab,EpiNetEKF,WIS,6.58095860599044,0.6037852720789705,16,5,0.8735293750263027
2024-10-23,ILI incidence,2024-10-27,2,DK,MRC_GIDA,CATBoost,WIS,16.753331042212,-0.7442930486163895,16,12,0.5554151561295139
2024-10-23,ILI incidence,2024-10-27,2,DK,MRC_GIDA,NBEATS,WIS,26.8507501049565,-1.4248074674477622,16,14,0.23964490703985009
2024-10-23,ILI incidence,2024-10-27,2,DK,MRC_GIDA,NHiTS,WIS,11.3604862588154,-0.18386966273856475,16,11,0.7240622064275518
2024-10-23,ILI incidence,2024-10-27,2,DK,MRC_GIDA,Prophet,WIS,31.3290069892513,-1.6473441178867325,16,15,0.09959919010424778
2024-10-23,ILI incidence,2024-10-27,2,DK,QMUL,ARIMA,WIS,3.81478274516645,1.3904821226722013,16,2,0.9600342566371877
2024-10-23,ILI incidence,2024-10-27,2,DK,RIVM,KFdlm,WIS,18.3729688739013,-0.8774298446842836,16,13,0.50476523872294
2024-10-23,ILI incidence,2024-10-27,2,DK,fjordhest,ensemble,WIS,11.0333782608696,-0.14171966634422195,16,9,0.7342916495504651
2024-10-23,ILI incidence,2024-10-27,2,DK,respicast,hubEnsemble,WIS,7.84692888205648,0.3499548945815162,16,6,0.8339394811207971
2024-10-23,ILI incidence,2024-10-27,2,DK,respicast,quantileBaseline,WIS,10.0010739130435,0.0,16,8,0.7665742555336214
2024-10-23,ILI incidence,2024-10-27,2,DK,safinea,syndromic,WIS,34.5139009546957,-1.7870226198920816,16,16,0.0
2024-10-23,ILI incidence,2024-10-27,2,EE,ItaLuxColab,EpiEKF,WIS,40.4652902747959,-1.474109649845005,6,3,0.7673715231579081
2024-10-23,ILI incidence,2024-10-27,2,EE,ItaLuxColab,EpiNetEKF,WIS,25.7061280039957,-0.819537025282934,6,2,0.899937395741875
2024-10-23,ILI incidence,2024-10-27,2,EE,RIVM,KFdlm,WIS,125.900256390264,-3.1116340212068816,6,6,0.0
2024-10-23,ILI incidence,2024-10-27,2,EE,respicast,hubEnsemble,WIS,105.399367021413,-2.8552190030220514,6,4,0.1841377063321466
2024-10-23,ILI incidence,2024-10-27,2,EE,respicast,quantileBaseline,WIS,14.5657026086957,0.0,6,1,1.0
2024-10-23,ILI incidence,2024-10-27,2,EE,safinea,syndromic,WIS,112.65832082013,-2.95130667354624,6,5,0.11893823723508054
2024-10-23,ILI incidence,2024-10-27,2,FR,ECDC,SARIMA,WIS,28.0224154383315,0.25781100356973147,18,5,0.684310211363228
2024-10-23,ILI incidence,2024-10-27,2,FR,ECDC,soca_simplex,WIS,48.1871277230294,-0.5242554891336053,18,12,0.3878885224071659
2024-10-23,ILI incidence,2024-10-27,2,FR,ISI,FluABCaster,WIS,54.6933746551652,-0.7069737609016034,18,13,0.2922465575152386
2024-10-23,ILI incidence,2024-10-27,2,FR,ISI,FluBcast,WIS,70.7344263164329,-1.0780202228301254,18,17,0.05644276527999251
2024-10-23,ILI incidence,2024-10-27,2,FR,ISI,RC_AdaptEns2,WIS,60.4344039415318,-0.8509777569436995,18,15,0.2078533078926096
2024-10-23,ILI incidence,2024-10-27,2,FR,ISI,SEIR_BRW,WIS,57.7375666793837,-0.7851179870229337,18,14,0.24749687159930392
2024-10-23,ILI incidence,2024-10-27,2,FR,ItaLuxColab,EpiEKF,WIS,30.4842910694177,0.13632632453672977,18,6,0.6481205885080524
2024-10-23,ILI incidence,2024-10-27,2,FR,ItaLuxColab,EpiNetEKF,WIS,44.218240080091,-0.40024928574880403,18,11,0.44623125310357215
2024-10-23,ILI incidence,2024-10-27,2,FR,MRC_GIDA,CATBoost,WIS,20.3459268247554,0.7196523187031405,18,4,0.797154753252128
2024-10-23,ILI incidence,2024-10-27,2,FR,MRC_GIDA,NBEATS,WIS,11.1727787307273,1.5844042836413712,18,2,0.9320002205558846
2024-10-23,ILI incidence,2024-10-27,2,FR,MRC_GIDA,NHiTS,WIS,6.54694992331924,2.355497471063696,18,1,1.0
2024-10-23,ILI incidence,2024-10-27,2,FR,MRC_GIDA,Prophet,WIS,12.5855189329621,1.4126276164656288,18,3,0.911232910271951
2024-10-23,ILI incidence,2024-10-27,2,FR,QMUL,ARIMA,WIS,39.2450923020817,-0.228119932447443,18,9,0.5193366286215888
2024-10-23,ILI incidence,2024-10-27,2,FR,RIVM,KFdlm,WIS,65.0033095297171,-0.9561208521260236,18,16,0.1406903009520934
2024-10-23,ILI incidence,2024-10-27,2,FR,fjordhest,ensemble,WIS,40.2238913043478,-0.2636603361530642,18,10,0.5049482629804684
2024-10-23,ILI incidence,2024-10-27,2,FR,respicast,hubEnsemble,WIS,34.781354530392,-0.05392179809738323,18,8,0.5849536664776315
2024-10-23,ILI incidence,2024-10-27,2,FR,respicast,quantileBaseline,WIS,33.5053695652174,0.0,18,7,0.6037106719394262
2024-10-23,ILI incidence,2024-10-27,2,FR,safinea,syndromic,WIS,74.5740647937391,-1.1542816601818537,18,18,0.0
2024-10-23,ILI incidence,2024-10-27,2,GB-ENG,ECDC,SARIMA,WIS,0.0847318944417164,1.7869870022685177,8,2,0.9605807305879593
2024-10-23,ILI incidence,2024-10-27,2,GB-ENG,ECDC,soca_simplex,WIS,0.504876149496957,-0.7879654929619218,8,8,0.0
2024-10-23,ILI incidence,2024-10-27,2,GB-ENG,ISI,FluABCaster,WIS,0.067490470525367,2.1152083157239643,8,1,1.0
2024-10-23,ILI incidence,2024-10-27,2,GB-ENG,ISI,SEIR_BRW,WIS,0.286505989954205,0.02939873109466052,8,4,0.4992622530673576
2024-10-23,ILI incidence,2024-10-27,2,GB-ENG,ItaLuxColab,EpiEKF,WIS,0.344837546466923,-0.23795283325299757,8,6,0.36589813229899826
2024-10-23,ILI incidence,2024-10-27,2,GB-ENG,RIVM,KFdlm,WIS,0.463850009909428,-0.6656943396046091,8,7,0.09379854339079505
2024-10-23,ILI incidence,2024-10-27,2,GB-ENG,respicast,hubEnsemble,WIS,0.183098746639154,0.675342117155671,8,3,0.7356834444474434
2024-10-23,ILI incidence,2024-10-27,2,GB-ENG,respicast,quantileBaseline,WIS,0.292404199764179,0.0,8,5,0.4857771069056401
2024-10-23,ILI incidence,2024-10-27,2,GB-NIR,ISI,FluABCaster,WIS,0.343435895261529,0.705086523863659,7,2,0.9204194069916363
2024-10-23,ILI incidence,2024-10-27,2,GB-NIR,ISI,SEIR_BRW,WIS,0.872860084676463,-0.6406230564235981,7,6,0.052301020746975055
2024-10-23,ILI incidence,2024-10-27,2,GB-NIR,ItaLuxColab,EpiEKF,WIS,0.791140847228458,-0.49880720252925054,7,5,0.18629937963742224
2024-10-23,ILI incidence,2024-10-27,2,GB-NIR,RIVM,KFdlm,WIS,0.508883697206563,0.1377913854814312,7,3,0.6491279138866978
2024-10-23,ILI incidence,2024-10-27,2,GB-NIR,respicast,hubEnsemble,WIS,0.294903469714285,0.9248845621422194,7,1,1.0
2024-10-23,ILI incidence,2024-10-27,2,GB-NIR,respicast,quantileBaseline,WIS,0.559883769697939,0.0,7,4,0.5655010197727336
2024-10-23,ILI incidence,2024-10-27,2,GB-NIR,safinea,syndromic,WIS,0.904755994212858,-0.6924014020052259,7,7,0.0
2024-10-23,ILI incidence,2024-10-27,2,GB-SCT,ECDC,SARIMA,WIS,0.163138369830173,1.8741884959799295,9,4,0.8571877615471767
2024-10-23,ILI incidence,2024-10-27,2,GB-SCT,ECDC,soca_simplex,WIS,0.0906783986573245,2.7214538180087597,9,1,1.0
2024-10-23,ILI incidence,2024-10-27,2,GB-SCT,ISI,FluABCaster,WIS,0.131700592516322,2.183022800789595,9,2,0.9191488592056697
2024-10-23,ILI incidence,2024-10-27,2,GB-SCT,ISI,SEIR_BRW,WIS,0.372440532598911,0.6832745474943748,9,8,0.44467158338423135
2024-10-23,ILI incidence,2024-10-27,2,GB-SCT,ItaLuxColab,EpiEKF,WIS,0.346239950490697,0.7885124390482114,9,7,0.4963106293164372
2024-10-23,ILI incidence,2024-10-27,2,GB-SCT,RIVM,KFdlm,WIS,0.269288136666604,1.1511339628903463,9,5,0.6479758950810139
2024-10-23,ILI incidence,2024-10-27,2,GB-SCT,respicast,hubEnsemble,WIS,0.139377730193327,2.1012845715671875,9,3,0.9040178951876434
2024-10-23,ILI incidence,2024-10-27,2,GB-SCT,respicast,quantileBaseline,WIS,0.598057681818585,0.0,9,9,0.0
2024-10-23,ILI incidence,2024-10-27,2,GB-SCT,safinea,syndromic,WIS,0.283929016569374,1.074754341962734,9,6,0.619120006816225
2024-10-23,ILI incidence,2024-10-27,2,GB-WLS,respicast,quantileBaseline,WIS,1.30830502965706,0.0,1,1,0.0
2024-10-23,ILI incidence,2024-10-27,2,GR,ECDC,SARIMA,WIS,105.990233886264,0.10576077012694562,17,2,0.990687956166491
2024-10-23,ILI incidence,2024-10-27,2,GR,ECDC,soca_simplex,WIS,176.873688069974,-0.6330273382874698,17,13,0.8542225843692268
2024-10-23,ILI incidence,2024-10-27,2,GR,ISI,FluABCaster,WIS,232.414206122165,-1.027006146198699,17,14,0.747295551353012
2024-10-23,ILI incidence,2024-10-27,2,GR,ISI,FluBcast,WIS,107.205821610765,0.08930885798839783,17,3,0.988347697319253
2024-10-23,ILI incidence,2024-10-27,2,GR,ISI,RC_AdaptEns2,WIS,245.724955318592,-1.1073522735116275,17,15,0.7216695945072464
2024-10-23,ILI incidence,2024-10-27,2,GR,ItaLuxColab,EpiEKF,WIS,112.304870469487,0.022271612452357127,17,4,0.9785309691937517
2024-10-23,ILI incidence,2024-10-27,2,GR,ItaLuxColab,EpiNetEKF,WIS,144.87323461485,-0.3450989723007931,17,10,0.9158301037646083
2024-10-23,ILI incidence,2024-10-27,2,GR,MRC_GIDA,CATBoost,WIS,101.153330401255,0.17314828837213164,17,1,1.0
2024-10-23,ILI incidence,2024-10-27,2,GR,MRC_GIDA,NBEATS,WIS,155.970586995519,-0.4515818818925247,17,11,0.8944653955117015
2024-10-23,ILI incidence,2024-10-27,2,GR,MRC_GIDA,NHiTS,WIS,164.973341432148,-0.5325408048615214,17,12,0.8771332233490702
2024-10-23,ILI incidence,2024-10-27,2,GR,MRC_GIDA,Prophet,WIS,620.577806003871,-2.4439199932985267,17,17,0.0
2024-10-23,ILI incidence,2024-10-27,2,GR,QMUL,ARIMA,WIS,136.599338125227,-0.2602583844935438,17,7,0.9317590729954555
2024-10-23,ILI incidence,2024-10-27,2,GR,RIVM,KFdlm,WIS,144.50745951413,-0.34145185820072815,17,9,0.9165342968049837
2024-10-23,ILI incidence,2024-10-27,2,GR,fjordhest,ensemble,WIS,134.141865217391,-0.23406745895232234,17,6,0.9364902187601692
2024-10-23,ILI incidence,2024-10-27,2,GR,respicast,hubEnsemble,WIS,141.577136329301,-0.3118961907922963,17,8,0.9221757775639129
2024-10-23,ILI incidence,2024-10-27,2,GR,respicast,quantileBaseline,WIS,114.052028695652,0.0,17,5,0.9751673267236158
2024-10-23,ILI incidence,2024-10-27,2,GR,safinea,syndromic,WIS,374.373144751739,-1.714784839725964,17,16,0.4739951096191511
2024-10-23,ILI incidence,2024-10-27,2,HR,ECDC,SARIMA,WIS,3.49684175058028,-2.71724722033978,10,10,0.0
2024-10-23,ILI incidence,2024-10-27,2,HR,ECDC,soca_simplex,WIS,0.686576275989219,-0.36868662419838777,10,8,0.8310741364728206
2024-10-23,ILI incidence,2024-10-27,2,HR,ISI,FluABCaster,WIS,0.115355850275202,2.204642210763847,10,1,1.0
2024-10-23,ILI incidence,2024-10-27,2,HR,ISI,FluBcast,WIS,0.178156730379793,1.5775863965296584,10,2,0.9814280224859357
2024-10-23,ILI incidence,2024-10-27,2,HR,ISI,SEIR_BRW,WIS,0.3239061222625,0.7151576456872647,10,5,0.9383258490096076
2024-10-23,ILI incidence,2024-10-27,2,HR,ItaLuxColab,EpiEKF,WIS,0.938861432711606,-0.8201788621486844,10,9,0.7564663562955838
2024-10-23,ILI incidence,2024-10-27,2,HR,ItaLuxColab,EpiNetEKF,WIS,0.440632182646996,0.27115851331906676,10,6,0.9038066867756427
2024-10-23,ILI incidence,2024-10-27,2,HR,RIVM,KFdlm,WIS,0.285347165839667,0.8980151491880243,10,4,0.9497288113639247
2024-10-23,ILI incidence,2024-10-27,2,HR,respicast,hubEnsemble,WIS,0.253116486410452,1.0709319044010557,10,3,0.9592603251361121
2024-10-23,ILI incidence,2024-10-27,2,HR,respicast,quantileBaseline,WIS,0.531744565217391,0.0,10,7,0.8768622057821911
2024-10-23,ILI incidence,2024-10-27,2,HU,ECDC,SARIMA,WIS,24.4265539580951,0.02896766663441094,13,4,0.7316912384631634
2024-10-23,ILI incidence,2024-10-27,2,HU,ECDC,soca_simplex,WIS,6.86347849545147,1.8604061700288432,13,1,1.0
2024-10-23,ILI incidence,2024-10-27,2,HU,ISI,RC_AdaptEns2,WIS,47.9150808116979,-0.9430617893427694,13,11,0.37286014627663133
2024-10-23,ILI incidence,2024-10-27,2,HU,ItaLuxColab,EpiEKF,WIS,30.0418149438647,-0.26955396184513475,13,7,0.6459076452648923
2024-10-23,ILI incidence,2024-10-27,2,HU,ItaLuxColab,EpiNetEKF,WIS,46.7752091767452,-0.908326092645695,13,10,0.390273813224407
2024-10-23,ILI incidence,2024-10-27,2,HU,MRC_GIDA,CATBoost,WIS,11.9376414350609,1.0619001864607218,13,2,0.9224826894891796
2024-10-23,ILI incidence,2024-10-27,2,HU,MRC_GIDA,NBEATS,WIS,57.2627348467398,-1.2001785620511387,13,12,0.2300572822365888
2024-10-23,ILI incidence,2024-10-27,2,HU,MRC_GIDA,NHiTS,WIS,33.7022272433216,-0.43542592390796986,13,9,0.5899880147383118
2024-10-23,ILI incidence,2024-10-27,2,HU,MRC_GIDA,Prophet,WIS,26.3907064880545,-0.08261196010511535,13,6,0.7016851422128928
2024-10-23,ILI incidence,2024-10-27,2,HU,QMUL,ARIMA,WIS,31.1605190038529,-0.32230125035637774,13,8,0.628817352536828
2024-10-23,ILI incidence,2024-10-27,2,HU,RIVM,KFdlm,WIS,72.3219277911237,-1.5370151217965062,13,13,0.0
2024-10-23,ILI incidence,2024-10-27,2,HU,respicast,hubEnsemble,WIS,16.0511983157604,0.6347370055212473,13,3,0.8596404296287481
2024-10-23,ILI incidence,2024-10-27,2,HU,respicast,quantileBaseline,WIS,24.9219682608696,0.0,13,5,0.7241228602307866
2024-10-23,ILI incidence,2024-10-27,2,IE,ECDC,SARIMA,WIS,4.23174922309772,-0.8388565544677941,18,13,0.6463193579946255
2024-10-23,ILI incidence,2024-10-27,2,IE,ECDC,soca_simplex,WIS,4.02373290046257,-0.7661369605027112,18,10,0.6756365172214142
2024-10-23,ILI incidence,2024-10-27,2,IE,ISI,FluABCaster,WIS,6.52109946974123,-1.4627176458495459,18,16,0.32366561209384775
2024-10-23,ILI incidence,2024-10-27,2,IE,ISI,FluBcast,WIS,8.81762928937314,-1.8979932442319543,18,18,0.0
2024-10-23,ILI incidence,2024-10-27,2,IE,ISI,RC_AdaptEns2,WIS,4.11728563062506,-0.7992959567387732,18,12,0.6624514928371255
2024-10-23,ILI incidence,2024-10-27,2,IE,ISI,SEIR_BRW,WIS,6.5147061039236,-1.4613025161366777,18,15,0.32456667274762796
2024-10-23,ILI incidence,2024-10-27,2,IE,ItaLuxColab,EpiEKF,WIS,3.19463684593972,-0.4332543602204473,18,6,0.7924866794434504
2024-10-23,ILI incidence,2024-10-27,2,IE,ItaLuxColab,EpiNetEKF,WIS,4.65614582808049,-0.976738663181435,18,14,0.5865062496482615
2024-10-23,ILI incidence,2024-10-27,2,IE,MRC_GIDA,CATBoost,WIS,3.64007996664008,-0.6215725642018387,18,8,0.7297073420788766
2024-10-23,ILI incidence,2024-10-27,2,IE,MRC_GIDA,NBEATS,WIS,3.1756422040222,-0.4246507946004321,18,5,0.7951637238912003
2024-10-23,ILI incidence,2024-10-27,2,IE,MRC_GIDA,NHiTS,WIS,3.03611614776051,-0.3598294024129983,18,4,0.8148280827063709
2024-10-23,ILI incidence,2024-10-27,2,IE,MRC_GIDA,Prophet,WIS,1.72225142462171,0.4581018088263496,18,1,1.0
2024-10-23,ILI incidence,2024-10-27,2,IE,QMUL,ARIMA,WIS,3.98043558937576,-0.7505287370276299,18,9,0.6817387026035209
2024-10-23,ILI incidence,2024-10-27,2,IE,RIVM,KFdlm,WIS,3.45191560339083,-0.54499961195889,18,7,0.7562266292593404
2024-10-23,ILI incidence,2024-10-27,2,IE,fjordhest,ensemble,WIS,2.85385652173913,-0.27051522459286315,18,3,0.8405151749931413
2024-10-23,ILI incidence,2024-10-27,2,IE,respicast,hubEnsemble,WIS,4.06649075122354,-0.7813867524174081,18,11,0.669610361662683
2024-10-23,ILI incidence,2024-10-27,2,IE,respicast,quantileBaseline,WIS,2.36591391304348,0.0,18,2,0.9092842550895887
2024-10-23,ILI incidence,2024-10-27,2,IE,safinea,syndromic,WIS,8.36306770875652,-1.8216346630743363,18,17,0.06406446411752109
2024-10-23,ILI incidence,2024-10-27,2,IS,respicast,quantileBaseline,WIS,0.80904347826087,0.0,1,1,0.0
2024-10-23,ILI incidence,2024-10-27,2,IT,respicast,quantileBaseline,WIS,145.056145434783,0.0,1,1,0.0
2024-10-23,ILI incidence,2024-10-27,2,LT,ECDC,SARIMA,WIS,4.94281415338751,-1.076828472580785,16,16,0.0
2024-10-23,ILI incidence,2024-10-27,2,LT,ECDC,soca_simplex,WIS,2.50512642560426,-0.09637922287943314,16,14,0.5863587591027987
2024-10-23,ILI incidence,2024-10-27,2,LT,ISI,FluABCaster,WIS,0.785482673402094,1.57685283327457,16,1,1.0
2024-10-23,ILI incidence,2024-10-27,2,LT,ISI,FluBcast,WIS,1.16131624229296,1.0127432992250247,16,6,0.909597401434012
2024-10-23,ILI incidence,2024-10-27,2,LT,ISI,SEIR_BRW,WIS,1.7134428771102,0.4516060945359435,16,9,0.7767894602161093
2024-10-23,ILI incidence,2024-10-27,2,LT,ItaLuxColab,EpiEKF,WIS,1.28198804841032,0.8701213783104013,16,8,0.8805711362207836
2024-10-23,ILI incidence,2024-10-27,2,LT,ItaLuxColab,EpiNetEKF,WIS,1.01746693628273,1.2035222772402245,16,2,0.9441987573044212
2024-10-23,ILI incidence,2024-10-27,2,LT,MRC_GIDA,CATBoost,WIS,1.98925481942733,0.23627609625737997,16,11,0.7104459550987118
2024-10-23,ILI incidence,2024-10-27,2,LT,MRC_GIDA,NBEATS,WIS,1.93939930487782,0.27289431855318136,16,10,0.7224381464333526
2024-10-23,ILI incidence,2024-10-27,2,LT,MRC_GIDA,NHiTS,WIS,2.3815882981542,-0.023419847560381363,16,13,0.6160744861370292
2024-10-23,ILI incidence,2024-10-27,2,LT,MRC_GIDA,Prophet,WIS,1.15934750304143,1.0151911256644068,16,5,0.9100709598358397
2024-10-23,ILI incidence,2024-10-27,2,LT,RIVM,KFdlm,WIS,1.08742652118691,1.1075862710275766,16,3,0.9273707547164665
2024-10-23,ILI incidence,2024-10-27,2,LT,fjordhest,ensemble,WIS,2.83621304347826,-0.27546171484801263,16,15,0.5067195435463905
2024-10-23,ILI incidence,2024-10-27,2,LT,respicast,hubEnsemble,WIS,1.21654776840703,0.9457112209263261,16,7,0.8963120701151192
2024-10-23,ILI incidence,2024-10-27,2,LT,respicast,quantileBaseline,WIS,2.34323913043478,0.0,16,12,0.6252989532992085
2024-10-23,ILI incidence,2024-10-27,2,LT,safinea,syndromic,WIS,1.11640947681739,1.069637914404725,16,4,0.9203992260399556
2024-10-23,ILI incidence,2024-10-27,2,LU,ECDC,SARIMA,WIS,550.182116201881,0.536638272208174,14,3,0.9958201421976086
2024-10-23,ILI incidence,2024-10-27,2,LU,ECDC,soca_simplex,WIS,1134.64483297997,-0.5076213525520211,14,11,0.9879921115115194
2024-10-23,ILI incidence,2024-10-27,2,LU,ISI,FluABCaster,WIS,1114.49210123766,-0.4817669691942397,14,10,0.9882620281340151
2024-10-23,ILI incidence,2024-10-27,2,LU,ItaLuxColab,EpiEKF,WIS,740.307244827442,0.10842337026485764,14,7,0.9932736917597055
2024-10-23,ILI incidence,2024-10-27,2,LU,ItaLuxColab,EpiNetEKF,WIS,1271.47402993507,-0.6718825724488738,14,12,0.9861594828052404
2024-10-23,ILI incidence,2024-10-27,2,LU,MRC_GIDA,CATBoost,WIS,633.567533008267,0.33304911067910936,14,4,0.9947033154389556
2024-10-23,ILI incidence,2024-10-27,2,LU,MRC_GIDA,NBEATS,WIS,1049.2725561825,-0.394770054533709,14,9,0.9891355493790295
2024-10-23,ILI incidence,2024-10-27,2,LU,MRC_GIDA,NHiTS,WIS,238.102214513061,1.7449664787664387,14,1,1.0
2024-10-23,ILI incidence,2024-10-27,2,LU,MRC_GIDA,Prophet,WIS,1467.57316872227,-0.8788130109051361,14,13,0.9835330191628645
2024-10-23,ILI incidence,2024-10-27,2,LU,QMUL,ARIMA,WIS,647.545604726374,0.30156571635305396,14,6,0.9945160994349224
2024-10-23,ILI incidence,2024-10-27,2,LU,RIVM,KFdlm,WIS,74900.9056979891,-6.552291836074816,14,14,0.0
2024-10-23,ILI incidence,2024-10-27,2,LU,fjordhest,ensemble,WIS,633.982230434783,0.33210511311892704,14,5,0.9946977611681922
2024-10-23,ILI incidence,2024-10-27,2,LU,respicast,hubEnsemble,WIS,348.575143245364,1.1950778223626273,14,2,0.9985203752929427
2024-10-23,ILI incidence,2024-10-27,2,LU,respicast,quantileBaseline,WIS,798.087826086958,0.0,14,8,0.9924998046490735
2024-10-23,ILI incidence,2024-10-27,2,LV,ECDC,SARIMA,WIS,441.951213306271,0.7621754235038698,10,8,0.5988164794974815
2024-10-23,ILI incidence,2024-10-27,2,LV,ItaLuxColab,EpiEKF,WIS,1100.54030336667,-0.5540775308627011,10,10,0.0
2024-10-23,ILI incidence,2024-10-27,2,LV,ItaLuxColab,EpiNetEKF,WIS,320.445074239264,1.2259854503224819,10,7,0.7092948939315314
2024-10-23,ILI incidence,2024-10-27,2,LV,MRC_GIDA,CATBoost,WIS,17.113846545131,5.45282657914478,10,6,0.9850962101555695
2024-10-23,ILI incidence,2024-10-27,2,LV,MRC_GIDA,NBEATS,WIS,8.47222543461743,6.467177755529346,10,4,0.9929535300059095
2024-10-23,ILI incidence,2024-10-27,2,LV,MRC_GIDA,NHiTS,WIS,0.722391519825422,10.019065871368179,10,1,1.0
2024-10-23,ILI incidence,2024-10-27,2,LV,MRC_GIDA,Prophet,WIS,7.39612263594984,6.663149587130074,10,3,0.9939319672427248
2024-10-23,ILI incidence,2024-10-27,2,LV,RIVM,KFdlm,WIS,11.3291901731685,6.047945899749001,10,5,0.9903558593299032
2024-10-23,ILI incidence,2024-10-27,2,LV,respicast,hubEnsemble,WIS,5.21453143652634,7.167381111605971,10,2,0.9959155603229286
2024-10-23,ILI incidence,2024-10-27,2,LV,respicast,quantileBaseline,WIS,749.569652173913,0.0,10,9,0.3191170532978476
2024-10-23,ILI incidence,2024-10-27,2,MT,ECDC,SARIMA,WIS,470.041980088542,0.19703008814477999,9,3,0.7207870917123362
2024-10-23,ILI incidence,2024-10-27,2,MT,ECDC,soca_simplex,WIS,241.210412570975,1.159527512904451,9,1,1.0
2024-10-23,ILI incidence,2024-10-27,2,MT,ISI,FluABCaster,WIS,650.573654523939,-0.27189270078099376,9,6,0.5005081572804457
2024-10-23,ILI incidence,2024-10-27,2,MT,ISI,FluBcast,WIS,921.23560643218,-0.7737504736848152,9,8,0.17025516126706042
2024-10-23,ILI incidence,2024-10-27,2,MT,ItaLuxColab,EpiEKF,WIS,825.552428692465,-0.6155401401207499,9,7,0.2870046929017652
2024-10-23,ILI incidence,2024-10-27,2,MT,ItaLuxColab,EpiNetEKF,WIS,558.361376117039,-0.05137944880126175,9,5,0.6130226093428595
2024-10-23,ILI incidence,2024-10-27,2,MT,RIVM,KFdlm,WIS,1060.76982664294,-0.977220039155465,9,9,0.0
2024-10-23,ILI incidence,2024-10-27,2,MT,respicast,hubEnsemble,WIS,368.464649619606,0.5482934854858807,9,2,0.8447284786634677
2024-10-23,ILI incidence,2024-10-27,2,MT,respicast,quantileBaseline,WIS,538.826086956522,0.0,9,4,0.6368589399676964
2024-10-23,ILI incidence,2024-10-27,2,NL,ECDC,SARIMA,WIS,6.49841099437439,-0.09368081199727975,13,2,0.9746422161548645
2024-10-23,ILI incidence,2024-10-27,2,NL,ECDC,soca_simplex,WIS,12.5901203611807,-1.0478139918025537,13,8,0.5965556401711265
2024-10-23,ILI incidence,2024-10-27,2,NL,ISI,FluABCaster,WIS,17.0305393864126,-1.4836460449256552,13,11,0.320957655419738
2024-10-23,ILI incidence,2024-10-27,2,NL,ISI,FluBcast,WIS,22.2017908406105,-1.8661979684781214,13,13,0.0
2024-10-23,ILI incidence,2024-10-27,2,NL,ISI,RC_AdaptEns2,WIS,11.1472688708964,-0.8722122034693813,13,6,0.6861073155329181
2024-10-23,ILI incidence,2024-10-27,2,NL,ISI,SEIR_BRW,WIS,15.9969718432402,-1.3933207516574595,13,10,0.3851068112503368
2024-10-23,ILI incidence,2024-10-27,2,NL,ItaLuxColab,EpiEKF,WIS,10.8116940968632,-0.828114514898483,13,5,0.7069350191643615
2024-10-23,ILI incidence,2024-10-27,2,NL,ItaLuxColab,EpiNetEKF,WIS,11.93669832724,-0.9709257610648643,13,7,0.637110775783988
2024-10-23,ILI incidence,2024-10-27,2,NL,RIVM,KFdlm,WIS,9.72328285497302,-0.6750373123498631,13,4,0.7744880908770079
2024-10-23,ILI incidence,2024-10-27,2,NL,fjordhest,ensemble,WIS,7.45074782608696,-0.29097905675390906,13,3,0.9155347062254834
2024-10-23,ILI incidence,2024-10-27,2,NL,respicast,hubEnsemble,WIS,13.1316013870469,-1.1085647788869335,13,9,0.56294820838105
2024-10-23,ILI incidence,2024-10-27,2,NL,respicast,quantileBaseline,WIS,6.08984782608696,0.0,13,1,1.0
2024-10-23,ILI incidence,2024-10-27,2,NL,safinea,syndromic,WIS,18.6361879427304,-1.6136287015196997,13,12,0.22130185631031682
2024-10-23,ILI incidence,2024-10-27,2,NO,ECDC,SARIMA,WIS,4.8582076078462,-1.1238516566335623,18,18,0.0
2024-10-23,ILI incidence,2024-10-27,2,NO,ECDC,soca_simplex,WIS,3.37451533163567,-0.598107822471449,18,16,0.36872541505483275
2024-10-23,ILI incidence,2024-10-27,2,NO,ISI,FluABCaster,WIS,0.834367059751917,1.417818378487998,18,1,1.0
2024-10-23,ILI incidence,2024-10-27,2,NO,ISI,FluBcast,WIS,1.54057391304348,0.5331045848690381,18,7,0.8244943245511985
2024-10-23,ILI incidence,2024-10-27,2,NO,ISI,RC_AdaptEns2,WIS,0.952548375391139,1.2267082187737643,18,2,0.970629721971664
2024-10-23,ILI incidence,2024-10-27,2,NO,ISI,SEIR_BRW,WIS,0.977821024494973,1.1889301552396412,18,3,0.9643489936968312
2024-10-23,ILI incidence,2024-10-27,2,NO,ItaLuxColab,EpiEKF,WIS,3.01477002344261,-0.4354754668508735,18,14,0.4581288851708238
2024-10-23,ILI incidence,2024-10-27,2,NO,ItaLuxColab,EpiNetEKF,WIS,1.58703901139544,0.49023489410676363,18,8,0.8129468743486884
2024-10-23,ILI incidence,2024-10-27,2,NO,MRC_GIDA,CATBoost,WIS,1.49596437187712,0.5754966697740188,18,6,0.8355806339198656
2024-10-23,ILI incidence,2024-10-27,2,NO,MRC_GIDA,NBEATS,WIS,1.20910639212764,0.8826312896394601,18,4,0.9068702330778983
2024-10-23,ILI incidence,2024-10-27,2,NO,MRC_GIDA,NHiTS,WIS,1.84396176235337,0.27376374658585023,18,10,0.7490967421461063
2024-10-23,ILI incidence,2024-10-27,2,NO,MRC_GIDA,Prophet,WIS,3.31012256893851,-0.5703121529265955,18,15,0.38472822677848745
2024-10-23,ILI incidence,2024-10-27,2,NO,QMUL,ARIMA,WIS,1.79645601408682,0.3114188743213382,18,9,0.7609028134102993
2024-10-23,ILI incidence,2024-10-27,2,NO,RIVM,KFdlm,WIS,2.77568551994245,-0.31627163652724233,18,12,0.5175458776292828
2024-10-23,ILI incidence,2024-10-27,2,NO,fjordhest,ensemble,WIS,2.84725652173913,-0.35299999165790463,18,13,0.49975913858203697
2024-10-23,ILI incidence,2024-10-27,2,NO,respicast,hubEnsemble,WIS,1.40751533713924,0.6634218430868605,18,5,0.8575618813576573
2024-10-23,ILI incidence,2024-10-27,2,NO,respicast,quantileBaseline,WIS,2.22927173913043,0.0,18,11,0.6533399714262662
2024-10-23,ILI incidence,2024-10-27,2,NO,safinea,syndromic,WIS,4.52797856077391,-1.0222946413080687,18,17,0.08206812450078044
2024-10-23,ILI incidence,2024-10-27,2,PL,ECDC,SARIMA,WIS,17.7019726070118,-0.24054436825832823,17,9,0.9366511800469043
2024-10-23,ILI incidence,2024-10-27,2,PL,ECDC,soca_simplex,WIS,11.671601262459,0.3603632643848743,17,4,0.982487846934682
2024-10-23,ILI incidence,2024-10-27,2,PL,ISI,FluABCaster,WIS,20.6896692632172,-0.4655448163090023,17,10,0.913941789767661
2024-10-23,ILI incidence,2024-10-27,2,PL,ISI,FluBcast,WIS,30.9251739130435,-1.045415941741579,17,13,0.8361420341214056
2024-10-23,ILI incidence,2024-10-27,2,PL,ISI,RC_AdaptEns2,WIS,35.4714654962435,-1.2432931694239473,17,14,0.8015858117982014
2024-10-23,ILI incidence,2024-10-27,2,PL,ItaLuxColab,EpiEKF,WIS,22.7616361241008,-0.603238496685939,17,11,0.8981928334632331
2024-10-23,ILI incidence,2024-10-27,2,PL,ItaLuxColab,EpiNetEKF,WIS,13.7172825393493,0.12737106184242267,17,6,0.9669386865447362
2024-10-23,ILI incidence,2024-10-27,2,PL,MRC_GIDA,CATBoost,WIS,9.36766441022085,0.6776044683523336,17,1,1.0
2024-10-23,ILI incidence,2024-10-27,2,PL,MRC_GIDA,NBEATS,WIS,9.37549518359099,0.676398970580391,17,2,0.999940478532758
2024-10-23,ILI incidence,2024-10-27,2,PL,MRC_GIDA,NHiTS,WIS,12.0272717950137,0.3170563406866542,17,5,0.9797844061694241
2024-10-23,ILI incidence,2024-10-27,2,PL,MRC_GIDA,Prophet,WIS,63.9677386656094,-2.0939787164805685,17,15,0.5849865169658518
2024-10-23,ILI incidence,2024-10-27,2,PL,QMUL,ARIMA,WIS,10.8235433603194,0.4691928875714857,17,3,0.9889339089333404
2024-10-23,ILI incidence,2024-10-27,2,PL,RIVM,KFdlm,WIS,119.939791740166,-3.000872701026751,17,16,0.15954466517658586
2024-10-23,ILI incidence,2024-10-27,2,PL,fjordhest,ensemble,WIS,29.9129304347826,-0.9974034849752085,17,12,0.8438360656281522
2024-10-23,ILI incidence,2024-10-27,2,PL,respicast,hubEnsemble,WIS,13.7632538679256,0.1225441786517176,17,7,0.9665892598918912
2024-10-23,ILI incidence,2024-10-27,2,PL,respicast,quantileBaseline,WIS,14.9834076086957,0.0,17,8,0.9573149088823012
2024-10-23,ILI incidence,2024-10-27,2,PL,safinea,syndromic,WIS,140.929834044348,-3.2335393824743166,17,17,0.0
2024-10-23,ILI incidence,2024-10-27,2,RO,ECDC,SARIMA,WIS,0.717759974977327,-1.262097826458374,14,14,0.0
2024-10-23,ILI incidence,2024-10-27,2,RO,ISI,FluABCaster,WIS,0.399116806792879,-0.41540738317624465,14,12,0.492959801969505
2024-10-23,ILI incidence,2024-10-27,2,RO,ISI,FluBcast,WIS,0.111039130434783,1.4303354736858753,14,5,0.9386329827204528
2024-10-23,ILI incidence,2024-10-27,2,RO,ISI,RC_AdaptEns2,WIS,0.311439849887987,-0.057549905645267206,14,10,0.6286012329764474
2024-10-23,ILI incidence,2024-10-27,2,RO,ISI,SEIR_BRW,WIS,0.199913337796416,0.5820289199179016,14,7,0.8011393345408473
2024-10-23,ILI incidence,2024-10-27,2,RO,ItaLuxColab,EpiEKF,WIS,0.356442297813897,-0.252264898025013,14,11,0.5589797879471976
2024-10-23,ILI incidence,2024-10-27,2,RO,ItaLuxColab,EpiNetEKF,WIS,0.0713722433379841,2.0679686243776483,14,1,1.0
2024-10-23,ILI incidence,2024-10-27,2,RO,MRC_GIDA,CATBoost,WIS,0.0874261363048447,1.7752671014666854,14,3,0.9751636793505573
2024-10-23,ILI incidence,2024-10-27,2,RO,MRC_GIDA,NBEATS,WIS,0.083355133782554,1.8440606871755272,14,2,0.9814617607079588
2024-10-23,ILI incidence,2024-10-27,2,RO,MRC_GIDA,NHiTS,WIS,0.249106688438264,0.26463989076434263,14,8,0.7250343154726702
2024-10-23,ILI incidence,2024-10-27,2,RO,MRC_GIDA,Prophet,WIS,0.472673247013965,-0.6594395626609513,14,13,0.3791636443064641
2024-10-23,ILI incidence,2024-10-27,2,RO,RIVM,KFdlm,WIS,0.113940051091887,1.3931286905423685,14,6,0.9341450871198559
2024-10-23,ILI incidence,2024-10-27,2,RO,respicast,hubEnsemble,WIS,0.109922134285627,1.4449217273837003,14,4,0.9403610417390283
2024-10-23,ILI incidence,2024-10-27,2,RO,respicast,quantileBaseline,WIS,0.299260869565217,0.0,14,9,0.6474428348921926
2024-10-23,ILI incidence,2024-10-27,2,SI,ECDC,SARIMA,WIS,7.86152786552424,-0.7478519961783814,16,11,0.3127725874203165
2024-10-23,ILI incidence,2024-10-27,2,SI,ISI,FluABCaster,WIS,8.43906588888159,-0.850125590186402,16,12,0.26169012994098917
2024-10-23,ILI incidence,2024-10-27,2,SI,ISI,FluBcast,WIS,5.74005652173913,-0.2941072158164161,16,9,0.5004138600806634
2024-10-23,ILI incidence,2024-10-27,2,SI,ISI,RC_AdaptEns2,WIS,9.55104842260977,-1.0287013798610642,16,14,0.1633367779543654
2024-10-23,ILI incidence,2024-10-27,2,SI,ISI,SEIR_BRW,WIS,0.929973545271514,2.331696145296017,16,4,0.9258591973228321
2024-10-23,ILI incidence,2024-10-27,2,SI,ItaLuxColab,EpiEKF,WIS,4.97231125833085,-0.08695888228045813,16,8,0.568319890829988
2024-10-23,ILI incidence,2024-10-27,2,SI,ItaLuxColab,EpiNetEKF,WIS,8.56580012417428,-0.8716302863097491,16,13,0.25048065814226717
2024-10-23,ILI incidence,2024-10-27,2,SI,MRC_GIDA,CATBoost,WIS,2.66799865997949,0.8111997853031353,16,5,0.7721332253011782
2024-10-23,ILI incidence,2024-10-27,2,SI,MRC_GIDA,NBEATS,WIS,0.209915848027482,4.4790747321468825,16,2,0.9895473273065641
2024-10-23,ILI incidence,2024-10-27,2,SI,MRC_GIDA,NHiTS,WIS,0.0917379798501062,5.673294778623716,16,1,1.0
2024-10-23,ILI incidence,2024-10-27,2,SI,MRC_GIDA,Prophet,WIS,0.514885419295031,3.1846344061375182,16,3,0.96257318097036
2024-10-23,ILI incidence,2024-10-27,2,SI,RIVM,KFdlm,WIS,11.3977332638686,-1.2837173030955653,16,16,0.0
2024-10-23,ILI incidence,2024-10-27,2,SI,fjordhest,ensemble,WIS,5.8165,-0.3131935648197015,16,10,0.4936525377609092
2024-10-23,ILI incidence,2024-10-27,2,SI,respicast,hubEnsemble,WIS,4.38998662081549,0.0927411842983383,16,6,0.6198257178612889
2024-10-23,ILI incidence,2024-10-27,2,SI,respicast,quantileBaseline,WIS,4.68145739130435,0.0,16,7,0.594045522206965
2024-10-23,ILI incidence,2024-10-27,2,SI,safinea,syndromic,WIS,10.4017975774283,-1.1518032356413552,16,15,0.08808916521025786
2024-10-23,ILI incidence,2024-11-03,3,AT,ECDC,SARIMA,WIS,1118.48956141888,-0.29341448504081913,10,10,0.0
2024-10-23,ILI incidence,2024-11-03,3,AT,ItaLuxColab,EpiEKF,WIS,372.070316441075,1.2944901043351498,10,5,0.7310021400467208
2024-10-23,ILI incidence,2024-11-03,3,AT,ItaLuxColab,EpiNetEKF,WIS,789.466688839832,0.20918700843798532,10,7,0.32222698650643095
2024-10-23,ILI incidence,2024-11-03,3,AT,MRC_GIDA,CATBoost,WIS,97.3991923399346,3.228083687739257,10,1,1.0
2024-10-23,ILI incidence,2024-11-03,3,AT,MRC_GIDA,NBEATS,WIS,592.206434854891,0.6239652352190515,10,6,0.5154128787236651
2024-10-23,ILI incidence,2024-11-03,3,AT,MRC_GIDA,NHiTS,WIS,337.357921280695,1.4357853647840455,10,4,0.7649975592687154
2024-10-23,ILI incidence,2024-11-03,3,AT,MRC_GIDA,Prophet,WIS,133.096467310501,2.777593122717853,10,3,0.9650400434167581
2024-10-23,ILI incidence,2024-11-03,3,AT,RIVM,KFdlm,WIS,813.537829624019,0.16585596901644356,10,8,0.29865302918284964
2024-10-23,ILI incidence,2024-11-03,3,AT,respicast,hubEnsemble,WIS,107.102641535734,3.091071339430039,10,2,0.9904969731478791
2024-10-23,ILI incidence,2024-11-03,3,AT,respicast,quantileBaseline,WIS,912.652345217391,0.0,10,9,0.2015856994001034
2024-10-23,ILI incidence,2024-11-03,3,BE,ECDC,SARIMA,WIS,84.399146993628,0.33536204586126805,18,1,1.0
2024-10-23,ILI incidence,2024-11-03,3,BE,ECDC,soca_simplex,WIS,356.847912302075,-1.7446469632549835,18,18,0.0
2024-10-23,ILI incidence,2024-11-03,3,BE,ISI,FluABCaster,WIS,261.124302172739,-1.2940743629151579,18,17,0.3513453622040259
2024-10-23,ILI incidence,2024-11-03,3,BE,ISI,FluBcast,WIS,122.371321470871,-0.20060312357986157,18,5,0.8606263660829822
2024-10-23,ILI incidence,2024-11-03,3,BE,ISI,RC_AdaptEns2,WIS,216.398037448374,-1.023025046239097,18,15,0.5155093094097662
2024-10-23,ILI incidence,2024-11-03,3,BE,ISI,SEIR_BRW,WIS,203.78595426964,-0.9363922497761512,18,14,0.5618008870737556
2024-10-23,ILI incidence,2024-11-03,3,BE,ItaLuxColab,EpiEKF,WIS,153.707655043602,-0.529526647876206,18,11,0.7456090213089868
2024-10-23,ILI incidence,2024-11-03,3,BE,ItaLuxColab,EpiNetEKF,WIS,161.162433899244,-0.5978531296290545,18,12,0.7182468901310303
2024-10-23,ILI incidence,2024-11-03,3,BE,MRC_GIDA,CATBoost,WIS,143.180039905098,-0.4271680179652434,18,9,0.7842497364782605
2024-10-23,ILI incidence,2024-11-03,3,BE,MRC_GIDA,NBEATS,WIS,127.336369649909,-0.2579821698647365,18,6,0.8424025794072858
2024-10-23,ILI incidence,2024-11-03,3,BE,MRC_GIDA,NHiTS,WIS,140.991609718934,-0.40494694279156934,18,8,0.7922821831795197
2024-10-23,ILI incidence,2024-11-03,3,BE,MRC_GIDA,Prophet,WIS,95.2511654562529,0.16085371884887978,18,2,0.9601685900454016
2024-10-23,ILI incidence,2024-11-03,3,BE,QMUL,ARIMA,WIS,129.85553555943,-0.2862451464627301,18,7,0.8331561953883714
2024-10-23,ILI incidence,2024-11-03,3,BE,RIVM,KFdlm,WIS,231.465208987375,-1.1201329926172103,18,16,0.46020653891659463
2024-10-23,ILI incidence,2024-11-03,3,BE,fjordhest,ensemble,WIS,109.513704347826,-0.04044904845233216,18,4,0.9078191551877098
2024-10-23,ILI incidence,2024-11-03,3,BE,respicast,hubEnsemble,WIS,148.755954116099,-0.4822850460562088,18,10,0.763783818034151
2024-10-23,ILI incidence,2024-11-03,3,BE,respicast,quantileBaseline,WIS,106.48589673913,0.0,18,3,0.9189324652637094
2024-10-23,ILI incidence,2024-11-03,3,BE,safinea,syndromic,WIS,192.877354423087,-0.8570213987201768,18,13,0.6018399741813923
2024-10-23,ILI incidence,2024-11-03,3,CH,ECDC,SARIMA,WIS,1.84243059376379,1.4378783083552797,11,1,1.0
2024-10-23,ILI incidence,2024-11-03,3,CH,ECDC,soca_simplex,WIS,15.0335993612849,-1.5906299762603409,11,9,0.28995145362460917
2024-10-23,ILI incidence,2024-11-03,3,CH,ISI,FluABCaster,WIS,20.4202712707971,-2.032441545642097,11,11,0.0
2024-10-23,ILI incidence,2024-11-03,3,CH,ISI,FluBcast,WIS,17.7694320091552,-1.831837081070396,11,10,0.14268823313351903
2024-10-23,ILI incidence,2024-11-03,3,CH,ISI,SEIR_BRW,WIS,7.84306796719022,-0.651929521806275,11,5,0.6770002780331374
2024-10-23,ILI incidence,2024-11-03,3,CH,ItaLuxColab,EpiEKF,WIS,6.16056614777811,-0.30357435784634557,11,4,0.7675652607273904
2024-10-23,ILI incidence,2024-11-03,3,CH,ItaLuxColab,EpiNetEKF,WIS,4.50526258508566,0.14787738626553346,11,2,0.8566662273827242
2024-10-23,ILI incidence,2024-11-03,3,CH,RIVM,KFdlm,WIS,8.01324772168636,-0.6828984959761034,11,6,0.667839915563966
2024-10-23,ILI incidence,2024-11-03,3,CH,respicast,hubEnsemble,WIS,9.8896685530221,-0.986433589729864,11,7,0.5668367438845229
2024-10-23,ILI incidence,2024-11-03,3,CH,respicast,quantileBaseline,WIS,4.99155243300412,0.0,11,3,0.8304904270638189
2024-10-23,ILI incidence,2024-11-03,3,CH,safinea,syndromic,WIS,11.676921781763,-1.2260995214604364,11,8,0.47063324748193097
2024-10-23,ILI incidence,2024-11-03,3,CZ,ECDC,SARIMA,WIS,7.22672776985272,-0.9222511931762326,17,13,0.6242082103883737
2024-10-23,ILI incidence,2024-11-03,3,CZ,ECDC,soca_simplex,WIS,0.999372777554424,1.9319965305743776,17,2,0.9988592745875614
2024-10-23,ILI incidence,2024-11-03,3,CZ,ISI,FluABCaster,WIS,6.94039621209863,-0.863926669511171,17,12,0.6414345324719956
2024-10-23,ILI incidence,2024-11-03,3,CZ,ISI,FluBcast,WIS,11.4887511983233,-1.5910587276947037,17,15,0.36779571823188245
2024-10-23,ILI incidence,2024-11-03,3,CZ,ISI,RC_AdaptEns2,WIS,6.27776819637383,-0.7191604031103785,17,11,0.6812996584470719
2024-10-23,ILI incidence,2024-11-03,3,CZ,ItaLuxColab,EpiEKF,WIS,5.60280259512609,-0.5550573066866769,17,10,0.7219070400911337
2024-10-23,ILI incidence,2024-11-03,3,CZ,ItaLuxColab,EpiNetEKF,WIS,7.34429752316499,-0.9455331486659276,17,14,0.6171349612720869
2024-10-23,ILI incidence,2024-11-03,3,CZ,MRC_GIDA,CATBoost,WIS,0.980411928992108,1.9596314127941308,17,1,1.0
2024-10-23,ILI incidence,2024-11-03,3,CZ,MRC_GIDA,NBEATS,WIS,3.18057647401654,0.26180308075529346,17,3,0.8676333709534507
2024-10-23,ILI incidence,2024-11-03,3,CZ,MRC_GIDA,NHiTS,WIS,4.12261954397983,-0.112469972270677,17,7,0.8109580346156776
2024-10-23,ILI incidence,2024-11-03,3,CZ,MRC_GIDA,Prophet,WIS,4.52060220757472,-0.24542361668283733,17,8,0.7870145419718411
2024-10-23,ILI incidence,2024-11-03,3,CZ,QMUL,ARIMA,WIS,3.51171566901423,0.11891531618611681,17,4,0.8477113250836745
2024-10-23,ILI incidence,2024-11-03,3,CZ,RIVM,KFdlm,WIS,15.0079199132495,-1.97656077326148,17,16,0.15607496266644585
2024-10-23,ILI incidence,2024-11-03,3,CZ,fjordhest,ensemble,WIS,4.08382173913043,-0.09882853726712507,17,6,0.8132921939647748
2024-10-23,ILI incidence,2024-11-03,3,CZ,respicast,hubEnsemble,WIS,4.53415095397564,-0.24974106708313004,17,9,0.7861994202606255
2024-10-23,ILI incidence,2024-11-03,3,CZ,respicast,quantileBaseline,WIS,3.81343565217391,0.0,17,5,0.829559202244887
2024-10-23,ILI incidence,2024-11-03,3,CZ,safinea,syndromic,WIS,17.6021583682,-2.206589081209262,17,17,0.0
2024-10-23,ILI incidence,2024-11-03,3,DK,ECDC,SARIMA,WIS,11.1077415371075,0.14441084560831532,16,6,0.8025963698385342
2024-10-23,ILI incidence,2024-11-03,3,DK,ECDC,soca_simplex,WIS,8.07391863577013,0.6046354052384082,16,3,0.882648357014184
2024-10-23,ILI incidence,2024-11-03,3,DK,ISI,FluABCaster,WIS,11.4465893068729,0.10105857015891626,16,7,0.7936553610183424
2024-10-23,ILI incidence,2024-11-03,3,DK,ISI,RC_AdaptEns2,WIS,3.62650746509239,1.7593236348241805,16,1,1.0
2024-10-23,ILI incidence,2024-11-03,3,DK,ItaLuxColab,EpiEKF,WIS,14.9914499428383,-0.28816356598613174,16,10,0.7001188734255187
2024-10-23,ILI incidence,2024-11-03,3,DK,ItaLuxColab,EpiNetEKF,WIS,9.08160276107647,0.4349575203600138,16,4,0.8560590934679931
2024-10-23,ILI incidence,2024-11-03,3,DK,MRC_GIDA,CATBoost,WIS,25.6328422417477,-1.0620170989829987,16,14,0.41932970822150056
2024-10-23,ILI incidence,2024-11-03,3,DK,MRC_GIDA,NBEATS,WIS,22.120060722011,-0.849378987329482,16,12,0.5120197400110491
2024-10-23,ILI incidence,2024-11-03,3,DK,MRC_GIDA,NHiTS,WIS,18.4034351946076,-0.5839987270055969,16,11,0.6100885029982476
2024-10-23,ILI incidence,2024-11-03,3,DK,MRC_GIDA,Prophet,WIS,27.0084554090962,-1.1374347770812308,16,15,0.38303208268024247
2024-10-23,ILI incidence,2024-11-03,3,DK,QMUL,ARIMA,WIS,5.91259073373257,1.0541140354891407,16,2,0.9396782493721111
2024-10-23,ILI incidence,2024-11-03,3,DK,RIVM,KFdlm,WIS,23.9655403477464,-0.9649851099646275,16,13,0.46332398019356974
2024-10-23,ILI incidence,2024-11-03,3,DK,fjordhest,ensemble,WIS,13.8371086956522,-0.17256616050939824,16,9,0.7305779060458244
2024-10-23,ILI incidence,2024-11-03,3,DK,respicast,hubEnsemble,WIS,10.105044610407,0.28090066785598367,16,5,0.8290540386371672
2024-10-23,ILI incidence,2024-11-03,3,DK,respicast,quantileBaseline,WIS,12.2771556521739,0.0,16,8,0.7717396168945664
2024-10-23,ILI incidence,2024-11-03,3,DK,safinea,syndromic,WIS,41.524666004,-1.7579922055766943,16,16,0.0
2024-10-23,ILI incidence,2024-11-03,3,EE,ItaLuxColab,EpiEKF,WIS,44.3756638364914,-1.400662413787757,6,3,0.8242563627124857
2024-10-23,ILI incidence,2024-11-03,3,EE,ItaLuxColab,EpiNetEKF,WIS,26.1225374299703,-0.6361887529948969,6,2,0.9406178436087588
2024-10-23,ILI incidence,2024-11-03,3,EE,RIVM,KFdlm,WIS,173.673224026379,-3.369197151533032,6,6,0.0
2024-10-23,ILI incidence,2024-11-03,3,EE,respicast,hubEnsemble,WIS,126.858511736082,-2.9160421291942313,6,4,0.2984381485401736
2024-10-23,ILI incidence,2024-11-03,3,EE,respicast,quantileBaseline,WIS,16.8075132608696,0.0,6,1,1.0
2024-10-23,ILI incidence,2024-11-03,3,EE,safinea,syndromic,WIS,134.351254733696,-2.998831602089678,6,5,0.2506728149879957
2024-10-23,ILI incidence,2024-11-03,3,FR,ECDC,SARIMA,WIS,32.5832287329237,0.3849280246899943,18,5,0.7300125641282178
2024-10-23,ILI incidence,2024-11-03,3,FR,ECDC,soca_simplex,WIS,76.5956661585692,-0.8482051706894561,18,13,0.2515228415061415
2024-10-23,ILI incidence,2024-11-03,3,FR,ISI,FluABCaster,WIS,77.6742416132446,-0.8683786554171968,18,14,0.23979689992414005
2024-10-23,ILI incidence,2024-11-03,3,FR,ISI,FluBcast,WIS,99.7312379368853,-1.228987863083234,18,18,0.0
2024-10-23,ILI incidence,2024-11-03,3,FR,ISI,RC_AdaptEns2,WIS,81.0002127493963,-0.9288681023022995,18,15,0.2036379616904911
2024-10-23,ILI incidence,2024-11-03,3,FR,ISI,SEIR_BRW,WIS,68.423715995939,-0.6854388619952712,18,12,0.34036577762401105
2024-10-23,ILI incidence,2024-11-03,3,FR,ItaLuxColab,EpiEKF,WIS,40.0061632945255,0.0888353182429332,18,6,0.6493126959279377
2024-10-23,ILI incidence,2024-11-03,3,FR,ItaLuxColab,EpiNetEKF,WIS,55.9337687478742,-0.39466194561856205,18,11,0.476152653876599
2024-10-23,ILI incidence,2024-11-03,3,FR,MRC_GIDA,CATBoost,WIS,25.5710528804177,0.7345460306428137,18,3,0.8062467896084853
2024-10-23,ILI incidence,2024-11-03,3,FR,MRC_GIDA,NBEATS,WIS,8.66302625228078,2.2961146006556943,18,2,0.9900656700113639
2024-10-23,ILI incidence,2024-11-03,3,FR,MRC_GIDA,NHiTS,WIS,25.8013784176177,0.7216094524656864,18,4,0.8037427610008038
2024-10-23,ILI incidence,2024-11-03,3,FR,MRC_GIDA,Prophet,WIS,7.74924679930829,2.4569295977657246,18,1,1.0
2024-10-23,ILI incidence,2024-11-03,3,FR,QMUL,ARIMA,WIS,47.3172986553916,-0.15331011758783655,18,10,0.5698282743531657
2024-10-23,ILI incidence,2024-11-03,3,FR,RIVM,KFdlm,WIS,89.3663554382887,-1.0706741941676872,18,16,0.11268382397912961
2024-10-23,ILI incidence,2024-11-03,3,FR,fjordhest,ensemble,WIS,45.8636391304348,-0.10829323763452159,18,8,0.5856320149221492
2024-10-23,ILI incidence,2024-11-03,3,FR,respicast,hubEnsemble,WIS,47.1286651028741,-0.147547223297892,18,9,0.5718790404888473
2024-10-23,ILI incidence,2024-11-03,3,FR,respicast,quantileBaseline,WIS,42.5470054347826,0.0,18,7,0.621689439366153
2024-10-23,ILI incidence,2024-11-03,3,FR,safinea,syndromic,WIS,90.0628395186957,-1.0818743689861532,18,17,0.10511186264416283
2024-10-23,ILI incidence,2024-11-03,3,GB-ENG,ECDC,SARIMA,WIS,0.113717346303049,1.6744571943710613,8,1,1.0
2024-10-23,ILI incidence,2024-11-03,3,GB-ENG,ECDC,soca_simplex,WIS,0.584537897737981,-0.6873870307048158,8,7,0.28569464317184506
2024-10-23,ILI incidence,2024-11-03,3,GB-ENG,ISI,FluABCaster,WIS,0.222262345558524,0.7076459765463208,8,2,0.8353209642425534
2024-10-23,ILI incidence,2024-11-03,3,GB-ENG,ISI,SEIR_BRW,WIS,0.772847992509585,-1.090275153495447,8,8,0.0
2024-10-23,ILI incidence,2024-11-03,3,GB-ENG,ItaLuxColab,EpiEKF,WIS,0.480501692718491,-0.4046319810548996,8,5,0.4435331621638609
2024-10-23,ILI incidence,2024-11-03,3,GB-ENG,RIVM,KFdlm,WIS,0.54303075467965,-0.5811243754295262,8,6,0.34866720149122404
2024-10-23,ILI incidence,2024-11-03,3,GB-ENG,respicast,hubEnsemble,WIS,0.24244580376549,0.5822472484121004,8,3,0.8046996324578354
2024-10-23,ILI incidence,2024-11-03,3,GB-ENG,respicast,quantileBaseline,WIS,0.362984899562713,0.0,8,4,0.6218237542219255
2024-10-23,ILI incidence,2024-11-03,3,GB-NIR,ISI,FluABCaster,WIS,0.338467025284051,1.0312115689901336,7,1,1.0
2024-10-23,ILI incidence,2024-11-03,3,GB-NIR,ISI,SEIR_BRW,WIS,1.54467686635601,-1.1590063077692916,7,7,0.0
2024-10-23,ILI incidence,2024-11-03,3,GB-NIR,ItaLuxColab,EpiEKF,WIS,0.95388294314073,-0.463585378164159,7,6,0.4897936520649187
2024-10-23,ILI incidence,2024-11-03,3,GB-NIR,RIVM,KFdlm,WIS,0.627443844804414,0.14074051092226428,7,3,0.7604257487540068
2024-10-23,ILI incidence,2024-11-03,3,GB-NIR,respicast,hubEnsemble,WIS,0.341968385104894,1.0163639024560986,7,2,0.9970972216428516
2024-10-23,ILI incidence,2024-11-03,3,GB-NIR,respicast,quantileBaseline,WIS,0.691738549086088,0.0,7,4,0.707122664918664
2024-10-23,ILI incidence,2024-11-03,3,GB-NIR,safinea,syndromic,WIS,0.912462362804955,-0.3995381949831946,7,5,0.5241331002483
2024-10-23,ILI incidence,2024-11-03,3,GB-SCT,ECDC,SARIMA,WIS,1.05893427661659,0.2168343480374311,9,3,0.8957520778761513
2024-10-23,ILI incidence,2024-11-03,3,GB-SCT,ECDC,soca_simplex,WIS,1.231113382435,-0.0005162380892227867,9,7,0.7440780325961793
2024-10-23,ILI incidence,2024-11-03,3,GB-SCT,ISI,FluABCaster,WIS,0.940592908575807,0.3878050380033436,9,1,1.0
2024-10-23,ILI incidence,2024-11-03,3,GB-SCT,ISI,SEIR_BRW,WIS,2.04334754980441,-0.7314872122725602,9,8,0.028574015462668696
2024-10-23,ILI incidence,2024-11-03,3,GB-SCT,ItaLuxColab,EpiEKF,WIS,1.03569051668624,0.24885443472837412,9,2,0.916227704575426
2024-10-23,ILI incidence,2024-11-03,3,GB-SCT,RIVM,KFdlm,WIS,1.13598683998535,0.11550127660730916,9,4,0.827875816527362
2024-10-23,ILI incidence,2024-11-03,3,GB-SCT,respicast,hubEnsemble,WIS,1.20065480912322,0.03562596573813353,9,5,0.7709092500409169
2024-10-23,ILI incidence,2024-11-03,3,GB-SCT,respicast,quantileBaseline,WIS,1.23067293320142,0.0,9,6,0.7444660280888961
2024-10-23,ILI incidence,2024-11-03,3,GB-SCT,safinea,syndromic,WIS,2.07578453282891,-0.7542093007866152,9,9,0.0
2024-10-23,ILI incidence,2024-11-03,3,GB-WLS,respicast,quantileBaseline,WIS,1.35490907637457,0.0,1,1,0.0
2024-10-23,ILI incidence,2024-11-03,3,GR,ECDC,SARIMA,WIS,48.6475342342933,0.2496994876654509,17,8,0.9347305637253177
2024-10-23,ILI incidence,2024-11-03,3,GR,ECDC,soca_simplex,WIS,20.3209618991602,1.5090974754337558,17,1,1.0
2024-10-23,ILI incidence,2024-11-03,3,GR,ISI,FluABCaster,WIS,67.9276029352821,-0.2319317749223607,17,11,0.8903058729945613
2024-10-23,ILI incidence,2024-11-03,3,GR,ISI,FluBcast,WIS,27.5074218363282,1.072245241791376,17,2,0.9834411243492464
2024-10-23,ILI incidence,2024-11-03,3,GR,ISI,RC_AdaptEns2,WIS,102.604962758772,-0.8269624376720891,17,15,0.810403098299641
2024-10-23,ILI incidence,2024-11-03,3,GR,ItaLuxColab,EpiEKF,WIS,65.8884928844635,-0.1879603577395485,17,10,0.8950043434605377
2024-10-23,ILI incidence,2024-11-03,3,GR,ItaLuxColab,EpiNetEKF,WIS,40.2067049599819,0.5246300610700071,17,5,0.9541797283438632
2024-10-23,ILI incidence,2024-11-03,3,GR,MRC_GIDA,CATBoost,WIS,28.6552172327997,1.0132683363409891,17,4,0.9807964006036397
2024-10-23,ILI incidence,2024-11-03,3,GR,MRC_GIDA,NBEATS,WIS,45.90917664929,0.33328361108511884,17,7,0.9410402242722095
2024-10-23,ILI incidence,2024-11-03,3,GR,MRC_GIDA,NHiTS,WIS,71.6402884863909,-0.30870497729990604,17,13,0.8817511883642054
2024-10-23,ILI incidence,2024-11-03,3,GR,MRC_GIDA,Prophet,WIS,454.315400213634,-2.9735561354618536,17,17,0.0
2024-10-23,ILI incidence,2024-11-03,3,GR,QMUL,ARIMA,WIS,28.4777626151546,1.0222303656562435,17,3,0.9812052874509789
2024-10-23,ILI incidence,2024-11-03,3,GR,RIVM,KFdlm,WIS,96.0401752063119,-0.7315718658962732,17,14,0.8255295307441582
2024-10-23,ILI incidence,2024-11-03,3,GR,fjordhest,ensemble,WIS,68.9252521739131,-0.252966470986291,17,12,0.8880071125714885
2024-10-23,ILI incidence,2024-11-03,3,GR,respicast,hubEnsemble,WIS,43.4808388604996,0.41168639554565767,17,6,0.9466355443371888
2024-10-23,ILI incidence,2024-11-03,3,GR,respicast,quantileBaseline,WIS,57.8399445652174,0.0,17,9,0.9135496233274979
2024-10-23,ILI incidence,2024-11-03,3,GR,safinea,syndromic,WIS,407.952412603913,-2.8182627978301156,17,16,0.10682852939264222
2024-10-23,ILI incidence,2024-11-03,3,HR,ECDC,SARIMA,WIS,5.35537201971313,-2.635372566215665,10,10,0.0
2024-10-23,ILI incidence,2024-11-03,3,HR,ECDC,soca_simplex,WIS,2.45065484034206,-1.5075530723701585,10,9,0.5596230743826451
2024-10-23,ILI incidence,2024-11-03,3,HR,ISI,FluABCaster,WIS,0.164883434918011,2.3860958612028393,10,1,1.0
2024-10-23,ILI incidence,2024-11-03,3,HR,ISI,FluBcast,WIS,0.263672950617535,1.708792749082684,10,2,0.9809672029741255
2024-10-23,ILI incidence,2024-11-03,3,HR,ISI,SEIR_BRW,WIS,0.431109245118209,0.9994888249309966,10,4,0.9487089113383136
2024-10-23,ILI incidence,2024-11-03,3,HR,ItaLuxColab,EpiEKF,WIS,1.33348643861315,-0.6295889215175491,10,8,0.7748568396589072
2024-10-23,ILI incidence,2024-11-03,3,HR,ItaLuxColab,EpiNetEKF,WIS,0.641470105122931,0.426160294346782,10,6,0.9081807690318363
2024-10-23,ILI incidence,2024-11-03,3,HR,RIVM,KFdlm,WIS,0.468171975344468,0.8805037486330309,10,5,0.9415684023822144
2024-10-23,ILI incidence,2024-11-03,3,HR,respicast,hubEnsemble,WIS,0.396544308805005,1.1200602484710065,10,3,0.9553681950933066
2024-10-23,ILI incidence,2024-11-03,3,HR,respicast,quantileBaseline,WIS,0.861913043478261,0.0,10,7,0.8657102125988465
2024-10-23,ILI incidence,2024-11-03,3,HU,ECDC,SARIMA,WIS,37.7276372641183,0.06856931476715561,13,7,0.7654240137179315
2024-10-23,ILI incidence,2024-11-03,3,HU,ECDC,soca_simplex,WIS,29.4923130026454,0.4238520938166649,13,6,0.8329834408536423
2024-10-23,ILI incidence,2024-11-03,3,HU,ISI,RC_AdaptEns2,WIS,94.1966267960202,-1.251484330166519,13,12,0.30217418133969537
2024-10-23,ILI incidence,2024-11-03,3,HU,ItaLuxColab,EpiEKF,WIS,54.1892540277956,-0.45381571970427353,13,9,0.6303792525195735
2024-10-23,ILI incidence,2024-11-03,3,HU,ItaLuxColab,EpiNetEKF,WIS,80.376885389136,-1.0225896065909545,13,11,0.4155460150367176
2024-10-23,ILI incidence,2024-11-03,3,HU,MRC_GIDA,CATBoost,WIS,14.9632766188869,1.402764939959676,13,2,0.9521740572465744
2024-10-23,ILI incidence,2024-11-03,3,HU,MRC_GIDA,NBEATS,WIS,18.9537432606038,1.0617082664247304,13,4,0.9194378064616733
2024-10-23,ILI incidence,2024-11-03,3,HU,MRC_GIDA,NHiTS,WIS,9.13341447553384,2.1149648577645346,13,1,1.0
2024-10-23,ILI incidence,2024-11-03,3,HU,MRC_GIDA,Prophet,WIS,15.7114965338002,1.3323704621955001,13,3,0.9460359493569366
2024-10-23,ILI incidence,2024-11-03,3,HU,QMUL,ARIMA,WIS,64.0497294168229,-0.6950014084614938,13,10,0.5494877117110377
2024-10-23,ILI incidence,2024-11-03,3,HU,RIVM,KFdlm,WIS,131.030899558261,-1.7276440941423905,13,13,0.0
2024-10-23,ILI incidence,2024-11-03,3,HU,respicast,hubEnsemble,WIS,28.0866866473923,0.4943046258330646,13,5,0.8445146578783345
2024-10-23,ILI incidence,2024-11-03,3,HU,respicast,quantileBaseline,WIS,39.5640760869565,0.0,13,8,0.7503585772030446
2024-10-23,ILI incidence,2024-11-03,3,IE,ECDC,SARIMA,WIS,4.53835158933591,-1.2516819676967381,18,14,0.6846618519844018
2024-10-23,ILI incidence,2024-11-03,3,IE,ECDC,soca_simplex,WIS,3.55693759662211,-0.9001492515342208,18,5,0.7851386439757366
2024-10-23,ILI incidence,2024-11-03,3,IE,ISI,FluABCaster,WIS,8.11960277505635,-2.090922737754887,18,16,0.31801471517178437
2024-10-23,ILI incidence,2024-11-03,3,IE,ISI,FluBcast,WIS,11.2258334296477,-2.5582642403078317,18,18,0.0
2024-10-23,ILI incidence,2024-11-03,3,IE,ISI,RC_AdaptEns2,WIS,3.6627972837695,-0.9424594455477721,18,7,0.7743007693940177
2024-10-23,ILI incidence,2024-11-03,3,IE,ISI,SEIR_BRW,WIS,7.83591311951783,-2.0396149895932787,18,15,0.3470587544062542
2024-10-23,ILI incidence,2024-11-03,3,IE,ItaLuxColab,EpiEKF,WIS,3.50639287693222,-0.8795012409555946,18,4,0.7903133931888573
2024-10-23,ILI incidence,2024-11-03,3,IE,ItaLuxColab,EpiNetEKF,WIS,4.52397901617001,-1.2471058253512401,18,13,0.686133310568742
2024-10-23,ILI incidence,2024-11-03,3,IE,MRC_GIDA,CATBoost,WIS,3.60102865825588,-0.9179226687924578,18,6,0.7806246178243433
2024-10-23,ILI incidence,2024-11-03,3,IE,MRC_GIDA,NBEATS,WIS,4.08160600651052,-1.0986505148740753,18,11,0.7314232913557791
2024-10-23,ILI incidence,2024-11-03,3,IE,MRC_GIDA,NHiTS,WIS,3.95882659219534,-1.0545864623703982,18,9,0.7439934011815535
2024-10-23,ILI incidence,2024-11-03,3,IE,MRC_GIDA,Prophet,WIS,1.45826448896697,0.38623400376174094,18,1,1.0
2024-10-23,ILI incidence,2024-11-03,3,IE,QMUL,ARIMA,WIS,3.9606936865997,-1.0552667176871653,18,10,0.7438022487652564
2024-10-23,ILI incidence,2024-11-03,3,IE,RIVM,KFdlm,WIS,3.8696738300501,-1.0217255562828693,18,8,0.753120827124147
2024-10-23,ILI incidence,2024-11-03,3,IE,fjordhest,ensemble,WIS,2.89323043478261,-0.6021948207505247,18,3,0.8530887312359597
2024-10-23,ILI incidence,2024-11-03,3,IE,respicast,hubEnsemble,WIS,4.49385803130746,-1.237468135766555,18,12,0.6892170855638792
2024-10-23,ILI incidence,2024-11-03,3,IE,respicast,quantileBaseline,WIS,1.90591847826087,0.0,18,2,0.9541693545228561
2024-10-23,ILI incidence,2024-11-03,3,IE,safinea,syndromic,WIS,8.79919151141739,-2.206884559668453,18,17,0.24843867834130587
2024-10-23,ILI incidence,2024-11-03,3,IS,respicast,quantileBaseline,WIS,0.749086956521739,0.0,1,1,0.0
2024-10-23,ILI incidence,2024-11-03,3,IT,respicast,quantileBaseline,WIS,140.390213043478,0.0,1,1,0.0
2024-10-23,ILI incidence,2024-11-03,3,LT,ECDC,SARIMA,WIS,7.00773069691015,-1.273132379157497,16,16,0.0
2024-10-23,ILI incidence,2024-11-03,3,LT,ECDC,soca_simplex,WIS,1.6947713840135,0.7747242805914131,16,13,0.7789052667964458
2024-10-23,ILI incidence,2024-11-03,3,LT,ISI,FluABCaster,WIS,0.396583124531762,2.8701197607036146,16,3,0.9692258796701672
2024-10-23,ILI incidence,2024-11-03,3,LT,ISI,FluBcast,WIS,0.331045946370931,3.1307115850170035,16,2,0.9788339436951515
2024-10-23,ILI incidence,2024-11-03,3,LT,ISI,SEIR_BRW,WIS,0.539901003776401,2.4250481507593418,16,5,0.9482147925536569
2024-10-23,ILI incidence,2024-11-03,3,LT,ItaLuxColab,EpiEKF,WIS,1.588556859704,0.8680982250974294,16,12,0.7944768244769511
2024-10-23,ILI incidence,2024-11-03,3,LT,ItaLuxColab,EpiNetEKF,WIS,0.955664587267465,1.601238690152182,16,7,0.8872618610796166
2024-10-23,ILI incidence,2024-11-03,3,LT,MRC_GIDA,CATBoost,WIS,1.24149497255884,1.2237365355755325,16,9,0.845357758412486
2024-10-23,ILI incidence,2024-11-03,3,LT,MRC_GIDA,NBEATS,WIS,0.622598606133984,2.2194407028644694,16,6,0.9360909281996795
2024-10-23,ILI incidence,2024-11-03,3,LT,MRC_GIDA,NHiTS,WIS,1.37573793928954,1.0756092738820655,16,11,0.8256770969093746
2024-10-23,ILI incidence,2024-11-03,3,LT,MRC_GIDA,Prophet,WIS,1.24031797792452,1.2251049259282856,16,8,0.8455303114597937
2024-10-23,ILI incidence,2024-11-03,3,LT,RIVM,KFdlm,WIS,1.31886104191316,1.1365223878114785,16,10,0.8340155223172194
2024-10-23,ILI incidence,2024-11-03,3,LT,fjordhest,ensemble,WIS,3.73596086956522,-0.36566438944622964,16,15,0.47965711765920993
2024-10-23,ILI incidence,2024-11-03,3,LT,respicast,hubEnsemble,WIS,0.517337398879738,2.4866375604919835,16,4,0.951522725036645
2024-10-23,ILI incidence,2024-11-03,3,LT,respicast,quantileBaseline,WIS,2.89952173913043,0.0,16,14,0.6022830979615309
2024-10-23,ILI incidence,2024-11-03,3,LT,safinea,syndromic,WIS,0.186671013043478,3.9572451317851396,16,1,1.0
2024-10-23,ILI incidence,2024-11-03,3,LU,ECDC,SARIMA,WIS,671.791619339233,0.6219078089228929,14,4,0.9982654093910273
2024-10-23,ILI incidence,2024-11-03,3,LU,ECDC,soca_simplex,WIS,249.393088823809,2.0515001210714146,14,2,0.999843997968329
2024-10-23,ILI incidence,2024-11-03,3,LU,ISI,FluABCaster,WIS,1506.08176225371,-0.54280658127755,14,12,0.995147498710436
2024-10-23,ILI incidence,2024-11-03,3,LU,ItaLuxColab,EpiEKF,WIS,932.184293970234,0.1493064012130476,14,8,0.9972922694009712
2024-10-23,ILI incidence,2024-11-03,3,LU,ItaLuxColab,EpiNetEKF,WIS,1868.54829456489,-0.8539243401772302,14,13,0.9937928881087789
2024-10-23,ILI incidence,2024-11-03,3,LU,MRC_GIDA,CATBoost,WIS,814.398005262263,0.34418757909036013,14,6,0.9977324605391608
2024-10-23,ILI incidence,2024-11-03,3,LU,MRC_GIDA,NBEATS,WIS,1329.24665176839,-0.3626153204591998,14,10,0.9958083672156776
2024-10-23,ILI incidence,2024-11-03,3,LU,MRC_GIDA,NHiTS,WIS,424.999785619828,1.2824594933371523,14,3,0.9991877202930217
2024-10-23,ILI incidence,2024-11-03,3,LU,MRC_GIDA,Prophet,WIS,1446.4742052636,-0.4845470841836841,14,11,0.995370264183769
2024-10-23,ILI incidence,2024-11-03,3,LU,QMUL,ARIMA,WIS,882.334625242162,0.22859570547129823,14,7,0.9974785676760631
2024-10-23,ILI incidence,2024-11-03,3,LU,RIVM,KFdlm,WIS,267787.522756779,-8.01695141936207,14,14,0.0
2024-10-23,ILI incidence,2024-11-03,3,LU,fjordhest,ensemble,WIS,772.543213043478,0.4203059728696741,14,5,0.9978888803468273
2024-10-23,ILI incidence,2024-11-03,3,LU,respicast,hubEnsemble,WIS,207.65008505279,2.3157671441714403,14,1,1.0
2024-10-23,ILI incidence,2024-11-03,3,LU,respicast,quantileBaseline,WIS,1033.82608695652,0.0,14,9,0.9969124135023513
2024-10-23,ILI incidence,2024-11-03,3,LV,ECDC,SARIMA,WIS,361.05696813193,1.0654617512377955,10,7,0.770208258831884
2024-10-23,ILI incidence,2024-11-03,3,LV,ItaLuxColab,EpiEKF,WIS,1528.51291944195,-1.0163686042624684,10,10,0.0
2024-10-23,ILI incidence,2024-11-03,3,LV,ItaLuxColab,EpiNetEKF,WIS,453.817059457565,0.735577394541244,10,8,0.7090114416424776
2024-10-23,ILI incidence,2024-11-03,3,LV,MRC_GIDA,CATBoost,WIS,32.2478981805046,4.550411198728288,10,6,0.98713418307874
2024-10-23,ILI incidence,2024-11-03,3,LV,MRC_GIDA,NBEATS,WIS,13.6748670311925,5.788089526962404,10,2,0.9993874093924952
2024-10-23,ILI incidence,2024-11-03,3,LV,MRC_GIDA,NHiTS,WIS,15.3147994291128,5.624689859125689,10,4,0.998305493217939
2024-10-23,ILI incidence,2024-11-03,3,LV,MRC_GIDA,Prophet,WIS,12.7463226508286,5.88953524625008,10,1,1.0
2024-10-23,ILI incidence,2024-11-03,3,LV,RIVM,KFdlm,WIS,21.9505432226705,5.10535968846936,10,5,0.993927679504663
2024-10-23,ILI incidence,2024-11-03,3,LV,respicast,hubEnsemble,WIS,14.7712583354143,5.676823600087115,10,3,0.998664084768148
2024-10-23,ILI incidence,2024-11-03,3,LV,respicast,quantileBaseline,WIS,755.634324347826,0.0,10,9,0.5098928797681044
2024-10-23,ILI incidence,2024-11-03,3,MT,ECDC,SARIMA,WIS,722.563761027642,0.1150860876846694,9,4,0.5794878801870754
2024-10-23,ILI incidence,2024-11-03,3,MT,ECDC,soca_simplex,WIS,847.208423399797,-0.11450594512646536,9,7,0.4838198718347938
2024-10-23,ILI incidence,2024-11-03,3,MT,ISI,FluABCaster,WIS,174.683731953836,2.163465729937367,9,1,1.0
2024-10-23,ILI incidence,2024-11-03,3,MT,ISI,FluBcast,WIS,274.637362045387,1.510683083262847,9,2,0.9232829987545818
2024-10-23,ILI incidence,2024-11-03,3,MT,ItaLuxColab,EpiEKF,WIS,1477.57133794613,-0.9169448927495688,9,9,0.0
2024-10-23,ILI incidence,2024-11-03,3,MT,ItaLuxColab,EpiNetEKF,WIS,790.726631916001,-0.014968027559061368,9,6,0.5271711104405051
2024-10-23,ILI incidence,2024-11-03,3,MT,RIVM,KFdlm,WIS,1401.78466672652,-0.8409818552684065,9,8,0.058168234060289384
2024-10-23,ILI incidence,2024-11-03,3,MT,respicast,hubEnsemble,WIS,536.957391530131,0.5434033758410532,9,3,0.7219455784903386
2024-10-23,ILI incidence,2024-11-03,3,MT,respicast,quantileBaseline,WIS,782.565217391304,0.0,9,5,0.5334352075791691
2024-10-23,ILI incidence,2024-11-03,3,NL,ECDC,SARIMA,WIS,6.99605717751396,-0.18194780606955102,13,2,0.9673549641751246
2024-10-23,ILI incidence,2024-11-03,3,NL,ECDC,soca_simplex,WIS,17.5342903728329,-1.5075128654788323,13,9,0.5523460610652245
2024-10-23,ILI incidence,2024-11-03,3,NL,ISI,FluABCaster,WIS,22.0882594521452,-1.8406135600221183,13,12,0.3730050199843245
2024-10-23,ILI incidence,2024-11-03,3,NL,ISI,FluBcast,WIS,31.5598969379041,-2.3554263148524353,13,13,0.0
2024-10-23,ILI incidence,2024-11-03,3,NL,ISI,RC_AdaptEns2,WIS,11.9069353663292,-0.9491359576644534,13,4,0.7739583925987956
2024-10-23,ILI incidence,2024-11-03,3,NL,ISI,SEIR_BRW,WIS,19.4646799853932,-1.6581924466047768,13,10,0.47632488551947416
2024-10-23,ILI incidence,2024-11-03,3,NL,ItaLuxColab,EpiEKF,WIS,11.9404405747666,-0.9531898904729956,13,5,0.7726389152685492
2024-10-23,ILI incidence,2024-11-03,3,NL,ItaLuxColab,EpiNetEKF,WIS,12.6057774380521,-1.031418917256276,13,6,0.7464371111603093
2024-10-23,ILI incidence,2024-11-03,3,NL,RIVM,KFdlm,WIS,12.8637109625605,-1.0606407165366727,13,7,0.7362793639272105
2024-10-23,ILI incidence,2024-11-03,3,NL,fjordhest,ensemble,WIS,7.73901739130435,-0.3275561275571922,13,3,0.9380962547060261
2024-10-23,ILI incidence,2024-11-03,3,NL,respicast,hubEnsemble,WIS,16.2198990068034,-1.3950986574055921,13,8,0.6041084494051722
2024-10-23,ILI incidence,2024-11-03,3,NL,respicast,quantileBaseline,WIS,6.16710869565217,0.0,13,1,1.0
2024-10-23,ILI incidence,2024-11-03,3,NL,safinea,syndromic,WIS,21.0526953113391,-1.7713387696541332,13,11,0.41378684082757433
2024-10-23,ILI incidence,2024-11-03,3,NO,ECDC,SARIMA,WIS,5.64364940546366,-1.5884329950732257,18,17,0.0372070905189512
2024-10-23,ILI incidence,2024-11-03,3,NO,ECDC,soca_simplex,WIS,1.80474917762755,0.0563970259877942,18,5,0.7870510439556652
2024-10-23,ILI incidence,2024-11-03,3,NO,ISI,FluABCaster,WIS,3.18209499571243,-0.7617815327640585,18,12,0.5180171091861618
2024-10-23,ILI incidence,2024-11-03,3,NO,ISI,FluBcast,WIS,5.8341347826087,-1.6363233437533682,18,18,0.0
2024-10-23,ILI incidence,2024-11-03,3,NO,ISI,RC_AdaptEns2,WIS,1.14253893993624,0.7159520366509154,18,4,0.9163991158425485
2024-10-23,ILI incidence,2024-11-03,3,NO,ISI,SEIR_BRW,WIS,4.98756209280661,-1.4101394297140515,18,16,0.1653591849013933
2024-10-23,ILI incidence,2024-11-03,3,NO,ItaLuxColab,EpiEKF,WIS,3.72647023429016,-0.9896143633652956,18,15,0.4116854889767277
2024-10-23,ILI incidence,2024-11-03,3,NO,ItaLuxColab,EpiNetEKF,WIS,2.74301893515474,-0.5475692085857016,18,10,0.603780872130733
2024-10-23,ILI incidence,2024-11-03,3,NO,MRC_GIDA,CATBoost,WIS,0.741472063716544,1.3397311299029475,18,2,0.9947386282571777
2024-10-23,ILI incidence,2024-11-03,3,NO,MRC_GIDA,NBEATS,WIS,0.714535951089805,1.3931168667359999,18,1,1.0
2024-10-23,ILI incidence,2024-11-03,3,NO,MRC_GIDA,NHiTS,WIS,0.864474213223837,1.1183005377626398,18,3,0.9707128884374817
2024-10-23,ILI incidence,2024-11-03,3,NO,MRC_GIDA,Prophet,WIS,3.06131401653191,-0.7059556653491701,18,11,0.5416089926823706
2024-10-23,ILI incidence,2024-11-03,3,NO,QMUL,ARIMA,WIS,1.84225916636842,0.026719340640085472,18,6,0.7797243002057567
2024-10-23,ILI incidence,2024-11-03,3,NO,RIVM,KFdlm,WIS,3.31063493921336,-0.8189125621904609,18,13,0.49290968422357073
2024-10-23,ILI incidence,2024-11-03,3,NO,fjordhest,ensemble,WIS,3.61369130434783,-0.9452778982014616,18,14,0.43371434976324186
2024-10-23,ILI incidence,2024-11-03,3,NO,respicast,hubEnsemble,WIS,1.90516688752148,-0.02172200687052139,18,8,0.7674366731429159
2024-10-23,ILI incidence,2024-11-03,3,NO,respicast,quantileBaseline,WIS,1.87669652173913,0.0,18,7,0.7729977271862661
2024-10-23,ILI incidence,2024-11-03,3,NO,safinea,syndromic,WIS,2.07357638080869,-0.14392581771901797,18,9,0.7345416165516856
2024-10-23,ILI incidence,2024-11-03,3,PL,ECDC,SARIMA,WIS,26.6261350412254,0.5270452754082449,17,7,0.9384172969490371
2024-10-23,ILI incidence,2024-11-03,3,PL,ECDC,soca_simplex,WIS,25.4361358205541,0.5930087849930443,17,5,0.9444589407040291
2024-10-23,ILI incidence,2024-11-03,3,PL,ISI,FluABCaster,WIS,85.4783047340935,-1.155669993265597,17,15,0.6396239554777133
2024-10-23,ILI incidence,2024-11-03,3,PL,ISI,FluBcast,WIS,31.9801,0.26271385241959033,17,10,0.9112351371662943
2024-10-23,ILI incidence,2024-11-03,3,PL,ISI,RC_AdaptEns2,WIS,16.4234398214248,1.224131977209491,17,3,0.9902165324342694
2024-10-23,ILI incidence,2024-11-03,3,PL,ItaLuxColab,EpiEKF,WIS,35.0344400092891,0.13111446610317323,17,11,0.8957282074791185
2024-10-23,ILI incidence,2024-11-03,3,PL,ItaLuxColab,EpiNetEKF,WIS,31.5365056007614,0.2828654911627008,17,9,0.9134872725335741
2024-10-23,ILI incidence,2024-11-03,3,PL,MRC_GIDA,CATBoost,WIS,14.4964280261559,1.4041908438728774,17,1,1.0
2024-10-23,ILI incidence,2024-11-03,3,PL,MRC_GIDA,NBEATS,WIS,23.7662011484963,0.6909769848973716,17,4,0.952937223888947
2024-10-23,ILI incidence,2024-11-03,3,PL,MRC_GIDA,NHiTS,WIS,28.7944087312329,0.4140996046534671,17,8,0.9274089391528384
2024-10-23,ILI incidence,2024-11-03,3,PL,MRC_GIDA,Prophet,WIS,80.8971910702512,-1.0762013074836507,17,14,0.6628823377331641
2024-10-23,ILI incidence,2024-11-03,3,PL,QMUL,ARIMA,WIS,14.9719145018921,1.357629587703716,17,2,0.9975859480856684
2024-10-23,ILI incidence,2024-11-03,3,PL,RIVM,KFdlm,WIS,211.462563225378,-2.462442067440217,17,17,0.0
2024-10-23,ILI incidence,2024-11-03,3,PL,fjordhest,ensemble,WIS,49.1526086956522,-0.35737968484444227,17,13,0.8240500549272434
2024-10-23,ILI incidence,2024-11-03,3,PL,respicast,hubEnsemble,WIS,25.8575209982159,0.5693043341692509,17,6,0.9423195618852511
2024-10-23,ILI incidence,2024-11-03,3,PL,respicast,quantileBaseline,WIS,38.3675941304348,0.0,17,12,0.8788057343962488
2024-10-23,ILI incidence,2024-11-03,3,PL,safinea,syndromic,WIS,184.729129522,-2.2674511720182577,17,16,0.13572604080563588
2024-10-23,ILI incidence,2024-11-03,3,RO,ECDC,SARIMA,WIS,0.838877924821077,-0.5549701365083365,14,13,0.18998086575495107
2024-10-23,ILI incidence,2024-11-03,3,RO,ISI,FluABCaster,WIS,0.151956101238725,1.9098361434482862,14,1,1.0
2024-10-23,ILI incidence,2024-11-03,3,RO,ISI,FluBcast,WIS,0.366104347826087,0.6412358385124779,14,6,0.7474761008521165
2024-10-23,ILI incidence,2024-11-03,3,RO,ISI,RC_AdaptEns2,WIS,0.461903352974182,0.3058997267844385,14,10,0.6345097856942841
2024-10-23,ILI incidence,2024-11-03,3,RO,ISI,SEIR_BRW,WIS,0.999987702643517,-0.8084196078549438,14,14,0.0
2024-10-23,ILI incidence,2024-11-03,3,RO,ItaLuxColab,EpiEKF,WIS,0.168822573575429,1.7579829232494935,14,2,0.9801110332341811
2024-10-23,ILI incidence,2024-11-03,3,RO,ItaLuxColab,EpiNetEKF,WIS,0.362476681405747,0.6556025579153612,14,5,0.7517538499528935
2024-10-23,ILI incidence,2024-11-03,3,RO,MRC_GIDA,CATBoost,WIS,0.39887241312031,0.51756339862531,14,7,0.7088359543765115
2024-10-23,ILI incidence,2024-11-03,3,RO,MRC_GIDA,NBEATS,WIS,0.661473680894135,-0.21219300925461376,14,12,0.3991761877607184
2024-10-23,ILI incidence,2024-11-03,3,RO,MRC_GIDA,NHiTS,WIS,0.439859885829191,0.3764467086822789,14,9,0.6605034716706972
2024-10-23,ILI incidence,2024-11-03,3,RO,MRC_GIDA,Prophet,WIS,0.260929074342242,1.1298330384110071,14,3,0.8714989241874953
2024-10-23,ILI incidence,2024-11-03,3,RO,RIVM,KFdlm,WIS,0.417883175482918,0.45039107052668814,14,8,0.6864184379406663
2024-10-23,ILI incidence,2024-11-03,3,RO,respicast,hubEnsemble,WIS,0.332680806342674,0.7793521116877921,14,4,0.7868891857277812
2024-10-23,ILI incidence,2024-11-03,3,RO,respicast,quantileBaseline,WIS,0.571,0.0,14,11,0.5058628734269867
2024-10-23,ILI incidence,2024-11-03,3,SI,ECDC,SARIMA,WIS,7.24552458017285,-1.0586158086184367,16,13,0.5497653047483654
2024-10-23,ILI incidence,2024-11-03,3,SI,ISI,FluABCaster,WIS,5.9327277365514,-0.770221239569548,16,10,0.641015966182601
2024-10-23,ILI incidence,2024-11-03,3,SI,ISI,FluBcast,WIS,5.96526956521739,-0.7781129965961864,16,11,0.6387540294598864
2024-10-23,ILI incidence,2024-11-03,3,SI,ISI,RC_AdaptEns2,WIS,9.02543019337101,-1.3755213621958888,16,15,0.4260465699845009
2024-10-23,ILI incidence,2024-11-03,3,SI,ISI,SEIR_BRW,WIS,4.77945430026229,-0.45837156932843326,16,9,0.7211783800299795
2024-10-23,ILI incidence,2024-11-03,3,SI,ItaLuxColab,EpiEKF,WIS,4.18195032853318,-0.26570158939650523,16,7,0.76271004038914
2024-10-23,ILI incidence,2024-11-03,3,SI,ItaLuxColab,EpiNetEKF,WIS,6.88349070891652,-0.9846660232747226,16,12,0.5749297697409876
2024-10-23,ILI incidence,2024-11-03,3,SI,MRC_GIDA,CATBoost,WIS,0.768128389009964,2.17905496106687,16,1,1.0
2024-10-23,ILI incidence,2024-11-03,3,SI,MRC_GIDA,NBEATS,WIS,1.80415127831245,0.947154023074472,16,3,0.9279875066967179
2024-10-23,ILI incidence,2024-11-03,3,SI,MRC_GIDA,NHiTS,WIS,2.572803614137,0.4351329986492579,16,4,0.8745595643629492
2024-10-23,ILI incidence,2024-11-03,3,SI,MRC_GIDA,Prophet,WIS,1.57530471698545,1.1428434154865852,16,2,0.943894309176859
2024-10-23,ILI incidence,2024-11-03,3,SI,RIVM,KFdlm,WIS,15.1548388302004,-2.123232267310343,16,16,0.0
2024-10-23,ILI incidence,2024-11-03,3,SI,fjordhest,ensemble,WIS,4.48579130434783,-0.3668881655592321,16,8,0.7415904816785729
2024-10-23,ILI incidence,2024-11-03,3,SI,respicast,hubEnsemble,WIS,3.35583515643578,0.05180248668752944,16,5,0.8201321436193655
2024-10-23,ILI incidence,2024-11-03,3,SI,respicast,quantileBaseline,WIS,3.47852173913044,0.0,16,6,0.8116043718819573
2024-10-23,ILI incidence,2024-11-03,3,SI,safinea,syndromic,WIS,7.91005126719913,-1.1852127083272732,16,14,0.5035749897529597
2024-10-23,ILI incidence,2024-11-10,4,AT,ECDC,SARIMA,WIS,723.466894744221,-0.15308374174198675,10,9,0.10904388209061382
2024-10-23,ILI incidence,2024-11-10,4,AT,ItaLuxColab,EpiEKF,WIS,218.719503301131,1.5727613881890705,10,5,0.8290841247517258
2024-10-23,ILI incidence,2024-11-10,4,AT,ItaLuxColab,EpiNetEKF,WIS,330.123982062734,0.9788353121263129,10,6,0.6701616433661364
2024-10-23,ILI incidence,2024-11-10,4,AT,MRC_GIDA,CATBoost,WIS,98.907669077885,2.7176889662174535,10,1,1.0
2024-10-23,ILI incidence,2024-11-10,4,AT,MRC_GIDA,NBEATS,WIS,799.906532110392,-0.2979881731010129,10,10,0.0
2024-10-23,ILI incidence,2024-11-10,4,AT,MRC_GIDA,NHiTS,WIS,136.493798958608,2.2530078503313407,10,3,0.9463820387409387
2024-10-23,ILI incidence,2024-11-10,4,AT,MRC_GIDA,Prophet,WIS,213.015560615209,1.610884437963723,10,4,0.8372210034069163
2024-10-23,ILI incidence,2024-11-10,4,AT,RIVM,KFdlm,WIS,644.259148937283,0.014202140451391532,10,7,0.2220365700734257
2024-10-23,ILI incidence,2024-11-10,4,AT,respicast,hubEnsemble,WIS,105.948692706614,2.6184774734671468,10,2,0.9899557274625672
2024-10-23,ILI incidence,2024-11-10,4,AT,respicast,quantileBaseline,WIS,650.632667391304,0.0,10,8,0.21294451758927577
2024-10-23,ILI incidence,2024-11-10,4,BE,ECDC,SARIMA,WIS,61.3308716952299,0.3059289255110945,18,1,1.0
2024-10-23,ILI incidence,2024-11-10,4,BE,ECDC,soca_simplex,WIS,406.702496611603,-2.4233595602910163,18,18,0.0
2024-10-23,ILI incidence,2024-11-10,4,BE,ISI,FluABCaster,WIS,256.689040456424,-1.7594074134492441,18,16,0.4343537376340708
2024-10-23,ILI incidence,2024-11-10,4,BE,ISI,FluBcast,WIS,69.9250874175113,0.11673222934797688,18,3,0.9751160341433308
2024-10-23,ILI incidence,2024-11-10,4,BE,ISI,RC_AdaptEns2,WIS,189.170423749967,-1.3190722583385484,18,15,0.6298492903529882
2024-10-23,ILI incidence,2024-11-10,4,BE,ISI,SEIR_BRW,WIS,144.07776747733,-0.9262334448311346,18,13,0.7604120031512835
2024-10-23,ILI incidence,2024-11-10,4,BE,ItaLuxColab,EpiEKF,WIS,108.626792006863,-0.5187656904901377,18,10,0.863057886347539
2024-10-23,ILI incidence,2024-11-10,4,BE,ItaLuxColab,EpiNetEKF,WIS,111.03037957776,-0.5503401868364239,18,11,0.8560984623604672
2024-10-23,ILI incidence,2024-11-10,4,BE,MRC_GIDA,CATBoost,WIS,111.363942021638,-0.5546678984525124,18,12,0.85513265503927
2024-10-23,ILI incidence,2024-11-10,4,BE,MRC_GIDA,NBEATS,WIS,88.0625617009822,-0.21598643059660116,18,7,0.9226002135750875
2024-10-23,ILI incidence,2024-11-10,4,BE,MRC_GIDA,NHiTS,WIS,107.997620962178,-0.5103852454056154,18,8,0.864879608224191
2024-10-23,ILI incidence,2024-11-10,4,BE,MRC_GIDA,Prophet,WIS,69.6389537219721,0.12264785401170354,18,2,0.9759445147563762
2024-10-23,ILI incidence,2024-11-10,4,BE,QMUL,ARIMA,WIS,76.1102663629049,-0.005548687478533664,18,6,0.9572072700782712
2024-10-23,ILI incidence,2024-11-10,4,BE,RIVM,KFdlm,WIS,257.426293316974,-1.76354513004712,18,17,0.4322190722262553
2024-10-23,ILI incidence,2024-11-10,4,BE,fjordhest,ensemble,WIS,74.4639391304348,0.026000445105118716,18,4,0.9619740983690108
2024-10-23,ILI incidence,2024-11-10,4,BE,respicast,hubEnsemble,WIS,108.472405063852,-0.5167137868662486,18,9,0.8635049032182748
2024-10-23,ILI incidence,2024-11-10,4,BE,respicast,quantileBaseline,WIS,75.8181041304348,0.0,18,5,0.9580532059091051
2024-10-23,ILI incidence,2024-11-10,4,BE,safinea,syndromic,WIS,183.450124713257,-1.2747735985991524,18,14,0.6464120263278822
2024-10-23,ILI incidence,2024-11-10,4,CH,ECDC,SARIMA,WIS,2.21358558818943,1.3017734504973695,11,1,1.0
2024-10-23,ILI incidence,2024-11-10,4,CH,ECDC,soca_simplex,WIS,7.19434927945299,-0.39870559602171646,11,4,0.8566686384803881
2024-10-23,ILI incidence,2024-11-10,4,CH,ISI,FluABCaster,WIS,36.9635777633635,-2.7598738923908797,11,11,0.0
2024-10-23,ILI incidence,2024-11-10,4,CH,ISI,FluBcast,WIS,32.6495077792322,-2.580830730142595,11,10,0.12414592677846238
2024-10-23,ILI incidence,2024-11-10,4,CH,ISI,SEIR_BRW,WIS,13.5306679079778,-1.31000254428247,11,8,0.6743284930039937
2024-10-23,ILI incidence,2024-11-10,4,CH,ItaLuxColab,EpiEKF,WIS,8.04999614261788,-0.5608294851676127,11,5,0.8320457016218246
2024-10-23,ILI incidence,2024-11-10,4,CH,ItaLuxColab,EpiNetEKF,WIS,7.13496133194654,-0.38674700425816794,11,3,0.8583776445488521
2024-10-23,ILI incidence,2024-11-10,4,CH,RIVM,KFdlm,WIS,12.3859851055008,-1.1824781044227912,11,7,0.7072690127228665
2024-10-23,ILI incidence,2024-11-10,4,CH,respicast,hubEnsemble,WIS,12.0470130233946,-1.1424449723066932,11,6,0.7170236072101818
2024-10-23,ILI incidence,2024-11-10,4,CH,respicast,quantileBaseline,WIS,5.45719125826597,0.0,11,2,0.9066588086199967
2024-10-23,ILI incidence,2024-11-10,4,CH,safinea,syndromic,WIS,16.809115566055,-1.6230133053904403,11,9,0.5799846542615098
2024-10-23,ILI incidence,2024-11-10,4,CZ,ECDC,SARIMA,WIS,8.27883340253413,-0.8988707773663579,17,12,0.6342826015112425
2024-10-23,ILI incidence,2024-11-10,4,CZ,ECDC,soca_simplex,WIS,9.42460618161557,-1.0858756251035873,17,14,0.5776889855072331
2024-10-23,ILI incidence,2024-11-10,4,CZ,ISI,FluABCaster,WIS,8.31135221128829,-0.9045265048308798,17,13,0.6326763869029532
2024-10-23,ILI incidence,2024-11-10,4,CZ,ISI,FluBcast,WIS,15.118883898781,-1.7677230264155885,17,15,0.2964292345086095
2024-10-23,ILI incidence,2024-11-10,4,CZ,ISI,RC_AdaptEns2,WIS,6.67469941551866,-0.5881461589763358,17,9,0.7135162371304398
2024-10-23,ILI incidence,2024-11-10,4,CZ,ItaLuxColab,EpiEKF,WIS,6.68846328814296,-0.5911180718746203,17,10,0.71283639263051
2024-10-23,ILI incidence,2024-11-10,4,CZ,ItaLuxColab,EpiNetEKF,WIS,7.76626223387472,-0.8066637119789789,17,11,0.6596002355338387
2024-10-23,ILI incidence,2024-11-10,4,CZ,MRC_GIDA,CATBoost,WIS,0.874658345135202,2.343765216361362,17,1,1.0
2024-10-23,ILI incidence,2024-11-10,4,CZ,MRC_GIDA,NBEATS,WIS,2.91334530276081,0.6078800035042793,17,2,0.8993023146135987
2024-10-23,ILI incidence,2024-11-10,4,CZ,MRC_GIDA,NHiTS,WIS,3.54599232948395,0.32436729433506295,17,3,0.8680537254080222
2024-10-23,ILI incidence,2024-11-10,4,CZ,MRC_GIDA,Prophet,WIS,3.73174404379939,0.25070667308385913,17,5,0.8588788162253462
2024-10-23,ILI incidence,2024-11-10,4,CZ,QMUL,ARIMA,WIS,3.54643406742278,0.32418758344378773,17,4,0.8680319064682281
2024-10-23,ILI incidence,2024-11-10,4,CZ,RIVM,KFdlm,WIS,21.1202771972734,-2.2500001548374815,17,17,0.0
2024-10-23,ILI incidence,2024-11-10,4,CZ,fjordhest,ensemble,WIS,4.70866956521739,-0.08476277406335465,17,7,0.8106251407732461
2024-10-23,ILI incidence,2024-11-10,4,CZ,respicast,hubEnsemble,WIS,5.03611206207045,-0.181753676027688,17,8,0.7944516417439249
2024-10-23,ILI incidence,2024-11-10,4,CZ,respicast,quantileBaseline,WIS,4.43999086956522,0.0,17,6,0.8238960957198169
2024-10-23,ILI incidence,2024-11-10,4,CZ,safinea,syndromic,WIS,18.8538831583913,-2.086233077612768,17,16,0.11194491289372156
2024-10-23,ILI incidence,2024-11-10,4,DK,ECDC,SARIMA,WIS,13.8537971176706,0.04331920846534786,16,6,0.7909089828105799
2024-10-23,ILI incidence,2024-11-10,4,DK,ECDC,soca_simplex,WIS,9.32562577200263,0.6143282179281484,16,2,0.8936178837707691
2024-10-23,ILI incidence,2024-11-10,4,DK,ISI,FluABCaster,WIS,20.019772626423,-0.48782492895246476,16,11,0.6510510756098573
2024-10-23,ILI incidence,2024-11-10,4,DK,ISI,RC_AdaptEns2,WIS,4.63551181014221,1.6228001182379523,16,1,1.0
2024-10-23,ILI incidence,2024-11-10,4,DK,ItaLuxColab,EpiEKF,WIS,19.0711058700858,-0.41778784319290363,16,10,0.67256892740539
2024-10-23,ILI incidence,2024-11-10,4,DK,ItaLuxColab,EpiNetEKF,WIS,14.9805243791152,-0.06948746488168316,16,9,0.7653523265202717
2024-10-23,ILI incidence,2024-11-10,4,DK,MRC_GIDA,CATBoost,WIS,32.0395260605499,-1.166252147097033,16,15,0.37841659012098644
2024-10-23,ILI incidence,2024-11-10,4,DK,MRC_GIDA,NBEATS,WIS,21.7185313491897,-0.6053258885208289,16,12,0.6125194856825409
2024-10-23,ILI incidence,2024-11-10,4,DK,MRC_GIDA,NHiTS,WIS,10.4344650227625,0.4522440248642119,16,4,0.8684669669672298
2024-10-23,ILI incidence,2024-11-10,4,DK,MRC_GIDA,Prophet,WIS,28.0004540657339,-0.9718495626601152,16,13,0.4700316403958639
2024-10-23,ILI incidence,2024-11-10,4,DK,QMUL,ARIMA,WIS,10.1917464768214,0.48619936435620786,16,3,0.8739723582594818
2024-10-23,ILI incidence,2024-11-10,4,DK,RIVM,KFdlm,WIS,31.6344674721453,-1.1478966500606846,16,14,0.38760421118557437
2024-10-23,ILI incidence,2024-11-10,4,DK,fjordhest,ensemble,WIS,14.837252173913,-0.05562327280833528,16,8,0.768602055740112
2024-10-23,ILI incidence,2024-11-10,4,DK,respicast,hubEnsemble,WIS,12.4060670257584,0.20255483554322623,16,5,0.8237466904140146
2024-10-23,ILI incidence,2024-11-10,4,DK,respicast,quantileBaseline,WIS,14.2760876086957,0.0,16,7,0.7813305042354217
2024-10-23,ILI incidence,2024-11-10,4,DK,safinea,syndromic,WIS,48.7229404880435,-1.7710005442751748,16,16,0.0
2024-10-23,ILI incidence,2024-11-10,4,EE,ItaLuxColab,EpiEKF,WIS,47.6370217245723,-1.3806418085396759,5,3,0.8628013323095736
2024-10-23,ILI incidence,2024-11-10,4,EE,ItaLuxColab,EpiNetEKF,WIS,26.4391937423384,-0.5312367729135944,5,2,0.9619186910869052
2024-10-23,ILI incidence,2024-11-10,4,EE,RIVM,KFdlm,WIS,232.160847326384,-3.66561137495345,5,5,0.0
2024-10-23,ILI incidence,2024-11-10,4,EE,respicast,hubEnsemble,WIS,114.174691153644,-2.6417295721501395,5,4,0.5516827564566057
2024-10-23,ILI incidence,2024-11-10,4,EE,respicast,quantileBaseline,WIS,18.2948984782609,0.0,5,1,1.0
2024-10-23,ILI incidence,2024-11-10,4,FR,ECDC,SARIMA,WIS,24.0565819706948,0.33582718786953086,18,5,0.8331860768002145
2024-10-23,ILI incidence,2024-11-10,4,FR,ECDC,soca_simplex,WIS,70.2098000942061,-1.2094135576540763,18,14,0.32944201713194887
2024-10-23,ILI incidence,2024-11-10,4,FR,ISI,FluABCaster,WIS,70.2701982346286,-1.2106541058327787,18,15,0.3287827953985603
2024-10-23,ILI incidence,2024-11-10,4,FR,ISI,FluBcast,WIS,100.393400245746,-1.7253336634448702,18,18,0.0
2024-10-23,ILI incidence,2024-11-10,4,FR,ISI,RC_AdaptEns2,WIS,69.637001602513,-1.1975952228104556,18,13,0.335693885350654
2024-10-23,ILI incidence,2024-11-10,4,FR,ISI,SEIR_BRW,WIS,43.7873163675482,-0.5282541701309839,18,12,0.6178329411053497
2024-10-23,ILI incidence,2024-11-10,4,FR,ItaLuxColab,EpiEKF,WIS,27.144430296438,0.16160265752643266,18,7,0.7994834377537436
2024-10-23,ILI incidence,2024-11-10,4,FR,ItaLuxColab,EpiNetEKF,WIS,36.7298758291886,-0.27469515620583956,18,11,0.6948621037987655
2024-10-23,ILI incidence,2024-11-10,4,FR,MRC_GIDA,CATBoost,WIS,14.6400194889573,1.0523413884717165,18,3,0.9359641192755208
2024-10-23,ILI incidence,2024-11-10,4,FR,MRC_GIDA,NBEATS,WIS,15.9031401035225,0.9329472062679284,18,4,0.9221776590436696
2024-10-23,ILI incidence,2024-11-10,4,FR,MRC_GIDA,NHiTS,WIS,8.77302827767767,1.7911120387807464,18,1,1.0
2024-10-23,ILI incidence,2024-11-10,4,FR,MRC_GIDA,Prophet,WIS,11.6230791191761,1.3852665527905519,18,2,0.9688928261228656
2024-10-23,ILI incidence,2024-11-10,4,FR,QMUL,ARIMA,WIS,24.4018200390117,0.3152701056856074,18,6,0.8294179402940974
2024-10-23,ILI incidence,2024-11-10,4,FR,RIVM,KFdlm,WIS,98.3014197845677,-1.694953391185993,18,17,0.022833136520198753
2024-10-23,ILI incidence,2024-11-10,4,FR,fjordhest,ensemble,WIS,34.2414173913044,-0.17348355935427381,18,10,0.7220226400903174
2024-10-23,ILI incidence,2024-11-10,4,FR,respicast,hubEnsemble,WIS,30.9310820667215,-0.026798441702098927,18,9,0.7581536364339757
2024-10-23,ILI incidence,2024-11-10,4,FR,respicast,quantileBaseline,WIS,30.3618323913043,0.0,18,8,0.7643667707313958
2024-10-23,ILI incidence,2024-11-10,4,FR,safinea,syndromic,WIS,93.7592529975435,-1.626702212881846,18,16,0.0724090844175424
2024-10-23,ILI incidence,2024-11-10,4,GB-ENG,ECDC,SARIMA,WIS,0.114319750820308,1.9142652661786057,8,1,1.0
2024-10-23,ILI incidence,2024-11-10,4,GB-ENG,ECDC,soca_simplex,WIS,0.536781819573812,-0.31699586616507464,8,5,0.5068349768591717
2024-10-23,ILI incidence,2024-11-10,4,GB-ENG,ISI,FluABCaster,WIS,0.371013442016061,0.2158684857163996,8,3,0.7003462333738615
2024-10-23,ILI incidence,2024-11-10,4,GB-ENG,ISI,SEIR_BRW,WIS,0.970954039405826,-1.1720630634459743,8,8,0.0
2024-10-23,ILI incidence,2024-11-10,4,GB-ENG,ItaLuxColab,EpiEKF,WIS,0.599543983261568,-0.47652565222574833,8,6,0.43356898164505364
2024-10-23,ILI incidence,2024-11-10,4,GB-ENG,RIVM,KFdlm,WIS,0.630986077935109,-0.5502682308381375,8,7,0.396864760144116
2024-10-23,ILI incidence,2024-11-10,4,GB-ENG,respicast,hubEnsemble,WIS,0.365824678475691,0.23618754077304088,8,2,0.7064033847271394
2024-10-23,ILI incidence,2024-11-10,4,GB-ENG,respicast,quantileBaseline,WIS,0.430896070823763,0.0,8,4,0.6304416899699536
2024-10-23,ILI incidence,2024-11-10,4,GB-NIR,ISI,FluABCaster,WIS,0.391822062659967,1.171491522625267,7,2,0.9978416125581676
2024-10-23,ILI incidence,2024-11-10,4,GB-NIR,ISI,SEIR_BRW,WIS,2.33167864721001,-1.401606906795169,7,7,0.0
2024-10-23,ILI incidence,2024-11-10,4,GB-NIR,ItaLuxColab,EpiEKF,WIS,1.13610499271824,-0.36433410443252745,7,6,0.6149903827075177
2024-10-23,ILI incidence,2024-11-10,4,GB-NIR,RIVM,KFdlm,WIS,0.783201033861691,0.17230748821415984,7,4,0.7965204288914529
2024-10-23,ILI incidence,2024-11-10,4,GB-NIR,respicast,hubEnsemble,WIS,0.387626043934796,1.1870246513451723,7,1,1.0
2024-10-23,ILI incidence,2024-11-10,4,GB-NIR,respicast,quantileBaseline,WIS,0.882557427997692,0.0,7,5,0.7454125555918253
2024-10-23,ILI incidence,2024-11-10,4,GB-NIR,safinea,syndromic,WIS,0.775308240727242,0.18692015821735933,7,3,0.8005803978044091
2024-10-23,ILI incidence,2024-11-10,4,GB-SCT,ECDC,SARIMA,WIS,0.739597632493669,0.18504014094252969,9,6,0.5309929367352079
2024-10-23,ILI incidence,2024-11-10,4,GB-SCT,ECDC,soca_simplex,WIS,0.96676181137606,-0.2013797379688771,9,8,0.10484683048897535
2024-10-23,ILI incidence,2024-11-10,4,GB-SCT,ISI,FluABCaster,WIS,1.02265213586183,-0.28246283046332915,9,9,0.0
2024-10-23,ILI incidence,2024-11-10,4,GB-SCT,ISI,SEIR_BRW,WIS,0.489585716732958,0.7802192783349301,9,1,1.0
2024-10-23,ILI incidence,2024-11-10,4,GB-SCT,ItaLuxColab,EpiEKF,WIS,0.621317894793717,0.43644914107749033,9,4,0.7528784906840812
2024-10-23,ILI incidence,2024-11-10,4,GB-SCT,RIVM,KFdlm,WIS,0.506790969851552,0.7303899291700812,9,2,0.967723997420977
2024-10-23,ILI incidence,2024-11-10,4,GB-SCT,respicast,hubEnsemble,WIS,0.690177843731907,0.2848125867727379,9,5,0.6237014379432243
2024-10-23,ILI incidence,2024-11-10,4,GB-SCT,respicast,quantileBaseline,WIS,0.840810536018692,0.0,9,7,0.34112371989272994
2024-10-23,ILI incidence,2024-11-10,4,GB-SCT,safinea,syndromic,WIS,0.61973205272357,0.44013616066933914,9,3,0.7558534334177438
2024-10-23,ILI incidence,2024-11-10,4,GB-WLS,respicast,quantileBaseline,WIS,1.37920844328968,0.0,1,1,0.0
2024-10-23,ILI incidence,2024-11-10,4,GR,ECDC,SARIMA,WIS,67.4496023015798,0.19814642279030809,17,8,0.8876549876589113
2024-10-23,ILI incidence,2024-11-10,4,GR,ECDC,soca_simplex,WIS,28.5339015634257,1.4392793332034777,17,3,0.974107970933443
2024-10-23,ILI incidence,2024-11-10,4,GR,ISI,FluABCaster,WIS,38.9768535321593,0.9893387280572292,17,4,0.9509084824297064
2024-10-23,ILI incidence,2024-11-10,4,GR,ISI,FluBcast,WIS,78.3801496302394,-0.018531967568177928,17,10,0.8633722840852455
2024-10-23,ILI incidence,2024-11-10,4,GR,ISI,RC_AdaptEns2,WIS,79.8408329746709,-0.04517041277936637,17,11,0.8601273101968089
2024-10-23,ILI incidence,2024-11-10,4,GR,ItaLuxColab,EpiEKF,WIS,88.0373804062268,-0.18615985827075673,17,13,0.8419183106267597
2024-10-23,ILI incidence,2024-11-10,4,GR,ItaLuxColab,EpiNetEKF,WIS,47.5288456662489,0.7031529962152983,17,7,0.9319098464316785
2024-10-23,ILI incidence,2024-11-10,4,GR,MRC_GIDA,CATBoost,WIS,101.070518639802,-0.3853339728125007,17,14,0.8129646065857264
2024-10-23,ILI incidence,2024-11-10,4,GR,MRC_GIDA,NBEATS,WIS,27.4089910481252,1.4973071374060316,17,2,0.9766070103473543
2024-10-23,ILI incidence,2024-11-10,4,GR,MRC_GIDA,NHiTS,WIS,16.8789370209291,2.1967323087346315,17,1,1.0
2024-10-23,ILI incidence,2024-11-10,4,GR,MRC_GIDA,Prophet,WIS,450.04502101747,-2.5400410664697635,17,16,0.037702019891119896
2024-10-23,ILI incidence,2024-11-10,4,GR,QMUL,ARIMA,WIS,43.2843337776863,0.8381114054961601,17,6,0.9413392209090776
2024-10-23,ILI incidence,2024-11-10,4,GR,RIVM,KFdlm,WIS,111.844501971988,-0.531466073808385,17,15,0.7890297169871859
2024-10-23,ILI incidence,2024-11-10,4,GR,fjordhest,ensemble,WIS,80.3265043478261,-0.053919735091597504,17,12,0.8590483693502127
2024-10-23,ILI incidence,2024-11-10,4,GR,respicast,hubEnsemble,WIS,39.5379585591071,0.9687179763872096,17,5,0.9496619623211165
2024-10-23,ILI incidence,2024-11-10,4,GR,respicast,quantileBaseline,WIS,77.3797656521739,0.0,17,9,0.8655946821837851
2024-10-23,ILI incidence,2024-11-10,4,GR,safinea,syndromic,WIS,467.016101340374,-2.5934440260317273,17,17,0.0
2024-10-23,ILI incidence,2024-11-10,4,HR,ECDC,SARIMA,WIS,7.08884454247044,-2.6314634401304464,10,10,0.0
2024-10-23,ILI incidence,2024-11-10,4,HR,ECDC,soca_simplex,WIS,4.30288783075716,-1.9112181799617782,10,9,0.4079457701451142
2024-10-23,ILI incidence,2024-11-10,4,HR,ISI,FluABCaster,WIS,0.399382156917673,1.5182452676554687,10,2,0.9795334842273559
2024-10-23,ILI incidence,2024-11-10,4,HR,ISI,FluBcast,WIS,0.699696909004955,0.7092850286153563,10,3,0.9355585967816553
2024-10-23,ILI incidence,2024-11-10,4,HR,ISI,SEIR_BRW,WIS,0.259611552207392,2.1396605651246214,10,1,1.0
2024-10-23,ILI incidence,2024-11-10,4,HR,ItaLuxColab,EpiEKF,WIS,2.01429358676586,-0.816186921845404,10,8,0.7430630881886371
2024-10-23,ILI incidence,2024-11-10,4,HR,ItaLuxColab,EpiNetEKF,WIS,1.04266367451645,0.13381318031349118,10,6,0.8853382036569093
2024-10-23,ILI incidence,2024-11-10,4,HR,RIVM,KFdlm,WIS,0.817427370025706,0.484924596892854,10,5,0.9183194044464973
2024-10-23,ILI incidence,2024-11-10,4,HR,respicast,hubEnsemble,WIS,0.708041512770566,0.6921811984009016,10,4,0.9343367020567999
2024-10-23,ILI incidence,2024-11-10,4,HR,respicast,quantileBaseline,WIS,1.144,0.0,10,7,0.8704995935775588
2024-10-23,ILI incidence,2024-11-10,4,HU,ECDC,SARIMA,WIS,27.9030131519549,0.11478016111984636,13,6,0.9203604217715489
2024-10-23,ILI incidence,2024-11-10,4,HU,ECDC,soca_simplex,WIS,144.790906313349,-2.260698007415873,13,12,0.22261005277103066
2024-10-23,ILI incidence,2024-11-10,4,HU,ISI,RC_AdaptEns2,WIS,56.5523026852246,-0.9043846854345945,13,11,0.74934140686091
2024-10-23,ILI incidence,2024-11-10,4,HU,ItaLuxColab,EpiEKF,WIS,43.1037771048067,-0.5126132122285147,13,9,0.8296210100982858
2024-10-23,ILI incidence,2024-11-10,4,HU,ItaLuxColab,EpiNetEKF,WIS,42.434238474978,-0.4900277037349552,13,8,0.8336177527325125
2024-10-23,ILI incidence,2024-11-10,4,HU,MRC_GIDA,CATBoost,WIS,15.2685638420735,0.9846367144193845,13,2,0.9957804796548383
2024-10-23,ILI incidence,2024-11-10,4,HU,MRC_GIDA,NBEATS,WIS,46.268427229161,-0.6148269758545502,13,10,0.810729953614131
2024-10-23,ILI incidence,2024-11-10,4,HU,MRC_GIDA,NHiTS,WIS,14.5617052502191,1.053021770938011,13,1,1.0
2024-10-23,ILI incidence,2024-11-10,4,HU,MRC_GIDA,Prophet,WIS,27.3428825904345,0.14403573799421665,13,5,0.923704064089147
2024-10-23,ILI incidence,2024-11-10,4,HU,QMUL,ARIMA,WIS,23.6782361242545,0.3516394698395673,13,4,0.9455797977932605
2024-10-23,ILI incidence,2024-11-10,4,HU,RIVM,KFdlm,WIS,182.082782062874,-2.591321517567849,13,13,0.0
2024-10-23,ILI incidence,2024-11-10,4,HU,respicast,hubEnsemble,WIS,20.7203303323859,0.544154080070995,13,3,0.9632367150489711
2024-10-23,ILI incidence,2024-11-10,4,HU,respicast,quantileBaseline,WIS,30.2136626086957,0.0,13,7,0.9065672352620991
2024-10-23,ILI incidence,2024-11-10,4,IE,ECDC,SARIMA,WIS,4.93380946632932,-1.2769644413566865,18,10,0.7579328406669705
2024-10-23,ILI incidence,2024-11-10,4,IE,ECDC,soca_simplex,WIS,2.99148941958653,-0.5551263990096338,18,3,0.9041113972407959
2024-10-23,ILI incidence,2024-11-10,4,IE,ISI,FluABCaster,WIS,11.537345216995,-2.502501826530361,18,17,0.2609522704799245
2024-10-23,ILI incidence,2024-11-10,4,IE,ISI,FluBcast,WIS,15.0046993767019,-2.8816049479057204,18,18,0.0
2024-10-23,ILI incidence,2024-11-10,4,IE,ISI,RC_AdaptEns2,WIS,4.25011411097375,-1.0617640151604693,18,7,0.8093875946606313
2024-10-23,ILI incidence,2024-11-10,4,IE,ISI,SEIR_BRW,WIS,10.4173919490995,-2.3551846697218717,18,16,0.3452396938660162
2024-10-23,ILI incidence,2024-11-10,4,IE,ItaLuxColab,EpiEKF,WIS,4.2472574963435,-1.0607940154696245,18,6,0.8096025828156667
2024-10-23,ILI incidence,2024-11-10,4,IE,ItaLuxColab,EpiNetEKF,WIS,5.13520884860897,-1.3346853906362595,18,12,0.7427755698320895
2024-10-23,ILI incidence,2024-11-10,4,IE,MRC_GIDA,CATBoost,WIS,4.13309203313053,-1.0214839276950989,18,5,0.8181946491185607
2024-10-23,ILI incidence,2024-11-10,4,IE,MRC_GIDA,NBEATS,WIS,5.50675062315207,-1.435463715154352,18,14,0.7148134219869563
2024-10-23,ILI incidence,2024-11-10,4,IE,MRC_GIDA,NHiTS,WIS,4.83558449765988,-1.2479527235128198,18,9,0.7653252290448214
2024-10-23,ILI incidence,2024-11-10,4,IE,MRC_GIDA,Prophet,WIS,1.71738766513873,0.2455218264153664,18,1,1.0
2024-10-23,ILI incidence,2024-11-10,4,IE,QMUL,ARIMA,WIS,4.52627770262996,-1.1525875401855652,18,8,0.7886035867551134
2024-10-23,ILI incidence,2024-11-10,4,IE,RIVM,KFdlm,WIS,5.04772632896608,-1.3098961328715328,18,11,0.7493594839858275
2024-10-23,ILI incidence,2024-11-10,4,IE,fjordhest,ensemble,WIS,3.76182608695652,-0.8856955917311132,18,4,0.8461360381845612
2024-10-23,ILI incidence,2024-11-10,4,IE,respicast,hubEnsemble,WIS,5.21722971611609,-1.357546395625681,18,13,0.7366026983523196
2024-10-23,ILI incidence,2024-11-10,4,IE,respicast,quantileBaseline,WIS,2.036,0.0,18,2,0.976021309518614
2024-10-23,ILI incidence,2024-11-10,4,IE,safinea,syndromic,WIS,10.1338190169478,-2.3153685021336985,18,15,0.3665813270200666
2024-10-23,ILI incidence,2024-11-10,4,IS,respicast,quantileBaseline,WIS,0.964304347826087,0.0,1,1,0.0
2024-10-23,ILI incidence,2024-11-10,4,IT,respicast,quantileBaseline,WIS,165.369055869565,0.0,1,1,0.0
2024-10-23,ILI incidence,2024-11-10,4,LT,ECDC,SARIMA,WIS,8.36551993332989,-1.177624837346145,16,16,0.0
2024-10-23,ILI incidence,2024-11-10,4,LT,ECDC,soca_simplex,WIS,2.44628443996037,0.5962382100613721,16,13,0.7585922310257189
2024-10-23,ILI incidence,2024-11-10,4,LT,ISI,FluABCaster,WIS,0.723190360795995,2.3543830182947585,16,2,0.979419022466049
2024-10-23,ILI incidence,2024-11-10,4,LT,ISI,FluBcast,WIS,0.562598612390555,2.716652472541077,16,1,1.0
2024-10-23,ILI incidence,2024-11-10,4,LT,ISI,SEIR_BRW,WIS,0.809028744203064,2.1925675054216955,16,3,0.9684182216279423
2024-10-23,ILI incidence,2024-11-10,4,LT,ItaLuxColab,EpiEKF,WIS,1.99601660624791,0.8897066484992936,16,10,0.8162972642040178
2024-10-23,ILI incidence,2024-11-10,4,LT,ItaLuxColab,EpiNetEKF,WIS,1.26914661614227,1.542971628151697,16,8,0.9094508358227738
2024-10-23,ILI incidence,2024-11-10,4,LT,MRC_GIDA,CATBoost,WIS,1.49183843849842,1.3097390673765827,16,9,0.8809112910552838
2024-10-23,ILI incidence,2024-11-10,4,LT,MRC_GIDA,NBEATS,WIS,0.969194684999166,1.931971973728559,16,6,0.9478918143750212
2024-10-23,ILI incidence,2024-11-10,4,LT,MRC_GIDA,NHiTS,WIS,2.43758143029905,0.6013799573996692,16,12,0.7597075837639256
2024-10-23,ILI incidence,2024-11-10,4,LT,MRC_GIDA,Prophet,WIS,1.26464300233244,1.5481001898162938,16,7,0.9100280060420536
2024-10-23,ILI incidence,2024-11-10,4,LT,RIVM,KFdlm,WIS,2.19441426031908,0.7529944693769437,16,11,0.7908711903131066
2024-10-23,ILI incidence,2024-11-10,4,LT,fjordhest,ensemble,WIS,4.58803913043478,-0.3110473238471317,16,15,0.4841110973089202
2024-10-23,ILI incidence,2024-11-10,4,LT,respicast,hubEnsemble,WIS,0.878671078627433,2.0734352583395856,16,5,0.9594930599404239
2024-10-23,ILI incidence,2024-11-10,4,LT,respicast,quantileBaseline,WIS,3.69821826086956,0.0,16,14,0.5981479859261825
2024-10-23,ILI incidence,2024-11-10,4,LT,safinea,syndromic,WIS,0.849682469288696,2.121834667488992,16,4,0.9632081569081383
2024-10-23,ILI incidence,2024-11-10,4,LU,ECDC,SARIMA,WIS,731.964951574179,0.679661198985811,14,4,0.9997273187088682
2024-10-23,ILI incidence,2024-11-10,4,LU,ECDC,soca_simplex,WIS,134.724315713268,3.121425510015611,14,1,1.0
2024-10-23,ILI incidence,2024-11-10,4,LU,ISI,FluABCaster,WIS,1604.4009613782,-0.4525270615556593,14,12,0.9993289918648814
2024-10-23,ILI incidence,2024-11-10,4,LU,ItaLuxColab,EpiEKF,WIS,955.767609241862,0.2947758932898387,14,8,0.9996251374539649
2024-10-23,ILI incidence,2024-11-10,4,LU,ItaLuxColab,EpiNetEKF,WIS,2195.49389587715,-0.905037849159269,14,13,0.9990591174208465
2024-10-23,ILI incidence,2024-11-10,4,LU,MRC_GIDA,CATBoost,WIS,776.519606374125,0.5944134173425408,14,5,0.9997069764547293
2024-10-23,ILI incidence,2024-11-10,4,LU,MRC_GIDA,NBEATS,WIS,1134.37212248626,0.04761369070194512,14,9,0.9995435922503249
2024-10-23,ILI incidence,2024-11-10,4,LU,MRC_GIDA,NHiTS,WIS,552.257851238183,1.086093745110167,14,3,0.999809367319098
2024-10-23,ILI incidence,2024-11-10,4,LU,MRC_GIDA,Prophet,WIS,1239.2294167801,-0.07993562209429536,14,11,0.9994957177075093
2024-10-23,ILI incidence,2024-11-10,4,LU,QMUL,ARIMA,WIS,863.609042923799,0.4410574190568173,14,7,0.9996672141569611
2024-10-23,ILI incidence,2024-11-10,4,LU,RIVM,KFdlm,WIS,2190386.33043867,-10.867461958768716,14,14,0.0
2024-10-23,ILI incidence,2024-11-10,4,LU,fjordhest,ensemble,WIS,798.186386956522,0.5547100951380014,14,6,0.9996970840841352
2024-10-23,ILI incidence,2024-11-10,4,LU,respicast,hubEnsemble,WIS,224.759647426951,2.3830527267705235,14,2,0.9999588926991483
2024-10-23,ILI incidence,2024-11-10,4,LU,respicast,quantileBaseline,WIS,1172.4347826087,0.0,14,10,0.9995262140367824
2024-10-23,ILI incidence,2024-11-10,4,LV,ECDC,SARIMA,WIS,741.736817240456,1.1308041335153844,10,8,0.6011675908146454
2024-10-23,ILI incidence,2024-11-10,4,LV,ItaLuxColab,EpiEKF,WIS,1842.16574468752,-0.1816194506921543,10,10,0.0
2024-10-23,ILI incidence,2024-11-10,4,LV,ItaLuxColab,EpiNetEKF,WIS,586.818820104511,1.4687963736691656,10,7,0.6857997526827514
2024-10-23,ILI incidence,2024-11-10,4,LV,MRC_GIDA,CATBoost,WIS,33.401931971275,5.6037080588216135,10,6,0.9881330420547723
2024-10-23,ILI incidence,2024-11-10,4,LV,MRC_GIDA,NBEATS,WIS,11.6796302317046,7.119645009265261,10,1,1.0
2024-10-23,ILI incidence,2024-11-10,4,LV,MRC_GIDA,NHiTS,WIS,27.5372579164955,5.882254702499911,10,5,0.9913369309061898
2024-10-23,ILI incidence,2024-11-10,4,LV,MRC_GIDA,Prophet,WIS,12.8792285902605,6.9785934246817005,10,2,0.9993446558544845
2024-10-23,ILI incidence,2024-11-10,4,LV,RIVM,KFdlm,WIS,21.9505235821202,6.209384257036461,10,4,0.9943889804630017
2024-10-23,ILI incidence,2024-11-10,4,LV,respicast,hubEnsemble,WIS,14.3271574888429,6.824887202586869,10,3,0.9985536479975291
2024-10-23,ILI incidence,2024-11-10,4,LV,respicast,quantileBaseline,WIS,1624.26093717391,0.0,10,9,0.11904204341828117
2024-10-23,ILI incidence,2024-11-10,4,MT,ECDC,SARIMA,WIS,741.443458035746,0.2283697177509157,9,1,1.0
2024-10-23,ILI incidence,2024-11-10,4,MT,ECDC,soca_simplex,WIS,807.038684850287,0.10606856593583901,9,2,0.9526443246230104
2024-10-23,ILI incidence,2024-11-10,4,MT,ISI,FluABCaster,WIS,1586.27304825103,-0.8688628254938102,9,7,0.39008556314281523
2024-10-23,ILI incidence,2024-11-10,4,MT,ISI,FluBcast,WIS,2126.60429234652,-1.2917733081402893,9,9,0.0
2024-10-23,ILI incidence,2024-11-10,4,MT,ItaLuxColab,EpiEKF,WIS,965.289410172432,-0.15225515602924927,9,6,0.8383971401789838
2024-10-23,ILI incidence,2024-11-10,4,MT,ItaLuxColab,EpiNetEKF,WIS,883.084232333773,-0.023844659130673126,9,5,0.8977441674717116
2024-10-23,ILI incidence,2024-11-10,4,MT,RIVM,KFdlm,WIS,1692.05900082012,-0.9620015742077438,9,8,0.3137146826293428
2024-10-23,ILI incidence,2024-11-10,4,MT,respicast,hubEnsemble,WIS,828.531097003807,0.06815054900777645,9,3,0.9371281393388561
2024-10-23,ILI incidence,2024-11-10,4,MT,respicast,quantileBaseline,WIS,868.608695652174,0.0,9,4,0.9081946049393589
2024-10-23,ILI incidence,2024-11-10,4,NL,ECDC,SARIMA,WIS,5.34220379485554,-0.5696294331175649,13,4,0.9475692939954485
2024-10-23,ILI incidence,2024-11-10,4,NL,ECDC,soca_simplex,WIS,18.5021032811625,-2.361811797604116,13,11,0.5516375386659321
2024-10-23,ILI incidence,2024-11-10,4,NL,ISI,FluABCaster,WIS,20.4439299357124,-2.5057950670619515,13,12,0.4932152964078083
2024-10-23,ILI incidence,2024-11-10,4,NL,ISI,FluBcast,WIS,36.8373200552646,-3.3552906229455512,13,13,0.0
2024-10-23,ILI incidence,2024-11-10,4,NL,ISI,RC_AdaptEns2,WIS,5.26686732717018,-0.5491395383791877,13,3,0.9498358842472985
2024-10-23,ILI incidence,2024-11-10,4,NL,ISI,SEIR_BRW,WIS,15.1915228877676,-2.0773890162672703,13,9,0.6512404199554275
2024-10-23,ILI incidence,2024-11-10,4,NL,ItaLuxColab,EpiEKF,WIS,8.01619478833893,-1.155111985552406,13,6,0.8671189874496572
2024-10-23,ILI incidence,2024-11-10,4,NL,ItaLuxColab,EpiNetEKF,WIS,6.16638319988534,-0.776618966213642,13,5,0.9227728433174305
2024-10-23,ILI incidence,2024-11-10,4,NL,RIVM,KFdlm,WIS,10.7408347015415,-1.5772286286387502,13,7,0.7851448458843945
2024-10-23,ILI incidence,2024-11-10,4,NL,fjordhest,ensemble,WIS,5.11949130434783,-0.5081948847259139,13,2,0.9542698730836305
2024-10-23,ILI incidence,2024-11-10,4,NL,respicast,hubEnsemble,WIS,11.980052710168,-1.7347567706763698,13,8,0.7478614485528298
2024-10-23,ILI incidence,2024-11-10,4,NL,respicast,quantileBaseline,WIS,3.59952260869565,0.0,13,1,1.0
2024-10-23,ILI incidence,2024-11-10,4,NL,safinea,syndromic,WIS,15.4195729558087,-2.09888532537563,13,10,0.6443792532849314
2024-10-23,ILI incidence,2024-11-10,4,NO,ECDC,SARIMA,WIS,6.72398346369869,-1.4470029753714844,18,16,0.3416420803920252
2024-10-23,ILI incidence,2024-11-10,4,NO,ECDC,soca_simplex,WIS,1.92068106104734,0.36069522921287456,18,5,0.8639980083704535
2024-10-23,ILI incidence,2024-11-10,4,NO,ISI,FluABCaster,WIS,5.63812112050056,-1.192901269640622,18,15,0.45972888492571445
2024-10-23,ILI incidence,2024-11-10,4,NO,ISI,FluBcast,WIS,9.86553913043478,-2.0000846920902506,18,18,0.0
2024-10-23,ILI incidence,2024-11-10,4,NO,ISI,RC_AdaptEns2,WIS,1.42714644822466,0.7891798150142877,18,4,0.9176695678642225
2024-10-23,ILI incidence,2024-11-10,4,NO,ISI,SEIR_BRW,WIS,7.10193037214792,-1.525898014953881,18,17,0.30054060654340775
2024-10-23,ILI incidence,2024-11-10,4,NO,ItaLuxColab,EpiEKF,WIS,4.60163438164054,-0.8998331590068864,18,14,0.5724461254674941
2024-10-23,ILI incidence,2024-11-10,4,NO,ItaLuxColab,EpiNetEKF,WIS,3.20787221808534,-0.37930347364812134,18,11,0.7240168298069152
2024-10-23,ILI incidence,2024-11-10,4,NO,MRC_GIDA,CATBoost,WIS,0.846094982696468,1.5434216665649851,18,2,0.9808585266338533
2024-10-23,ILI incidence,2024-11-10,4,NO,MRC_GIDA,NBEATS,WIS,0.67008035342687,1.8799071877565625,18,1,1.0
2024-10-23,ILI incidence,2024-11-10,4,NO,MRC_GIDA,NHiTS,WIS,1.34312632146933,0.876718204098832,18,3,0.9268067005285993
2024-10-23,ILI incidence,2024-11-10,4,NO,MRC_GIDA,Prophet,WIS,3.14999489426461,-0.35303628900672707,18,10,0.730310950113935
2024-10-23,ILI incidence,2024-11-10,4,NO,QMUL,ARIMA,WIS,2.00586572968043,0.2980881643314966,18,6,0.8547342325547124
2024-10-23,ILI incidence,2024-11-10,4,NO,RIVM,KFdlm,WIS,4.12041656834424,-0.7404769980447471,18,12,0.6247782412396321
2024-10-23,ILI incidence,2024-11-10,4,NO,fjordhest,ensemble,WIS,4.39205652173913,-0.8325834194393819,18,13,0.5952375777466814
2024-10-23,ILI incidence,2024-11-10,4,NO,respicast,hubEnsemble,WIS,2.25772982285085,0.12744034862363873,18,7,0.8273441806521173
2024-10-23,ILI incidence,2024-11-10,4,NO,respicast,quantileBaseline,WIS,2.46624,0.0,18,8,0.8046688381590921
2024-10-23,ILI incidence,2024-11-10,4,NO,safinea,syndromic,WIS,3.00421123825218,-0.28467305696144035,18,9,0.7461648253307914
2024-10-23,ILI incidence,2024-11-10,4,PL,ECDC,SARIMA,WIS,26.1532305531977,0.23915929050858392,17,9,0.9271060558718915
2024-10-23,ILI incidence,2024-11-10,4,PL,ECDC,soca_simplex,WIS,10.6536073342446,1.534806442733878,17,3,0.9872338554812152
2024-10-23,ILI incidence,2024-11-10,4,PL,ISI,FluABCaster,WIS,74.8868328143195,-1.2785636195779573,17,15,0.7380534428113311
2024-10-23,ILI incidence,2024-11-10,4,PL,ISI,FluBcast,WIS,47.7976652173913,-0.630791692763231,17,13,0.8431406451156915
2024-10-23,ILI incidence,2024-11-10,4,PL,ISI,RC_AdaptEns2,WIS,17.9713895693835,0.7804464914651292,17,6,0.9588459303295213
2024-10-23,ILI incidence,2024-11-10,4,PL,ItaLuxColab,EpiEKF,WIS,38.2135400275834,-0.3079354567965013,17,11,0.8803204107592053
2024-10-23,ILI incidence,2024-11-10,4,PL,ItaLuxColab,EpiNetEKF,WIS,20.4881475361081,0.5913589085358755,17,8,0.9490826530839593
2024-10-23,ILI incidence,2024-11-10,4,PL,MRC_GIDA,CATBoost,WIS,7.36277628295857,2.06782668435596,17,1,1.0
2024-10-23,ILI incidence,2024-11-10,4,PL,MRC_GIDA,NBEATS,WIS,15.6251506285488,0.9822783579201756,17,5,0.9679477118939656
2024-10-23,ILI incidence,2024-11-10,4,PL,MRC_GIDA,NHiTS,WIS,9.38480389962974,1.7177499509170173,17,2,0.9921559337525668
2024-10-23,ILI incidence,2024-11-10,4,PL,MRC_GIDA,Prophet,WIS,51.6743149482782,-0.7432989022848481,17,14,0.8281019299881343
2024-10-23,ILI incidence,2024-11-10,4,PL,QMUL,ARIMA,WIS,11.878866697793,1.3777512530220777,17,4,0.9824806980373105
2024-10-23,ILI incidence,2024-11-10,4,PL,RIVM,KFdlm,WIS,265.140764495746,-3.102538136092641,17,17,0.0
2024-10-23,ILI incidence,2024-11-10,4,PL,fjordhest,ensemble,WIS,46.2383304347826,-0.5829408506734309,17,12,0.8491897837307447
2024-10-23,ILI incidence,2024-11-10,4,PL,respicast,hubEnsemble,WIS,18.4368310907188,0.7435577478475838,17,7,0.9570403396948736
2024-10-23,ILI incidence,2024-11-10,4,PL,respicast,quantileBaseline,WIS,30.8687797826087,0.0,17,10,0.9088129918981032
2024-10-23,ILI incidence,2024-11-10,4,PL,safinea,syndromic,WIS,206.18518597087,-2.739720320776778,17,16,0.2287067989537185
2024-10-23,ILI incidence,2024-11-10,4,RO,ECDC,SARIMA,WIS,1.02495223541885,-0.640015048283109,14,14,0.0
2024-10-23,ILI incidence,2024-11-10,4,RO,ISI,FluABCaster,WIS,0.26482282447218,1.3124422556868527,14,6,0.8042639554237692
2024-10-23,ILI incidence,2024-11-10,4,RO,ISI,FluBcast,WIS,0.159113043478261,2.047417618635195,14,2,0.916111445291668
2024-10-23,ILI incidence,2024-11-10,4,RO,ISI,RC_AdaptEns2,WIS,0.3068945890068,1.0997265165299837,14,9,0.7597494250438298
2024-10-23,ILI incidence,2024-11-10,4,RO,ISI,SEIR_BRW,WIS,0.899998211306202,-0.45245240840402734,14,13,0.13220908996771616
2024-10-23,ILI incidence,2024-11-10,4,RO,ItaLuxColab,EpiEKF,WIS,0.289083079758705,1.185985556465006,14,8,0.778595104047487
2024-10-23,ILI incidence,2024-11-10,4,RO,ItaLuxColab,EpiNetEKF,WIS,0.248271940207864,1.4055485090006818,14,5,0.8217758151840721
2024-10-23,ILI incidence,2024-11-10,4,RO,MRC_GIDA,CATBoost,WIS,0.246941876345327,1.4132982166562766,14,4,0.8231831050581975
2024-10-23,ILI incidence,2024-11-10,4,RO,MRC_GIDA,NBEATS,WIS,0.0798279316122029,3.0425041901523886,14,1,1.0
2024-10-23,ILI incidence,2024-11-10,4,RO,MRC_GIDA,NHiTS,WIS,0.372045816789313,0.8219894281333106,14,11,0.6908153943347416
2024-10-23,ILI incidence,2024-11-10,4,RO,MRC_GIDA,Prophet,WIS,0.272315182456277,1.2721923062086948,14,7,0.7963365770314028
2024-10-23,ILI incidence,2024-11-10,4,RO,RIVM,KFdlm,WIS,0.360303205954766,0.868258236939582,14,10,0.7032398032587865
2024-10-23,ILI incidence,2024-11-10,4,RO,respicast,hubEnsemble,WIS,0.168690342434454,1.96309234444208,14,3,0.9059780703296457
2024-10-23,ILI incidence,2024-11-10,4,RO,respicast,quantileBaseline,WIS,0.657718260869565,0.0,14,12,0.38855627039764873
2024-10-23,ILI incidence,2024-11-10,4,SI,ECDC,SARIMA,WIS,7.29769115758412,-0.7331474310328858,16,10,0.7542444309550307
2024-10-23,ILI incidence,2024-11-10,4,SI,ISI,FluABCaster,WIS,9.55013939807508,-1.1212291260078715,16,11,0.674306270126159
2024-10-23,ILI incidence,2024-11-10,4,SI,ISI,FluBcast,WIS,12.0750086956522,-1.4596596573742655,16,15,0.5847000344074608
2024-10-23,ILI incidence,2024-11-10,4,SI,ISI,RC_AdaptEns2,WIS,10.4405635773675,-1.2498350194759194,16,13,0.6427056011426716
2024-10-23,ILI incidence,2024-11-10,4,SI,ISI,SEIR_BRW,WIS,3.14599097176167,0.4807781349402515,16,5,0.9015860085333871
2024-10-23,ILI incidence,2024-11-10,4,SI,ItaLuxColab,EpiEKF,WIS,6.13882016025118,-0.48366874048858394,16,8,0.7953721312499433
2024-10-23,ILI incidence,2024-11-10,4,SI,ItaLuxColab,EpiNetEKF,WIS,9.77361628977199,-1.1545998002649631,16,12,0.6663751969992089
2024-10-23,ILI incidence,2024-11-10,4,SI,MRC_GIDA,CATBoost,WIS,1.06019572332407,2.049962039399295,16,4,0.9756097454736679
2024-10-23,ILI incidence,2024-11-10,4,SI,MRC_GIDA,NBEATS,WIS,0.372942159777967,3.557268862551241,16,1,1.0
2024-10-23,ILI incidence,2024-11-10,4,SI,MRC_GIDA,NHiTS,WIS,0.817482734259386,2.425032500077428,16,3,0.9842234972155858
2024-10-23,ILI incidence,2024-11-10,4,SI,MRC_GIDA,Prophet,WIS,0.801749754545804,2.453068753410378,16,2,0.9847818520936484
2024-10-23,ILI incidence,2024-11-10,4,SI,RIVM,KFdlm,WIS,28.5503259916741,-2.7011426479546516,16,16,0.0
2024-10-23,ILI incidence,2024-11-10,4,SI,fjordhest,ensemble,WIS,6.14337826086957,-0.48473955032806787,16,9,0.7952103667424367
2024-10-23,ILI incidence,2024-11-10,4,SI,respicast,hubEnsemble,WIS,4.35684907344339,0.011007528105691994,16,6,0.8586133142298422
2024-10-23,ILI incidence,2024-11-10,4,SI,respicast,quantileBaseline,WIS,4.39021826086957,0.0,16,7,0.8574290599489885
2024-10-23,ILI incidence,2024-11-10,4,SI,safinea,syndromic,WIS,10.7434900943726,-1.2910981679416662,16,14,0.6319549041009471
2024-10-30,ILI incidence,2024-10-27,1,AT,respicast,quantileBaseline,WIS,497.743206956522,0.0,1,1,0.0
2024-10-30,ILI incidence,2024-10-27,1,BE,ECDC,SARIMA,WIS,45.7986255296969,0.31931858021957005,11,2,0.8318097629573076
2024-10-30,ILI incidence,2024-10-27,1,BE,ECDC,soca_simplex,WIS,35.1746917620037,0.7000851011349389,11,1,1.0
2024-10-30,ILI incidence,2024-10-27,1,BE,ISI,FluBcast,WIS,56.3267909177441,0.020801602357395612,11,4,0.6651356598463645
2024-10-30,ILI incidence,2024-10-27,1,BE,ISI,RC_AdaptEns2,WIS,98.340865699891,-0.7831681731095005,11,11,0.0
2024-10-30,ILI incidence,2024-10-27,1,BE,ISI,SEIR_BRW,WIS,79.1920129237388,-0.47073204938685337,11,10,0.30315042976928896
2024-10-30,ILI incidence,2024-10-27,1,BE,QMUL,ARIMA,WIS,63.3039471725302,-0.14767257617438317,11,8,0.554678498682117
2024-10-30,ILI incidence,2024-10-27,1,BE,RIVM,KFdlm,WIS,53.279119863585,0.10105263200432697,11,3,0.7133841267735515
2024-10-30,ILI incidence,2024-10-27,1,BE,fjordhest,ensemble,WIS,59.7914695652174,-0.06531678791904179,11,6,0.6102854380982466
2024-10-30,ILI incidence,2024-10-27,1,BE,respicast,hubEnsemble,WIS,62.5995478970564,-0.13152935561791973,11,7,0.5658300253863695
2024-10-30,ILI incidence,2024-10-27,1,BE,respicast,quantileBaseline,WIS,57.1448260869565,0.0,11,5,0.6521851339839496
2024-10-30,ILI incidence,2024-10-27,1,BE,safinea,syndromic,WIS,78.4510918010435,-0.45717064304206334,11,9,0.3148801432615746
2024-10-30,ILI incidence,2024-10-27,1,CH,ISI,SEIR_BRW,WIS,1.67003180574817,1.3150539433832238,5,2,0.9526624566875551
2024-10-30,ILI incidence,2024-10-27,1,CH,RIVM,KFdlm,WIS,5.43910175288327,-0.38843889304378576,5,5,0.0
2024-10-30,ILI incidence,2024-10-27,1,CH,respicast,hubEnsemble,WIS,1.80061787178463,1.206437478352772,5,3,0.9196557881395178
2024-10-30,ILI incidence,2024-10-27,1,CH,respicast,quantileBaseline,WIS,4.15523341965782,0.0,5,4,0.32450794958676676
2024-10-30,ILI incidence,2024-10-27,1,CH,safinea,syndromic,WIS,1.48274772562339,1.4866563636148058,5,1,1.0
2024-10-30,ILI incidence,2024-10-27,1,CZ,ISI,RC_AdaptEns2,WIS,1.93565134815292,0.3738714121419677,7,1,1.0
2024-10-30,ILI incidence,2024-10-27,1,CZ,ISI,SEIR_BRW,WIS,7.14294996669041,-1.5098294877128264,7,6,0.268123639265807
2024-10-30,ILI incidence,2024-10-27,1,CZ,RIVM,KFdlm,WIS,9.05064904163452,-1.8513307264997747,7,7,0.0
2024-10-30,ILI incidence,2024-10-27,1,CZ,fjordhest,ensemble,WIS,2.01327826086957,0.317143943197311,7,2,0.9890896784425147
2024-10-30,ILI incidence,2024-10-27,1,CZ,respicast,hubEnsemble,WIS,3.0880110625253,-0.29998739275184405,7,4,0.8380379356372647
2024-10-30,ILI incidence,2024-10-27,1,CZ,respicast,quantileBaseline,WIS,2.50826630434783,0.0,7,3,0.9195200081766
2024-10-30,ILI incidence,2024-10-27,1,CZ,safinea,syndromic,WIS,4.72892588121739,-0.9148220017133175,7,5,0.6074103389206258
2024-10-30,ILI incidence,2024-10-27,1,DK,ISI,RC_AdaptEns2,WIS,3.36593084121425,1.5580283864765603,7,1,1.0
2024-10-30,ILI incidence,2024-10-27,1,DK,ISI,SEIR_BRW,WIS,19.3593552964565,-0.9659250829762442,7,7,0.0
2024-10-30,ILI incidence,2024-10-27,1,DK,RIVM,KFdlm,WIS,14.8438029442206,-0.5827549281479055,7,6,0.28233805492205344
2024-10-30,ILI incidence,2024-10-27,1,DK,fjordhest,ensemble,WIS,8.70154782608696,0.18776187130719588,7,2,0.6663868329259638
2024-10-30,ILI incidence,2024-10-27,1,DK,respicast,hubEnsemble,WIS,9.92290744583554,-0.001728976315690409,7,4,0.5900204722902809
2024-10-30,ILI incidence,2024-10-27,1,DK,respicast,quantileBaseline,WIS,9.91102260869565,0.0,7,3,0.5907635800076525
2024-10-30,ILI incidence,2024-10-27,1,DK,safinea,syndromic,WIS,13.5260740473904,-0.4486373308783931,7,5,0.3647299717074722
2024-10-30,ILI incidence,2024-10-27,1,EE,ECDC,SARIMA,WIS,30.5959708615191,0.08326764556701176,8,1,1.0
2024-10-30,ILI incidence,2024-10-27,1,EE,ECDC,soca_simplex,WIS,52.5580719133064,-0.6973030269312823,8,6,0.40005719556809505
2024-10-30,ILI incidence,2024-10-27,1,EE,ISI,FluBcast,WIS,60.9526896123566,-0.9110805583406009,8,7,0.17073986055419285
2024-10-30,ILI incidence,2024-10-27,1,EE,ISI,RC_AdaptEns2,WIS,41.878675319859,-0.3696064839589924,8,4,0.6917882611344268
2024-10-30,ILI incidence,2024-10-27,1,EE,RIVM,KFdlm,WIS,32.0836376713712,0.014771599488279174,8,2,0.9593611287072054
2024-10-30,ILI incidence,2024-10-27,1,EE,respicast,hubEnsemble,WIS,48.3010225464632,-0.5754444070494021,8,5,0.5163478059120962
2024-10-30,ILI incidence,2024-10-27,1,EE,respicast,quantileBaseline,WIS,32.4138260869565,0.0,8,3,0.9503413102677009
2024-10-30,ILI incidence,2024-10-27,1,EE,safinea,syndromic,WIS,67.2029622106087,-1.0519155017412125,8,8,0.0
2024-10-30,ILI incidence,2024-10-27,1,FR,ISI,RC_AdaptEns2,WIS,56.9565818865506,-0.7815194276597666,7,5,0.4620438543227986
2024-10-30,ILI incidence,2024-10-27,1,FR,ISI,SEIR_BRW,WIS,77.4168948678236,-1.224305302061345,7,7,0.0
2024-10-30,ILI incidence,2024-10-27,1,FR,RIVM,KFdlm,WIS,67.8164580811168,-1.033292295895377,7,6,0.21680131775952935
2024-10-30,ILI incidence,2024-10-27,1,FR,fjordhest,ensemble,WIS,38.2150956521739,-0.20579950007663106,7,2,0.8852724013833878
2024-10-30,ILI incidence,2024-10-27,1,FR,respicast,hubEnsemble,WIS,56.6460583734904,-0.7736324305427464,7,4,0.4690562338970267
2024-10-30,ILI incidence,2024-10-27,1,FR,respicast,quantileBaseline,WIS,33.1347065217391,0.0,7,1,1.0
2024-10-30,ILI incidence,2024-10-27,1,FR,safinea,syndromic,WIS,47.9159250523478,-0.5321620798767357,7,3,0.6662039731395596
2024-10-30,ILI incidence,2024-10-27,1,GB-ENG,ECDC,SARIMA,WIS,0.117702657695856,0.6325212000191462,7,1,1.0
2024-10-30,ILI incidence,2024-10-27,1,GB-ENG,ECDC,soca_simplex,WIS,0.227329430019021,-0.31711637078786753,7,4,0.8554446532611502
2024-10-30,ILI incidence,2024-10-27,1,GB-ENG,ISI,FluBcast,WIS,0.254414368763627,-0.47951205671636443,7,5,0.81973008620188
2024-10-30,ILI incidence,2024-10-27,1,GB-ENG,RIVM,KFdlm,WIS,0.432434193352262,-1.2448125076363357,7,6,0.584990734449921
2024-10-30,ILI incidence,2024-10-27,1,GB-ENG,respicast,hubEnsemble,WIS,0.211765866731369,-0.21480197226954886,7,3,0.8759669786006802
2024-10-30,ILI incidence,2024-10-27,1,GB-ENG,respicast,quantileBaseline,WIS,0.182471113937896,0.0,7,2,0.9145954363938734
2024-10-30,ILI incidence,2024-10-27,1,GB-ENG,safinea,syndromic,WIS,0.876074968345936,-2.263386234375485,7,7,0.0
2024-10-30,ILI incidence,2024-10-27,1,GB-NIR,ECDC,SARIMA,WIS,0.299189921330961,-0.28642347445639227,8,5,0.8041044521727674
2024-10-30,ILI incidence,2024-10-27,1,GB-NIR,ECDC,soca_simplex,WIS,0.18812824312662,0.38292164962125463,8,1,1.0
2024-10-30,ILI incidence,2024-10-27,1,GB-NIR,ISI,FluBcast,WIS,0.75507159347928,-1.6219753404599357,8,8,0.0
2024-10-30,ILI incidence,2024-10-27,1,GB-NIR,ISI,SEIR_BRW,WIS,0.294447081727094,-0.2633702728031158,8,3,0.8124700844725673
2024-10-30,ILI incidence,2024-10-27,1,GB-NIR,RIVM,KFdlm,WIS,0.462952685034637,-0.9162266516402187,8,6,0.5152523762081945
2024-10-30,ILI incidence,2024-10-27,1,GB-NIR,respicast,hubEnsemble,WIS,0.29563801350665,-0.26919368274559524,8,4,0.8103694658149622
2024-10-30,ILI incidence,2024-10-27,1,GB-NIR,respicast,quantileBaseline,WIS,0.24531545073448,0.0,8,2,0.8991306493456755
2024-10-30,ILI incidence,2024-10-27,1,GB-NIR,safinea,syndromic,WIS,0.639918979156337,-1.383251153270169,8,7,0.20311132364691067
2024-10-30,ILI incidence,2024-10-27,1,GB-SCT,ISI,SEIR_BRW,WIS,0.231273700507043,1.3629203961352598,4,2,0.967299411232307
2024-10-30,ILI incidence,2024-10-27,1,GB-SCT,RIVM,KFdlm,WIS,0.269288136666604,1.1433709399544392,4,3,0.8661610222837041
2024-10-30,ILI incidence,2024-10-27,1,GB-SCT,respicast,hubEnsemble,WIS,0.218982675733836,1.441704874962214,4,1,1.0
2024-10-30,ILI incidence,2024-10-27,1,GB-SCT,respicast,quantileBaseline,WIS,0.594848225449873,0.0,4,4,0.0
2024-10-30,ILI incidence,2024-10-27,1,GB-WLS,respicast,quantileBaseline,WIS,1.32964126631548,0.0,1,1,0.0
2024-10-30,ILI incidence,2024-10-27,1,GR,ECDC,SARIMA,WIS,178.668574696084,0.14278454899114587,10,2,0.7698491457481565
2024-10-30,ILI incidence,2024-10-27,1,GR,ECDC,soca_simplex,WIS,266.41144609078,-0.4335856118337593,10,8,0.3698379356669889
2024-10-30,ILI incidence,2024-10-27,1,GR,ISI,FluBcast,WIS,347.53577863017,-0.8170910543971086,10,10,0.0
2024-10-30,ILI incidence,2024-10-27,1,GR,ISI,RC_AdaptEns2,WIS,288.230523604556,-0.5471526691689421,10,9,0.2703668850801038
2024-10-30,ILI incidence,2024-10-27,1,GR,QMUL,ARIMA,WIS,235.086157010969,-0.2531191329592511,10,7,0.5126468794795461
2024-10-30,ILI incidence,2024-10-27,1,GR,RIVM,KFdlm,WIS,128.184747500588,0.6218458476209118,10,1,1.0
2024-10-30,ILI incidence,2024-10-27,1,GR,fjordhest,ensemble,WIS,184.255769565217,0.09836066094141917,10,3,0.744377668179253
2024-10-30,ILI incidence,2024-10-27,1,GR,respicast,hubEnsemble,WIS,233.281530005811,-0.24200163110326822,10,6,0.5208739983395069
2024-10-30,ILI incidence,2024-10-27,1,GR,respicast,quantileBaseline,WIS,197.256173913043,0.0,10,4,0.6851100901748169
2024-10-30,ILI incidence,2024-10-27,1,GR,safinea,syndromic,WIS,224.106994030261,-0.18411721801689224,10,5,0.5626998148323872
2024-10-30,ILI incidence,2024-10-27,1,HR,RIVM,KFdlm,WIS,0.244267955910601,1.1401031094303664,3,1,1.0
2024-10-30,ILI incidence,2024-10-27,1,HR,respicast,hubEnsemble,WIS,0.244267955910601,1.1401031094303664,3,1,1.0
2024-10-30,ILI incidence,2024-10-27,1,HR,respicast,quantileBaseline,WIS,0.538358695652174,0.0,3,3,0.0
2024-10-30,ILI incidence,2024-10-27,1,HU,ECDC,SARIMA,WIS,17.3682045515133,0.16875505524481965,9,1,1.0
2024-10-30,ILI incidence,2024-10-27,1,HU,ECDC,soca_simplex,WIS,28.8491793192769,-0.563326601160212,9,5,0.5251304430181258
2024-10-30,ILI incidence,2024-10-27,1,HU,ISI,FluBcast,WIS,31.6047777767556,-0.69493899332192,9,7,0.41115494484030507
2024-10-30,ILI incidence,2024-10-27,1,HU,ISI,RC_AdaptEns2,WIS,39.6417016807507,-1.0218152162051461,9,8,0.07873626341412782
2024-10-30,ILI incidence,2024-10-27,1,HU,QMUL,ARIMA,WIS,18.0293759660254,0.11485421456590506,9,2,0.972653003508029
2024-10-30,ILI incidence,2024-10-27,1,HU,RIVM,KFdlm,WIS,41.5453171900517,-1.0894821942204087,9,9,0.0
2024-10-30,ILI incidence,2024-10-27,1,HU,respicast,hubEnsemble,WIS,25.4087268501631,-0.38012041083692466,9,4,0.6674324838180562
2024-10-30,ILI incidence,2024-10-27,1,HU,respicast,quantileBaseline,WIS,19.5233913043478,0.0,9,3,0.9108583897070023
2024-10-30,ILI incidence,2024-10-27,1,HU,safinea,syndromic,WIS,30.2862881516956,-0.6334610965867921,9,6,0.46568956379055654
2024-10-30,ILI incidence,2024-10-27,1,IE,ECDC,SARIMA,WIS,2.26738904688711,-0.03616272062428574,10,3,0.905768054468735
2024-10-30,ILI incidence,2024-10-27,1,IE,ECDC,soca_simplex,WIS,2.52109929029727,-0.18918370345534408,10,5,0.8201479966171625
2024-10-30,ILI incidence,2024-10-27,1,IE,ISI,FluBcast,WIS,4.35641678548794,-0.9782727510676721,10,8,0.20078005939048968
2024-10-30,ILI incidence,2024-10-27,1,IE,ISI,RC_AdaptEns2,WIS,3.91642975938943,-0.8246698494996402,10,7,0.3492632823070898
2024-10-30,ILI incidence,2024-10-27,1,IE,ISI,SEIR_BRW,WIS,4.68655233633349,-1.0836577593049608,10,9,0.08936861386773187
2024-10-30,ILI incidence,2024-10-27,1,IE,RIVM,KFdlm,WIS,1.98815996858871,0.15343539286251728,10,1,1.0
2024-10-30,ILI incidence,2024-10-27,1,IE,fjordhest,ensemble,WIS,2.31119130434783,-0.06376744643934132,10,4,0.89098602687928
2024-10-30,ILI incidence,2024-10-27,1,IE,respicast,hubEnsemble,WIS,3.43864097229398,-0.6369692576994154,10,6,0.5105035343445713
2024-10-30,ILI incidence,2024-10-27,1,IE,respicast,quantileBaseline,WIS,2.21126086956522,0.0,10,2,0.9247097326793163
2024-10-30,ILI incidence,2024-10-27,1,IE,safinea,syndromic,WIS,4.95137033980783,-1.1629586257385305,10,10,0.0
2024-10-30,ILI incidence,2024-10-27,1,IS,respicast,quantileBaseline,WIS,0.807173913043478,0.0,1,1,0.0
2024-10-30,ILI incidence,2024-10-27,1,IT,respicast,quantileBaseline,WIS,144.564159130435,0.0,1,1,0.0
2024-10-30,ILI incidence,2024-10-27,1,LT,ISI,SEIR_BRW,WIS,1.40097065860052,0.7245448089738472,6,3,0.6559584378146319
2024-10-30,ILI incidence,2024-10-27,1,LT,RIVM,KFdlm,WIS,1.06214704680769,1.1239880388228691,6,2,0.8991345114132816
2024-10-30,ILI incidence,2024-10-27,1,LT,fjordhest,ensemble,WIS,1.5322,0.5953669234405586,6,5,0.5617742225717627
2024-10-30,ILI incidence,2024-10-27,1,LT,respicast,hubEnsemble,WIS,0.921608511735339,1.3287456034911018,6,1,1.0
2024-10-30,ILI incidence,2024-10-27,1,LT,respicast,quantileBaseline,WIS,2.31493478260869,0.0,6,6,0.0
2024-10-30,ILI incidence,2024-10-27,1,LT,safinea,syndromic,WIS,1.48615925052348,0.6393828325568756,6,4,0.5948179901651643
2024-10-30,ILI incidence,2024-10-27,1,LU,ECDC,SARIMA,WIS,439.672204315443,0.23833901213058756,7,5,0.9952190635342272
2024-10-30,ILI incidence,2024-10-27,1,LU,ECDC,soca_simplex,WIS,318.474666237375,0.7035887269513426,7,3,0.9988418438835633
2024-10-30,ILI incidence,2024-10-27,1,LU,QMUL,ARIMA,WIS,279.729377678018,0.8907355654940188,7,1,1.0
2024-10-30,ILI incidence,2024-10-27,1,LU,RIVM,KFdlm,WIS,33734.0176290423,-6.023292997718109,7,7,0.0
2024-10-30,ILI incidence,2024-10-27,1,LU,fjordhest,ensemble,WIS,318.502069565217,0.7034645948033887,7,4,0.998841024756053
2024-10-30,ILI incidence,2024-10-27,1,LU,respicast,hubEnsemble,WIS,279.729377678018,0.8907355654940188,7,1,1.0
2024-10-30,ILI incidence,2024-10-27,1,LU,respicast,quantileBaseline,WIS,518.652173913043,0.0,7,6,0.9928582310751963
2024-10-30,ILI incidence,2024-10-27,1,LV,ECDC,SARIMA,WIS,430.675583382778,-0.4745061286033546,6,6,0.0
2024-10-30,ILI incidence,2024-10-27,1,LV,ECDC,soca_simplex,WIS,4.74782147632531,6.028685906297958,6,2,0.9963100387484894
2024-10-30,ILI incidence,2024-10-27,1,LV,RIVM,KFdlm,WIS,5.7873795887243,5.7430413230589075,6,4,0.9938783536697576
2024-10-30,ILI incidence,2024-10-27,1,LV,respicast,hubEnsemble,WIS,4.84543685507754,5.999324853208628,6,3,0.9960817014798602
2024-10-30,ILI incidence,2024-10-27,1,LV,respicast,quantileBaseline,WIS,309.962869565217,0.0,6,5,0.28236546038392313
2024-10-30,ILI incidence,2024-10-27,1,LV,safinea,syndromic,WIS,3.17034370710435,6.611312339237667,6,1,1.0
2024-10-30,ILI incidence,2024-10-27,1,MT,ECDC,SARIMA,WIS,575.213295098913,0.46914413972595415,5,4,0.8823324850234445
2024-10-30,ILI incidence,2024-10-27,1,MT,ECDC,soca_simplex,WIS,545.734477056354,0.5450419717945286,5,1,1.0
2024-10-30,ILI incidence,2024-10-27,1,MT,RIVM,KFdlm,WIS,552.660558154288,0.5268475062890665,5,2,0.9723538864365798
2024-10-30,ILI incidence,2024-10-27,1,MT,respicast,hubEnsemble,WIS,556.929461214114,0.5157465490824212,5,3,0.9553141525503587
2024-10-30,ILI incidence,2024-10-27,1,MT,respicast,quantileBaseline,WIS,796.260869565217,0.0,5,5,0.0
2024-10-30,ILI incidence,2024-10-27,1,NL,ECDC,SARIMA,WIS,3.40486467721068,-0.0355076242434386,10,2,0.986440061337784
2024-10-30,ILI incidence,2024-10-27,1,NL,ECDC,soca_simplex,WIS,3.85891355562027,-0.21610488938289268,10,3,0.9120616550511672
2024-10-30,ILI incidence,2024-10-27,1,NL,ISI,FluBcast,WIS,6.25655533840473,-0.9132787367254326,10,7,0.5193004719944838
2024-10-30,ILI incidence,2024-10-27,1,NL,ISI,RC_AdaptEns2,WIS,6.82993088324318,-1.0397811422420644,10,8,0.4253749911559791
2024-10-30,ILI incidence,2024-10-27,1,NL,ISI,SEIR_BRW,WIS,8.52330468947503,-1.3593230696322094,10,9,0.14798096830056007
2024-10-30,ILI incidence,2024-10-27,1,NL,RIVM,KFdlm,WIS,3.88939141116315,-0.2274545918050764,10,4,0.9070690332650427
2024-10-30,ILI incidence,2024-10-27,1,NL,fjordhest,ensemble,WIS,4.44394782608696,-0.4197520422223691,10,5,0.8162263414329872
2024-10-30,ILI incidence,2024-10-27,1,NL,respicast,hubEnsemble,WIS,5.18077377824298,-0.6410777520475999,10,6,0.6955258119570704
2024-10-30,ILI incidence,2024-10-27,1,NL,respicast,quantileBaseline,WIS,3.32208695652174,0.0,10,1,1.0
2024-10-30,ILI incidence,2024-10-27,1,NL,safinea,syndromic,WIS,9.42666624341739,-1.504657812811563,10,10,0.0
2024-10-30,ILI incidence,2024-10-27,1,NO,ECDC,SARIMA,WIS,3.30709224704134,0.4104854025211289,10,5,0.7024508273375214
2024-10-30,ILI incidence,2024-10-27,1,NO,ECDC,soca_simplex,WIS,4.14326035430695,0.08528221143927221,10,8,0.42140156509019255
2024-10-30,ILI incidence,2024-10-27,1,NO,ISI,RC_AdaptEns2,WIS,3.57771805503831,0.29700899159390554,10,6,0.6114892335841312
2024-10-30,ILI incidence,2024-10-27,1,NO,ISI,SEIR_BRW,WIS,3.77952560211509,0.21784352886850872,10,7,0.5436585405344433
2024-10-30,ILI incidence,2024-10-27,1,NO,QMUL,ARIMA,WIS,2.42673682779726,0.8570310296172593,10,2,0.9983521406548832
2024-10-30,ILI incidence,2024-10-27,1,NO,RIVM,KFdlm,WIS,2.42183417329951,0.8599486058433543,10,1,1.0
2024-10-30,ILI incidence,2024-10-27,1,NO,fjordhest,ensemble,WIS,2.89673913043478,0.6016189240129342,10,4,0.8403769688407051
2024-10-30,ILI incidence,2024-10-27,1,NO,respicast,hubEnsemble,WIS,2.74929291333857,0.6769880690192674,10,3,0.8899359632294805
2024-10-30,ILI incidence,2024-10-27,1,NO,respicast,quantileBaseline,WIS,4.3955652173913,0.0,10,9,0.3365979292960026
2024-10-30,ILI incidence,2024-10-27,1,NO,safinea,syndromic,WIS,5.39699981002609,-0.2961089458127201,10,10,0.0
2024-10-30,ILI incidence,2024-10-27,1,PL,ECDC,SARIMA,WIS,14.8492795260455,0.22784335600108924,10,3,0.931438478052827
2024-10-30,ILI incidence,2024-10-27,1,PL,ECDC,soca_simplex,WIS,14.4831969225459,0.26385620215355127,10,2,0.9365952326173388
2024-10-30,ILI incidence,2024-10-27,1,PL,ISI,FluBcast,WIS,33.5245158557455,-0.9469802071681257,10,9,0.6683732319419914
2024-10-30,ILI incidence,2024-10-27,1,PL,ISI,RC_AdaptEns2,WIS,20.0408670162521,-0.20470863391756555,10,6,0.8583081456326067
2024-10-30,ILI incidence,2024-10-27,1,PL,QMUL,ARIMA,WIS,9.98203596416539,0.8008302836022212,10,1,1.0
2024-10-30,ILI incidence,2024-10-27,1,PL,RIVM,KFdlm,WIS,80.9729274095207,-2.219203345705011,10,10,0.0
2024-10-30,ILI incidence,2024-10-27,1,PL,fjordhest,ensemble,WIS,27.0581782608696,-0.6378284201862261,10,7,0.759460094822891
2024-10-30,ILI incidence,2024-10-27,1,PL,respicast,hubEnsemble,WIS,17.0786713267676,0.026040548779744637,10,4,0.9000345647432136
2024-10-30,ILI incidence,2024-10-27,1,PL,respicast,quantileBaseline,WIS,17.3897391304348,0.0,10,5,0.8956527659330572
2024-10-30,ILI incidence,2024-10-27,1,PL,safinea,syndromic,WIS,27.6980595819131,-0.6715486197902436,10,8,0.7504465255041277
2024-10-30,ILI incidence,2024-10-27,1,RO,ECDC,SARIMA,WIS,0.389145109579937,-1.4438545039736013,7,6,0.5224648849860877
2024-10-30,ILI incidence,2024-10-27,1,RO,ECDC,soca_simplex,WIS,0.0046743319315333,4.935549726803064,7,1,1.0
2024-10-30,ILI incidence,2024-10-27,1,RO,ISI,FluBcast,WIS,0.809789527778864,-2.5010932633709566,7,7,0.0
2024-10-30,ILI incidence,2024-10-27,1,RO,ISI,RC_AdaptEns2,WIS,0.294876732623733,-1.043658267622824,7,5,0.6395517036704534
2024-10-30,ILI incidence,2024-10-27,1,RO,RIVM,KFdlm,WIS,0.107661293637036,0.40995405707545185,7,2,0.8720841908875963
2024-10-30,ILI incidence,2024-10-27,1,RO,respicast,hubEnsemble,WIS,0.224648529212851,-0.6512158936920157,7,4,0.7267792256115482
2024-10-30,ILI incidence,2024-10-27,1,RO,respicast,quantileBaseline,WIS,0.14304347826087,0.0,7,3,0.8281374553069858
2024-10-30,ILI incidence,2024-10-27,1,SI,ECDC,SARIMA,WIS,3.15237660391006,-0.580327002865606,8,4,0.6484075925137347
2024-10-30,ILI incidence,2024-10-27,1,SI,ECDC,soca_simplex,WIS,2.26630860217568,-0.1042314294541401,8,2,0.9468043307491641
2024-10-30,ILI incidence,2024-10-27,1,SI,ISI,FluBcast,WIS,3.35498544092856,-0.6701936096301823,8,5,0.5801760166237864
2024-10-30,ILI incidence,2024-10-27,1,SI,RIVM,KFdlm,WIS,4.97288832867753,-1.2379711381178267,8,7,0.0353228636592369
2024-10-30,ILI incidence,2024-10-27,1,SI,fjordhest,ensemble,WIS,2.51007826086957,-0.2516194499858554,8,3,0.8647112285350677
2024-10-30,ILI incidence,2024-10-27,1,SI,respicast,hubEnsemble,WIS,3.6143372383865,-0.7776182280161577,8,6,0.49283539461118336
2024-10-30,ILI incidence,2024-10-27,1,SI,respicast,quantileBaseline,WIS,2.10834782608696,0.0,8,1,1.0
2024-10-30,ILI incidence,2024-10-27,1,SI,safinea,syndromic,WIS,5.07777707311609,-1.268084162334826,8,8,0.0
2024-10-30,ILI incidence,2024-11-03,2,AT,respicast,quantileBaseline,WIS,894.861215,0.0,1,1,0.0
2024-10-30,ILI incidence,2024-11-03,2,BE,ECDC,SARIMA,WIS,73.8981168999079,0.32891313199523314,11,1,1.0
2024-10-30,ILI incidence,2024-11-03,2,BE,ECDC,soca_simplex,WIS,120.771296343921,-0.37975497212409715,11,8,0.5206600837777496
2024-10-30,ILI incidence,2024-11-03,2,BE,ISI,FluBcast,WIS,93.2661524760425,-0.006902869363463214,11,3,0.8019363597568009
2024-10-30,ILI incidence,2024-11-03,2,BE,ISI,RC_AdaptEns2,WIS,171.685048172871,-0.8872417637389428,11,11,0.0
2024-10-30,ILI incidence,2024-11-03,2,BE,ISI,SEIR_BRW,WIS,141.201215203535,-0.6052298661198202,11,10,0.31173729017268387
2024-10-30,ILI incidence,2024-11-03,2,BE,QMUL,ARIMA,WIS,114.641693966369,-0.3046091937519858,11,6,0.5833433308922518
2024-10-30,ILI incidence,2024-11-03,2,BE,RIVM,KFdlm,WIS,101.928167169355,-0.1350301471142931,11,4,0.713355865609446
2024-10-30,ILI incidence,2024-11-03,2,BE,fjordhest,ensemble,WIS,106.081704347826,-0.1926532209798756,11,5,0.6708804844475524
2024-10-30,ILI incidence,2024-11-03,2,BE,respicast,hubEnsemble,WIS,118.399400402266,-0.35113913625472915,11,7,0.5449158397440972
2024-10-30,ILI incidence,2024-11-03,2,BE,respicast,quantileBaseline,WIS,92.8209673913044,0.0,11,2,0.806488962839266
2024-10-30,ILI incidence,2024-11-03,2,BE,safinea,syndromic,WIS,139.101455727826,-0.5836148794446121,11,9,0.3332100928097534
2024-10-30,ILI incidence,2024-11-03,2,CH,ISI,SEIR_BRW,WIS,3.22713931121194,0.6242526990118555,5,1,1.0
2024-10-30,ILI incidence,2024-11-03,2,CH,RIVM,KFdlm,WIS,8.01324772168636,-0.687878519521985,5,5,0.0
2024-10-30,ILI incidence,2024-11-03,2,CH,respicast,hubEnsemble,WIS,3.53058773362588,0.4946001897845861,5,2,0.9365980883864138
2024-10-30,ILI incidence,2024-11-03,2,CH,respicast,quantileBaseline,WIS,4.97435185100215,0.0,5,4,0.6349408768162402
2024-10-30,ILI incidence,2024-11-03,2,CH,safinea,syndromic,WIS,3.5730045592889,0.4773708025046425,5,3,0.9277356009487723
2024-10-30,ILI incidence,2024-11-03,2,CZ,ISI,RC_AdaptEns2,WIS,5.48098842106804,-0.5005854981930296,7,3,0.8306383679425196
2024-10-30,ILI incidence,2024-11-03,2,CZ,ISI,SEIR_BRW,WIS,13.5543880245235,-1.806837483686745,7,6,0.20397580712048005
2024-10-30,ILI incidence,2024-11-03,2,CZ,RIVM,KFdlm,WIS,16.1822427956156,-2.062489079694863,7,7,0.0
2024-10-30,ILI incidence,2024-11-03,2,CZ,fjordhest,ensemble,WIS,3.29907391304348,0.2317894880496451,7,1,1.0
2024-10-30,ILI incidence,2024-11-03,2,CZ,respicast,hubEnsemble,WIS,7.50183514322993,-0.9533929706530139,7,4,0.673778922833823
2024-10-30,ILI incidence,2024-11-03,2,CZ,respicast,quantileBaseline,WIS,3.87407152173913,0.0,7,2,0.9553683093083188
2024-10-30,ILI incidence,2024-11-03,2,CZ,safinea,syndromic,WIS,9.29899993627826,-1.2632249807817404,7,5,0.5342818154506023
2024-10-30,ILI incidence,2024-11-03,2,DK,ISI,RC_AdaptEns2,WIS,4.00331709270621,1.6097817264732746,7,1,1.0
2024-10-30,ILI incidence,2024-11-03,2,DK,ISI,SEIR_BRW,WIS,23.1286565298657,-0.9206319427461572,7,7,0.0
2024-10-30,ILI incidence,2024-11-03,2,DK,RIVM,KFdlm,WIS,16.4635061648904,-0.43022208919001914,7,5,0.3484984089759619
2024-10-30,ILI incidence,2024-11-03,2,DK,fjordhest,ensemble,WIS,11.2939565217391,0.11349854158288254,7,2,0.6187968609400168
2024-10-30,ILI incidence,2024-11-03,2,DK,respicast,hubEnsemble,WIS,12.473525761162,-0.029819790247676507,7,4,0.5571211326059586
2024-10-30,ILI incidence,2024-11-03,2,DK,respicast,quantileBaseline,WIS,12.2183504347826,0.0,7,3,0.5704633965285328
2024-10-30,ILI incidence,2024-11-03,2,DK,safinea,syndromic,WIS,19.4148277958348,-0.6681093869032431,7,6,0.1941836769085068
2024-10-30,ILI incidence,2024-11-03,2,EE,ECDC,SARIMA,WIS,30.8460497056953,0.07475226062096416,8,1,1.0
2024-10-30,ILI incidence,2024-11-03,2,EE,ECDC,soca_simplex,WIS,33.3970005249869,-0.039880532850020925,8,3,0.9509860753930133
2024-10-30,ILI incidence,2024-11-03,2,EE,ISI,FluBcast,WIS,76.8374961305384,-1.2419725039839578,8,7,0.11632114951572203
2024-10-30,ILI incidence,2024-11-03,2,EE,ISI,RC_AdaptEns2,WIS,53.1726686531666,-0.7108468715269401,8,6,0.571016732449522
2024-10-30,ILI incidence,2024-11-03,2,EE,RIVM,KFdlm,WIS,36.6906955924331,-0.17557625253939915,8,4,0.8877010757398082
2024-10-30,ILI incidence,2024-11-03,2,EE,respicast,hubEnsemble,WIS,48.047639807265,-0.5646275614556718,8,5,0.6694889474220596
2024-10-30,ILI incidence,2024-11-03,2,EE,respicast,quantileBaseline,WIS,32.486447826087,0.0,8,2,0.9684814190888049
2024-10-30,ILI incidence,2024-11-03,2,EE,safinea,syndromic,WIS,82.8914804633044,-1.3513858266876544,8,8,0.0
2024-10-30,ILI incidence,2024-11-03,2,FR,ISI,RC_AdaptEns2,WIS,77.1423519918019,-0.8480473157488196,7,5,0.36183722259651024
2024-10-30,ILI incidence,2024-11-03,2,FR,ISI,SEIR_BRW,WIS,96.5830161330958,-1.1722937000804492,7,7,0.0
2024-10-30,ILI incidence,2024-11-03,2,FR,RIVM,KFdlm,WIS,96.0872708880052,-1.1648695061786625,7,6,0.009227003835634979
2024-10-30,ILI incidence,2024-11-03,2,FR,fjordhest,ensemble,WIS,52.2581695652174,-0.28618077540645687,7,2,0.8249913304181041
2024-10-30,ILI incidence,2024-11-03,2,FR,respicast,hubEnsemble,WIS,74.0705417275939,-0.7894240714457899,7,4,0.4190109531988279
2024-10-30,ILI incidence,2024-11-03,2,FR,respicast,quantileBaseline,WIS,42.8553647826087,0.0,7,1,1.0
2024-10-30,ILI incidence,2024-11-03,2,FR,safinea,syndromic,WIS,59.3174061589565,-0.46897969557992053,7,3,0.6936020659276677
2024-10-30,ILI incidence,2024-11-03,2,GB-ENG,ECDC,SARIMA,WIS,0.321037113323329,-0.05553690958556467,7,2,0.9902251056314332
2024-10-30,ILI incidence,2024-11-03,2,GB-ENG,ECDC,soca_simplex,WIS,0.898743661969159,-1.5407065121673662,7,6,0.5244360563472296
2024-10-30,ILI incidence,2024-11-03,2,GB-ENG,ISI,FluBcast,WIS,0.878500859167793,-1.5078405177904783,7,5,0.5407572766861674
2024-10-30,ILI incidence,2024-11-03,2,GB-ENG,RIVM,KFdlm,WIS,0.53404996704229,-0.7897715509719965,7,3,0.8184786456827898
2024-10-30,ILI incidence,2024-11-03,2,GB-ENG,respicast,hubEnsemble,WIS,0.852555744927185,-1.4645909894106985,7,4,0.5616761153665156
2024-10-30,ILI incidence,2024-11-03,2,GB-ENG,respicast,quantileBaseline,WIS,0.308913555464422,0.0,7,1,1.0
2024-10-30,ILI incidence,2024-11-03,2,GB-ENG,safinea,syndromic,WIS,1.5491886317755,-2.3262377352600234,7,7,0.0
2024-10-30,ILI incidence,2024-11-03,2,GB-NIR,ECDC,SARIMA,WIS,0.356425517732826,-0.09727694065105658,8,3,0.9734366910665061
2024-10-30,ILI incidence,2024-11-03,2,GB-NIR,ECDC,soca_simplex,WIS,0.326649133206366,0.02858187600333056,8,1,1.0
2024-10-30,ILI incidence,2024-11-03,2,GB-NIR,ISI,FluBcast,WIS,1.44760829537289,-2.119275687529146,8,8,0.0
2024-10-30,ILI incidence,2024-11-03,2,GB-NIR,ISI,SEIR_BRW,WIS,0.479346404074116,-0.5247449222335354,8,5,0.8637798092727789
2024-10-30,ILI incidence,2024-11-03,2,GB-NIR,RIVM,KFdlm,WIS,0.58575414319502,-0.8139715662676873,8,6,0.7688541931466344
2024-10-30,ILI incidence,2024-11-03,2,GB-NIR,respicast,hubEnsemble,WIS,0.403988543244963,-0.2779906925886431,8,4,0.9310060413894831
2024-10-30,ILI incidence,2024-11-03,2,GB-NIR,respicast,quantileBaseline,WIS,0.333185054373341,0.0,8,2,0.9941693494396864
2024-10-30,ILI incidence,2024-11-03,2,GB-NIR,safinea,syndromic,WIS,0.755480908327563,-1.1810716102448684,8,7,0.6174421070858852
2024-10-30,ILI incidence,2024-11-03,2,GB-SCT,ISI,SEIR_BRW,WIS,1.90947431447063,-0.6319402568159521,4,4,0.0
2024-10-30,ILI incidence,2024-11-03,2,GB-SCT,RIVM,KFdlm,WIS,1.13598683998535,0.11728913486830543,4,1,1.0
2024-10-30,ILI incidence,2024-11-03,2,GB-SCT,respicast,hubEnsemble,WIS,1.39955880821006,-0.18373685225584843,4,3,0.6592420990396711
2024-10-30,ILI incidence,2024-11-03,2,GB-SCT,respicast,quantileBaseline,WIS,1.23219898868196,0.0,4,2,0.8756125317211703
2024-10-30,ILI incidence,2024-11-03,2,GB-WLS,respicast,quantileBaseline,WIS,1.39249307001625,0.0,1,1,0.0
2024-10-30,ILI incidence,2024-11-03,2,GR,ECDC,SARIMA,WIS,59.2813199624003,0.053928652947050064,10,2,0.9015797164444811
2024-10-30,ILI incidence,2024-11-03,2,GR,ECDC,soca_simplex,WIS,90.3950961464908,-0.5547382857349439,10,8,0.7296968657544914
2024-10-30,ILI incidence,2024-11-03,2,GR,ISI,FluBcast,WIS,222.482880775256,-1.8541162011483914,10,10,0.0
2024-10-30,ILI incidence,2024-11-03,2,GR,ISI,RC_AdaptEns2,WIS,152.342503785961,-1.3077403828375194,10,9,0.3874787770555213
2024-10-30,ILI incidence,2024-11-03,2,GR,QMUL,ARIMA,WIS,41.4655421682316,0.5695932681931116,10,1,1.0
2024-10-30,ILI incidence,2024-11-03,2,GR,RIVM,KFdlm,WIS,64.5528129671969,-0.06897373998375182,10,4,0.8724582353456974
2024-10-30,ILI incidence,2024-11-03,2,GR,fjordhest,ensemble,WIS,87.3445304347826,-0.5052111394628644,10,7,0.7465492056197391
2024-10-30,ILI incidence,2024-11-03,2,GR,respicast,hubEnsemble,WIS,66.9683786578687,-0.12197381590766099,10,6,0.8591138468508703
2024-10-30,ILI incidence,2024-11-03,2,GR,respicast,quantileBaseline,WIS,61.5392228260869,0.0,10,3,0.8891063098577876
2024-10-30,ILI incidence,2024-11-03,2,GR,safinea,syndromic,WIS,65.9833379912174,-0.10059553927023572,10,5,0.8645555392005174
2024-10-30,ILI incidence,2024-11-03,2,HR,RIVM,KFdlm,WIS,0.365884643694589,1.2926799564669762,3,2,0.9999999999999979
2024-10-30,ILI incidence,2024-11-03,2,HR,respicast,hubEnsemble,WIS,0.365884643694588,1.2926799564669802,3,1,1.0
2024-10-30,ILI incidence,2024-11-03,2,HR,respicast,quantileBaseline,WIS,0.896354130434784,0.0,3,3,0.0
2024-10-30,ILI incidence,2024-11-03,2,HU,ECDC,SARIMA,WIS,38.4371621294755,-0.06659084565326187,9,3,0.9677321963040262
2024-10-30,ILI incidence,2024-11-03,2,HU,ECDC,soca_simplex,WIS,37.1579008012214,-0.017758022239294374,9,2,0.9915401319544731
2024-10-30,ILI incidence,2024-11-03,2,HU,ISI,FluBcast,WIS,69.816828607159,-0.9276638465561392,9,7,0.38373495998267354
2024-10-30,ILI incidence,2024-11-03,2,HU,ISI,RC_AdaptEns2,WIS,90.4358903272688,-1.300984455118013,9,9,0.0
2024-10-30,ILI incidence,2024-11-03,2,HU,QMUL,ARIMA,WIS,47.6671063994917,-0.3770830720501322,9,4,0.7959565673653631
2024-10-30,ILI incidence,2024-11-03,2,HU,RIVM,KFdlm,WIS,78.820677261332,-1.102663167631513,9,8,0.21616712639743482
2024-10-30,ILI incidence,2024-11-03,2,HU,respicast,hubEnsemble,WIS,50.6271365324843,-0.46399990966159266,9,5,0.74086836499951
2024-10-30,ILI incidence,2024-11-03,2,HU,respicast,quantileBaseline,WIS,36.7033304347826,0.0,9,1,1.0
2024-10-30,ILI incidence,2024-11-03,2,HU,safinea,syndromic,WIS,66.122948683,-0.8492400833681387,9,6,0.4524806131127328
2024-10-30,ILI incidence,2024-11-03,2,IE,ECDC,SARIMA,WIS,2.54917907843433,-0.6593338525993194,10,5,0.734237058168663
2024-10-30,ILI incidence,2024-11-03,2,IE,ECDC,soca_simplex,WIS,2.42183200855212,-0.5853999224662111,10,4,0.7704295833096625
2024-10-30,ILI incidence,2024-11-03,2,IE,ISI,FluBcast,WIS,5.08003125863083,-1.6541385014103,10,9,0.014959172586851456
2024-10-30,ILI incidence,2024-11-03,2,IE,ISI,RC_AdaptEns2,WIS,3.52740999994048,-1.1279104008096512,10,7,0.45622008256755914
2024-10-30,ILI incidence,2024-11-03,2,IE,ISI,SEIR_BRW,WIS,5.0424161477679,-1.6434163150625842,10,8,0.025649531201676807
2024-10-30,ILI incidence,2024-11-03,2,IE,RIVM,KFdlm,WIS,1.66843063603471,-0.0477928357611756,10,2,0.984549139741711
2024-10-30,ILI incidence,2024-11-03,2,IE,fjordhest,ensemble,WIS,2.22253043478261,-0.4615043022423234,10,3,0.8270718541209631
2024-10-30,ILI incidence,2024-11-03,2,IE,respicast,hubEnsemble,WIS,3.07812709715299,-0.9313539295191546,10,6,0.58390800479143
2024-10-30,ILI incidence,2024-11-03,2,IE,respicast,quantileBaseline,WIS,1.6140652173913,0.0,10,1,1.0
2024-10-30,ILI incidence,2024-11-03,2,IE,safinea,syndromic,WIS,5.13266662434174,-1.669009685172441,10,10,0.0
2024-10-30,ILI incidence,2024-11-03,2,IS,respicast,quantileBaseline,WIS,0.730478260869565,0.0,1,1,0.0
2024-10-30,ILI incidence,2024-11-03,2,IT,respicast,quantileBaseline,WIS,140.358710434783,0.0,1,1,0.0
2024-10-30,ILI incidence,2024-11-03,2,LT,ISI,SEIR_BRW,WIS,0.379835221117783,2.8704127927421603,6,1,1.0
2024-10-30,ILI incidence,2024-11-03,2,LT,RIVM,KFdlm,WIS,1.19097114333844,1.2217199290350829,6,4,0.6617169428044387
2024-10-30,ILI incidence,2024-11-03,2,LT,fjordhest,ensemble,WIS,2.2834,0.2826747776292628,6,5,0.20612107622217468
2024-10-30,ILI incidence,2024-11-03,2,LT,respicast,hubEnsemble,WIS,0.725581454981889,1.9366488990063506,6,3,0.8558070357860639
2024-10-30,ILI incidence,2024-11-03,2,LT,respicast,quantileBaseline,WIS,2.77763760869565,0.0,6,6,0.0
2024-10-30,ILI incidence,2024-11-03,2,LT,safinea,syndromic,WIS,0.480174061589565,2.532229008669811,6,2,0.9581538324460763
2024-10-30,ILI incidence,2024-11-03,2,LU,ECDC,SARIMA,WIS,482.093775240661,0.38494239718061163,7,4,0.9971381045533462
2024-10-30,ILI incidence,2024-11-03,2,LU,ECDC,soca_simplex,WIS,719.698203371874,-0.19313585780329423,7,6,0.9924177097336906
2024-10-30,ILI incidence,2024-11-03,2,LU,QMUL,ARIMA,WIS,338.038233924072,0.897069766836185,7,1,1.0
2024-10-30,ILI incidence,2024-11-03,2,LU,RIVM,KFdlm,WIS,50673.7489549496,-6.330838557260087,7,7,0.0
2024-10-30,ILI incidence,2024-11-03,2,LU,fjordhest,ensemble,WIS,376.034043478261,0.7433929197823967,7,3,0.9992451520201081
2024-10-30,ILI incidence,2024-11-03,2,LU,respicast,hubEnsemble,WIS,338.038233924072,0.897069766836185,7,1,1.0
2024-10-30,ILI incidence,2024-11-03,2,LU,respicast,quantileBaseline,WIS,629.521739130435,0.0,7,5,0.9942092104982516
2024-10-30,ILI incidence,2024-11-03,2,LV,ECDC,SARIMA,WIS,300.600144688564,1.3196337258707749,6,5,0.6044331354517195
2024-10-30,ILI incidence,2024-11-03,2,LV,ECDC,soca_simplex,WIS,10.2510216860279,6.193639818803959,6,3,0.9946805846458621
2024-10-30,ILI incidence,2024-11-03,2,LV,RIVM,KFdlm,WIS,11.5414429973602,6.022583912664279,6,4,0.9929461773918448
2024-10-30,ILI incidence,2024-11-03,2,LV,respicast,hubEnsemble,WIS,9.39687201554973,6.319155019829493,6,2,0.9958286154257974
2024-10-30,ILI incidence,2024-11-03,2,LV,respicast,quantileBaseline,WIS,750.306173913044,0.0,6,6,0.0
2024-10-30,ILI incidence,2024-11-03,2,LV,safinea,syndromic,WIS,6.2933082246087,6.897517016430362,6,1,1.0
2024-10-30,ILI incidence,2024-11-03,2,MT,ECDC,SARIMA,WIS,395.67610636618,0.43216735820107605,5,1,1.0
2024-10-30,ILI incidence,2024-11-03,2,MT,ECDC,soca_simplex,WIS,930.709953879054,-0.8018443305213249,5,5,0.0
2024-10-30,ILI incidence,2024-11-03,2,MT,RIVM,KFdlm,WIS,583.676208300547,-0.1286809562231587,5,4,0.6486201708391105
2024-10-30,ILI incidence,2024-11-03,2,MT,respicast,hubEnsemble,WIS,420.715533980924,0.3436422189519592,5,2,0.9532002924092732
2024-10-30,ILI incidence,2024-11-03,2,MT,respicast,quantileBaseline,WIS,533.869565217391,0.0,5,3,0.7417108104587984
2024-10-30,ILI incidence,2024-11-03,2,NL,ECDC,SARIMA,WIS,4.03176480100476,-0.16134227502002446,10,2,0.9414863683303891
2024-10-30,ILI incidence,2024-11-03,2,NL,ECDC,soca_simplex,WIS,9.61462781457133,-1.4151618069310412,10,8,0.17570757381946533
2024-10-30,ILI incidence,2024-11-03,2,NL,ISI,FluBcast,WIS,6.86239351129189,-0.9286426524404168,10,5,0.5532204488184376
2024-10-30,ILI incidence,2024-11-03,2,NL,ISI,RC_AdaptEns2,WIS,7.58933072252341,-1.0739034603290523,10,6,0.45350940451208976
2024-10-30,ILI incidence,2024-11-03,2,NL,ISI,SEIR_BRW,WIS,10.8956130313358,-1.595606260981343,10,10,0.0
2024-10-30,ILI incidence,2024-11-03,2,NL,RIVM,KFdlm,WIS,4.18045606420712,-0.21359113628194004,10,3,0.9210909876784343
2024-10-30,ILI incidence,2024-11-03,2,NL,fjordhest,ensemble,WIS,4.55157826086957,-0.33629768240769786,10,4,0.8701856533211689
2024-10-30,ILI incidence,2024-11-03,2,NL,respicast,hubEnsemble,WIS,7.77408219002361,-1.10860315586811,10,7,0.4281677911279483
2024-10-30,ILI incidence,2024-11-03,2,NL,respicast,quantileBaseline,WIS,3.6051747826087,0.0,10,1,1.0
2024-10-30,ILI incidence,2024-11-03,2,NL,safinea,syndromic,WIS,10.7396290889739,-1.5748030586765545,10,9,0.021395688028649846
2024-10-30,ILI incidence,2024-11-03,2,NO,ECDC,SARIMA,WIS,3.10099472411785,-0.2832673264317331,10,9,0.06897316095645648
2024-10-30,ILI incidence,2024-11-03,2,NO,ECDC,soca_simplex,WIS,1.60565596149757,0.6663009404358318,10,3,0.618974738852163
2024-10-30,ILI incidence,2024-11-03,2,NO,ISI,RC_AdaptEns2,WIS,0.56972831068651,2.161117742124949,10,1,1.0
2024-10-30,ILI incidence,2024-11-03,2,NO,ISI,SEIR_BRW,WIS,2.18466606281012,0.22205097160060264,10,5,0.4060086355850848
2024-10-30,ILI incidence,2024-11-03,2,NO,QMUL,ARIMA,WIS,1.67571616014144,0.6046859450186234,10,4,0.593205849042677
2024-10-30,ILI incidence,2024-11-03,2,NO,RIVM,KFdlm,WIS,2.37070293154198,0.10414885232656483,10,6,0.3375822870498518
2024-10-30,ILI incidence,2024-11-03,2,NO,fjordhest,ensemble,WIS,2.68660434782609,-0.07632012847997302,10,8,0.22139037003481127
2024-10-30,ILI incidence,2024-11-03,2,NO,respicast,hubEnsemble,WIS,1.54984425981908,0.7173404952159887,10,2,0.6395028792010593
2024-10-30,ILI incidence,2024-11-03,2,NO,respicast,quantileBaseline,WIS,2.54817391304348,0.0,10,7,0.2723065633834071
2024-10-30,ILI incidence,2024-11-03,2,NO,safinea,syndromic,WIS,3.28851826096522,-0.36797393651317195,10,10,0.0
2024-10-30,ILI incidence,2024-11-03,2,PL,ECDC,SARIMA,WIS,38.5942804365883,0.37187674199709797,10,2,0.872855276256915
2024-10-30,ILI incidence,2024-11-03,2,PL,ECDC,soca_simplex,WIS,81.7003356864257,-0.7100782040604303,10,7,0.5507620532296931
2024-10-30,ILI incidence,2024-11-03,2,PL,ISI,FluBcast,WIS,81.7210037369617,-0.7104431220604577,10,8,0.5506076192650854
2024-10-30,ILI incidence,2024-11-03,2,PL,ISI,RC_AdaptEns2,WIS,21.578376050635,1.2106775076945158,10,1,1.0
2024-10-30,ILI incidence,2024-11-03,2,PL,QMUL,ARIMA,WIS,53.379375176565,-0.09601861635188062,10,4,0.7623794094683416
2024-10-30,ILI incidence,2024-11-03,2,PL,RIVM,KFdlm,WIS,155.409367105651,-1.6377377558978117,10,10,0.0
2024-10-30,ILI incidence,2024-11-03,2,PL,fjordhest,ensemble,WIS,61.7989521739131,-0.3073185748634355,10,6,0.699467396854709
2024-10-30,ILI incidence,2024-11-03,2,PL,respicast,hubEnsemble,WIS,58.8794184453553,-0.237499619902985,10,5,0.7212824764976419
2024-10-30,ILI incidence,2024-11-03,2,PL,respicast,quantileBaseline,WIS,49.9423532608696,0.0,10,3,0.7880612182078621
2024-10-30,ILI incidence,2024-11-03,2,PL,safinea,syndromic,WIS,88.6585036731305,-0.8279952117384479,10,9,0.4987698507371897
2024-10-30,ILI incidence,2024-11-03,2,RO,ECDC,SARIMA,WIS,0.545920378431431,-0.13519230414228306,6,6,0.0
2024-10-30,ILI incidence,2024-11-03,2,RO,ISI,FluBcast,WIS,0.347980853850633,0.51449031753167,6,3,0.5789117494308221
2024-10-30,ILI incidence,2024-11-03,2,RO,ISI,RC_AdaptEns2,WIS,0.204003799997137,1.2849022220442,6,1,1.0
2024-10-30,ILI incidence,2024-11-03,2,RO,RIVM,KFdlm,WIS,0.397275377507045,0.32335886743761677,6,4,0.4347405487182339
2024-10-30,ILI incidence,2024-11-03,2,RO,respicast,hubEnsemble,WIS,0.292096535716462,0.7670529998882029,6,2,0.7423560561973344
2024-10-30,ILI incidence,2024-11-03,2,RO,respicast,quantileBaseline,WIS,0.497086956521739,0.0,6,5,0.14282262104198123
2024-10-30,ILI incidence,2024-11-03,2,SI,ECDC,SARIMA,WIS,2.77434227550086,-0.6370125912020729,7,6,0.38771665756733925
2024-10-30,ILI incidence,2024-11-03,2,SI,ISI,FluBcast,WIS,1.08901071720087,0.712115043258987,7,1,1.0
2024-10-30,ILI incidence,2024-11-03,2,SI,RIVM,KFdlm,WIS,3.84154609012806,-1.1065538676648483,7,7,0.0
2024-10-30,ILI incidence,2024-11-03,2,SI,fjordhest,ensemble,WIS,1.90308695652174,-0.0932082879776445,7,4,0.704244949101185
2024-10-30,ILI incidence,2024-11-03,2,SI,respicast,hubEnsemble,WIS,1.75625758284114,0.022628740925652598,7,2,0.7575882685457791
2024-10-30,ILI incidence,2024-11-03,2,SI,respicast,quantileBaseline,WIS,1.78402173913043,0.0,7,3,0.7475015112374565
2024-10-30,ILI incidence,2024-11-03,2,SI,safinea,syndromic,WIS,2.14045265256565,-0.26278272778247114,7,5,0.6180096554956815
2024-10-30,ILI incidence,2024-11-10,3,AT,respicast,quantileBaseline,WIS,643.492816304348,0.0,1,1,0.0
2024-10-30,ILI incidence,2024-11-10,3,BE,ECDC,SARIMA,WIS,49.2810359675152,0.2541215757718997,11,2,0.9658467756781648
2024-10-30,ILI incidence,2024-11-10,3,BE,ECDC,soca_simplex,WIS,88.0078441711973,-0.5824779574958335,11,9,0.5509345212263279
2024-10-30,ILI incidence,2024-11-10,3,BE,ISI,FluBcast,WIS,46.0932646889916,0.35059820557049465,11,1,1.0
2024-10-30,ILI incidence,2024-11-10,3,BE,ISI,RC_AdaptEns2,WIS,139.430609605078,-1.2463212499604202,11,11,0.0
2024-10-30,ILI incidence,2024-11-10,3,BE,ISI,SEIR_BRW,WIS,84.8151961706058,-0.5291686128392886,11,8,0.5851399938960489
2024-10-30,ILI incidence,2024-11-10,3,BE,QMUL,ARIMA,WIS,62.658448702713,-0.092354892001475,11,4,0.822523513727393
2024-10-30,ILI incidence,2024-11-10,3,BE,RIVM,KFdlm,WIS,65.692279761388,-0.1605696732704978,11,5,0.79001957801546
2024-10-30,ILI incidence,2024-11-10,3,BE,fjordhest,ensemble,WIS,68.4841782608696,-0.22061656419632328,11,6,0.7601076654579341
2024-10-30,ILI incidence,2024-11-10,3,BE,respicast,hubEnsemble,WIS,68.8613832507426,-0.22854100136817523,11,7,0.7560663571240391
2024-10-30,ILI incidence,2024-11-10,3,BE,respicast,quantileBaseline,WIS,58.7730252173913,0.0,11,3,0.8641512618577349
2024-10-30,ILI incidence,2024-11-10,3,BE,safinea,syndromic,WIS,89.7743103778,-0.611148505616412,11,10,0.5320089110304217
2024-10-30,ILI incidence,2024-11-10,3,CH,ISI,SEIR_BRW,WIS,6.19898747342173,-0.18415602360881284,5,2,0.8928026096659244
2024-10-30,ILI incidence,2024-11-10,3,CH,RIVM,KFdlm,WIS,12.3859851055008,-1.1827601461171608,5,5,0.0
2024-10-30,ILI incidence,2024-11-10,3,CH,respicast,hubEnsemble,WIS,6.82579828735513,-0.3231212161925747,5,3,0.8023518993658288
2024-10-30,ILI incidence,2024-11-10,3,CH,respicast,quantileBaseline,WIS,5.45612450126918,0.0,5,1,1.0
2024-10-30,ILI incidence,2024-11-10,3,CH,safinea,syndromic,WIS,7.2245021655556,-0.40502161106380297,5,4,0.7448177149181637
2024-10-30,ILI incidence,2024-11-10,3,CZ,ISI,RC_AdaptEns2,WIS,5.96924152501422,-0.40946676119556463,7,3,0.8783263729060857
2024-10-30,ILI incidence,2024-11-10,3,CZ,ISI,SEIR_BRW,WIS,16.0701280642051,-1.8382286533935313,7,6,0.3306338163312007
2024-10-30,ILI incidence,2024-11-10,3,CZ,RIVM,KFdlm,WIS,22.1678824059231,-2.30231819025698,7,7,0.0
2024-10-30,ILI incidence,2024-11-10,3,CZ,fjordhest,ensemble,WIS,3.72526086956522,0.2707394105133618,7,1,1.0
2024-10-30,ILI incidence,2024-11-10,3,CZ,respicast,hubEnsemble,WIS,8.1124786082123,-0.852061901364474,7,4,0.7621152865931724
2024-10-30,ILI incidence,2024-11-10,3,CZ,respicast,quantileBaseline,WIS,4.49425152173913,0.0,7,2,0.9583036147730993
2024-10-30,ILI incidence,2024-11-10,3,CZ,safinea,syndromic,WIS,9.86159250523478,-1.1337397723871097,7,5,0.6672744369029986
2024-10-30,ILI incidence,2024-11-10,3,DK,ISI,RC_AdaptEns2,WIS,5.5577897347607,1.3580912922029473,7,1,1.0
2024-10-30,ILI incidence,2024-11-10,3,DK,ISI,SEIR_BRW,WIS,29.3890693902747,-1.0446052244512505,7,7,0.0
2024-10-30,ILI incidence,2024-11-10,3,DK,RIVM,KFdlm,WIS,18.9944297901658,-0.4149019510867364,7,5,0.4361763090511937
2024-10-30,ILI incidence,2024-11-10,3,DK,fjordhest,ensemble,WIS,15.5883173913043,-0.1297907593227795,7,4,0.5791024316974616
2024-10-30,ILI incidence,2024-11-10,3,DK,respicast,hubEnsemble,WIS,15.4540688095728,-0.11731227462581531,7,3,0.5847357247338444
2024-10-30,ILI incidence,2024-11-10,3,DK,respicast,quantileBaseline,WIS,14.2471608695652,0.0,7,2,0.635379582615322
2024-10-30,ILI incidence,2024-11-10,3,DK,safinea,syndromic,WIS,26.3385270376348,-0.886500214127484,7,6,0.12800581407025174
2024-10-30,ILI incidence,2024-11-10,3,EE,ECDC,SARIMA,WIS,31.235526740487,0.06362261931369033,8,2,0.7939779964896219
2024-10-30,ILI incidence,2024-11-10,3,EE,ECDC,soca_simplex,WIS,14.2571177212039,1.1951281283474615,8,1,1.0
2024-10-30,ILI incidence,2024-11-10,3,EE,ISI,FluBcast,WIS,91.0421948356262,-1.4797248600850788,8,7,0.06826279135781337
2024-10-30,ILI incidence,2024-11-10,3,EE,ISI,RC_AdaptEns2,WIS,62.990368288909,-0.948320768006052,8,6,0.4086535488614463
2024-10-30,ILI incidence,2024-11-10,3,EE,RIVM,KFdlm,WIS,40.7279172594588,-0.3192075615009412,8,4,0.6787939818625516
2024-10-30,ILI incidence,2024-11-10,3,EE,respicast,hubEnsemble,WIS,42.9699667064583,-0.3965181809798772,8,5,0.6515881630773191
2024-10-30,ILI incidence,2024-11-10,3,EE,respicast,quantileBaseline,WIS,32.6438332608696,0.0,8,3,0.7768891084462001
2024-10-30,ILI incidence,2024-11-10,3,EE,safinea,syndromic,WIS,96.6677764372174,-1.5662245786873876,8,8,0.0
2024-10-30,ILI incidence,2024-11-10,3,FR,ISI,RC_AdaptEns2,WIS,64.5321283428241,-1.0750451993463717,7,5,0.508408229501121
2024-10-30,ILI incidence,2024-11-10,3,FR,ISI,SEIR_BRW,WIS,77.7223258987238,-1.3433566666571786,7,6,0.31714288133708074
2024-10-30,ILI incidence,2024-11-10,3,FR,RIVM,KFdlm,WIS,99.5933929709235,-1.7010776283897424,7,7,0.0
2024-10-30,ILI incidence,2024-11-10,3,FR,fjordhest,ensemble,WIS,35.5104260869565,-0.21327026261298118,7,2,0.9292393779928163
2024-10-30,ILI incidence,2024-11-10,3,FR,respicast,hubEnsemble,WIS,58.0682701759069,-0.9227776488926855,7,4,0.6021378402623649
2024-10-30,ILI incidence,2024-11-10,3,FR,respicast,quantileBaseline,WIS,30.6305741304348,0.0,7,1,1.0
2024-10-30,ILI incidence,2024-11-10,3,FR,safinea,syndromic,WIS,37.1692575529565,-0.27913746235850545,7,3,0.9051853805795597
2024-10-30,ILI incidence,2024-11-10,3,GB-ENG,ECDC,SARIMA,WIS,0.19842235946583,0.8175304578043403,7,1,1.0
2024-10-30,ILI incidence,2024-11-10,3,GB-ENG,ECDC,soca_simplex,WIS,0.526704371060479,-0.5908883677641361,7,4,0.797577384371009
2024-10-30,ILI incidence,2024-11-10,3,GB-ENG,ISI,FluBcast,WIS,1.33425905570701,-1.9318618333745532,7,6,0.2996295049378845
2024-10-30,ILI incidence,2024-11-10,3,GB-ENG,RIVM,KFdlm,WIS,0.615350394722684,-0.8153030837575627,7,5,0.7429171856971639
2024-10-30,ILI incidence,2024-11-10,3,GB-ENG,respicast,hubEnsemble,WIS,0.416669902080375,-0.2527998269851369,7,3,0.8654259543005798
2024-10-30,ILI incidence,2024-11-10,3,GB-ENG,respicast,quantileBaseline,WIS,0.349696913981361,0.0,7,2,0.9067222999688622
2024-10-30,ILI incidence,2024-11-10,3,GB-ENG,safinea,syndromic,WIS,1.82018784537546,-2.3799103761582265,7,7,0.0
2024-10-30,ILI incidence,2024-11-10,3,GB-NIR,ECDC,SARIMA,WIS,0.317128059955303,0.5248484049628758,8,1,1.0
2024-10-30,ILI incidence,2024-11-10,3,GB-NIR,ECDC,soca_simplex,WIS,0.398997570809531,0.19353397681323026,8,2,0.9601991874060287
2024-10-30,ILI incidence,2024-11-10,3,GB-NIR,ISI,FluBcast,WIS,2.37410894849698,-2.3794002972260686,8,8,0.0
2024-10-30,ILI incidence,2024-11-10,3,GB-NIR,ISI,SEIR_BRW,WIS,0.613122332000604,-0.4262610136408083,8,5,0.8561025658069435
2024-10-30,ILI incidence,2024-11-10,3,GB-NIR,RIVM,KFdlm,WIS,0.730623836554003,-0.6792148824743774,8,7,0.798979281284498
2024-10-30,ILI incidence,2024-11-10,3,GB-NIR,respicast,hubEnsemble,WIS,0.422827828643456,0.10984360821900878,8,3,0.9486141221452524
2024-10-30,ILI incidence,2024-11-10,3,GB-NIR,respicast,quantileBaseline,WIS,0.456278267455937,0.0,8,4,0.9323522117897332
2024-10-30,ILI incidence,2024-11-10,3,GB-NIR,safinea,syndromic,WIS,0.726556421072459,-0.6711608955311344,8,6,0.8009566528314099
2024-10-30,ILI incidence,2024-11-10,3,GB-SCT,ISI,SEIR_BRW,WIS,0.273467917185058,1.634684111883656,4,1,1.0
2024-10-30,ILI incidence,2024-11-10,3,GB-SCT,RIVM,KFdlm,WIS,0.506790969851552,0.7446648818247297,4,3,0.5947165872526345
2024-10-30,ILI incidence,2024-11-10,3,GB-SCT,respicast,hubEnsemble,WIS,0.387142932904806,1.1331893934367288,4,2,0.8025458788212323
2024-10-30,ILI incidence,2024-11-10,3,GB-SCT,respicast,quantileBaseline,WIS,0.849171351689881,0.0,4,4,0.0
2024-10-30,ILI incidence,2024-11-10,3,GB-WLS,respicast,quantileBaseline,WIS,1.40081964390818,0.0,1,1,0.0
2024-10-30,ILI incidence,2024-11-10,3,GR,ECDC,SARIMA,WIS,56.1258664208937,0.06571356904583253,10,4,0.8546781356833016
2024-10-30,ILI incidence,2024-11-10,3,GR,ECDC,soca_simplex,WIS,140.19697121404,-1.2550038967851411,10,9,0.4112445517278181
2024-10-30,ILI incidence,2024-11-10,3,GR,ISI,FluBcast,WIS,218.165318797273,-1.8929704929966078,10,10,0.0
2024-10-30,ILI incidence,2024-11-10,3,GR,ISI,RC_AdaptEns2,WIS,137.239083394044,-1.224240110207136,10,8,0.4268459500939547
2024-10-30,ILI incidence,2024-11-10,3,GR,QMUL,ARIMA,WIS,28.5741199457529,1.0396703145432413,10,1,1.0
2024-10-30,ILI incidence,2024-11-10,3,GR,RIVM,KFdlm,WIS,70.9021207023345,-0.2714493994174571,10,6,0.7767406872629614
2024-10-30,ILI incidence,2024-11-10,3,GR,fjordhest,ensemble,WIS,77.5078434782609,-0.3999629325336384,10,7,0.7418987599164303
2024-10-30,ILI incidence,2024-11-10,3,GR,respicast,hubEnsemble,WIS,54.126822590818,0.11803568015680796,10,3,0.865222105246157
2024-10-30,ILI incidence,2024-11-10,3,GR,respicast,quantileBaseline,WIS,58.7414704347826,0.0,10,5,0.8408821154580308
2024-10-30,ILI incidence,2024-11-10,3,GR,safinea,syndromic,WIS,44.6242164467391,0.3965525429159586,10,2,0.9153436625844854
2024-10-30,ILI incidence,2024-11-10,3,HR,RIVM,KFdlm,WIS,0.577630574257329,1.0077250480557762,3,1,1.0
2024-10-30,ILI incidence,2024-11-10,3,HR,respicast,hubEnsemble,WIS,0.577630574257329,1.0077250480557762,3,1,1.0
2024-10-30,ILI incidence,2024-11-10,3,HR,respicast,quantileBaseline,WIS,1.16146369565217,0.0,3,3,0.0
2024-10-30,ILI incidence,2024-11-10,3,HU,ECDC,SARIMA,WIS,17.6090955855061,0.5531769267104792,9,2,0.9485116123338232
2024-10-30,ILI incidence,2024-11-10,3,HU,ECDC,soca_simplex,WIS,68.1619884081582,-1.3994696821587873,9,8,0.12215422456516364
2024-10-30,ILI incidence,2024-11-10,3,HU,ISI,FluBcast,WIS,22.3761103655025,0.20753846529862896,9,3,0.8705881214888584
2024-10-30,ILI incidence,2024-11-10,3,HU,ISI,RC_AdaptEns2,WIS,54.8737871127363,-1.086619406762178,9,7,0.3393683679605065
2024-10-30,ILI incidence,2024-11-10,3,HU,QMUL,ARIMA,WIS,14.4592635856643,0.8375036627372276,9,1,1.0
2024-10-30,ILI incidence,2024-11-10,3,HU,RIVM,KFdlm,WIS,75.6348439954379,-1.5495532785171315,9,9,0.0
2024-10-30,ILI incidence,2024-11-10,3,HU,respicast,hubEnsemble,WIS,25.4423324513247,0.022266802836758286,9,4,0.82046645422745
2024-10-30,ILI incidence,2024-11-10,3,HU,respicast,quantileBaseline,WIS,25.8380597826087,0.0,9,6,0.8139977402629354
2024-10-30,ILI incidence,2024-11-10,3,HU,safinea,syndromic,WIS,25.7262419243913,0.006257015689470905,9,5,0.8158255587726806
2024-10-30,ILI incidence,2024-11-10,3,IE,ECDC,SARIMA,WIS,2.79882161674653,-0.6604140102657241,10,5,0.8141415030996318
2024-10-30,ILI incidence,2024-11-10,3,IE,ECDC,soca_simplex,WIS,2.55395499913336,-0.5283275756541534,10,4,0.8584117516279677
2024-10-30,ILI incidence,2024-11-10,3,IE,ISI,FluBcast,WIS,7.30198305698349,-2.0438827920244926,10,10,0.0
2024-10-30,ILI incidence,2024-11-10,3,IE,ISI,RC_AdaptEns2,WIS,4.24338347112315,-1.2608095304784712,10,7,0.5529743708413918
2024-10-30,ILI incidence,2024-11-10,3,IE,ISI,SEIR_BRW,WIS,6.33994864861484,-1.8400656258601602,10,9,0.17392939375089414
2024-10-30,ILI incidence,2024-11-10,3,IE,RIVM,KFdlm,WIS,1.8504823723823,-0.06349586342857239,10,2,0.9855949026949249
2024-10-30,ILI incidence,2024-11-10,3,IE,fjordhest,ensemble,WIS,2.5406347826087,-0.5207834730133034,10,3,0.8608199577842249
2024-10-30,ILI incidence,2024-11-10,3,IE,respicast,hubEnsemble,WIS,3.82571382179342,-1.1113234293228214,10,6,0.6284862530195509
2024-10-30,ILI incidence,2024-11-10,3,IE,respicast,quantileBaseline,WIS,1.7708052173913,0.0,10,1,1.0
2024-10-30,ILI incidence,2024-11-10,3,IE,safinea,syndromic,WIS,6.21396290836522,-1.8111081007025647,10,8,0.19670677388642577
2024-10-30,ILI incidence,2024-11-10,3,IS,respicast,quantileBaseline,WIS,0.946565217391306,0.0,1,1,0.0
2024-10-30,ILI incidence,2024-11-10,3,IT,respicast,quantileBaseline,WIS,165.623947173913,0.0,1,1,0.0
2024-10-30,ILI incidence,2024-11-10,3,LT,ISI,SEIR_BRW,WIS,0.525594944680902,2.778379310220651,6,1,1.0
2024-10-30,ILI incidence,2024-11-10,3,LT,RIVM,KFdlm,WIS,1.88845413736458,0.933196867627947,6,4,0.5575725888142211
2024-10-30,ILI incidence,2024-11-10,3,LT,fjordhest,ensemble,WIS,3.18064347826087,0.18108394711063883,6,5,0.13808685769563156
2024-10-30,ILI incidence,2024-11-10,3,LT,respicast,hubEnsemble,WIS,1.1382219824119,1.6636206672822862,6,3,0.8011217917589764
2024-10-30,ILI incidence,2024-11-10,3,LT,respicast,quantileBaseline,WIS,3.60600804347826,0.0,6,6,0.0
2024-10-30,ILI incidence,2024-11-10,3,LT,safinea,syndromic,WIS,1.07269257552956,1.7491659434815323,6,2,0.8223947200256181
2024-10-30,ILI incidence,2024-11-10,3,LU,ECDC,SARIMA,WIS,563.824479630799,0.47472718649501033,7,4,0.9999419290621462
2024-10-30,ILI incidence,2024-11-10,3,LU,ECDC,soca_simplex,WIS,930.094084171527,-0.24740335678574218,7,6,0.9997370642700741
2024-10-30,ILI incidence,2024-11-10,3,LU,QMUL,ARIMA,WIS,460.001762081856,0.7683339158508332,7,1,1.0
2024-10-30,ILI incidence,2024-11-10,3,LU,RIVM,KFdlm,WIS,1788320.18425717,-11.156344138653262,7,7,0.0
2024-10-30,ILI incidence,2024-11-10,3,LU,fjordhest,ensemble,WIS,461.957843478261,0.7622121006486371,7,3,0.9999989059091893
2024-10-30,ILI incidence,2024-11-10,3,LU,respicast,hubEnsemble,WIS,460.001762081857,0.76833391585083,7,2,1.0
2024-10-30,ILI incidence,2024-11-10,3,LU,respicast,quantileBaseline,WIS,783.521739130435,0.0,7,5,0.9998190462653533
2024-10-30,ILI incidence,2024-11-10,3,LV,ECDC,SARIMA,WIS,575.982384087902,0.38954787986280276,6,5,0.23926702409153644
2024-10-30,ILI incidence,2024-11-10,3,LV,ECDC,soca_simplex,WIS,9.06167778028906,6.379650566742111,6,2,0.9989954151455748
2024-10-30,ILI incidence,2024-11-10,3,LV,RIVM,KFdlm,WIS,15.2415654184774,5.629489577933557,6,4,0.9907137700406806
2024-10-30,ILI incidence,2024-11-10,3,LV,respicast,hubEnsemble,WIS,10.089224011022,6.224685446330656,6,3,0.9976184041528157
2024-10-30,ILI incidence,2024-11-10,3,LV,respicast,quantileBaseline,WIS,754.527021739131,0.0,6,6,0.0
2024-10-30,ILI incidence,2024-11-10,3,LV,safinea,syndromic,WIS,8.3120415130087,6.504225898884073,6,1,1.0
2024-10-30,ILI incidence,2024-11-10,3,MT,ECDC,SARIMA,WIS,1061.04875723505,0.25493508422211153,5,2,0.8309287089931282
2024-10-30,ILI incidence,2024-11-10,3,MT,ECDC,soca_simplex,WIS,1514.64049728538,-0.2585493713864208,5,5,0.0
2024-10-30,ILI incidence,2024-11-10,3,MT,RIVM,KFdlm,WIS,968.755230425403,0.3862219369241893,5,1,1.0
2024-10-30,ILI incidence,2024-11-10,3,MT,respicast,hubEnsemble,WIS,1136.65461084018,0.1556320998230104,5,3,0.6924273458037029
2024-10-30,ILI incidence,2024-11-10,3,MT,respicast,quantileBaseline,WIS,1266.13043478261,0.0,5,4,0.4552422964851959
2024-10-30,ILI incidence,2024-11-10,3,NL,ECDC,SARIMA,WIS,2.4965163646198,0.12103583449063082,10,6,0.681704368874637
2024-10-30,ILI incidence,2024-11-10,3,NL,ECDC,soca_simplex,WIS,0.899677355859242,1.5934725809825143,10,1,1.0
2024-10-30,ILI incidence,2024-11-10,3,NL,ISI,FluBcast,WIS,1.0719631014355,1.3406969510886115,10,2,0.9656585292435566
2024-10-30,ILI incidence,2024-11-10,3,NL,ISI,RC_AdaptEns2,WIS,1.37121392246056,0.9854985351564661,10,4,0.906009291956395
2024-10-30,ILI incidence,2024-11-10,3,NL,ISI,SEIR_BRW,WIS,5.91651972694297,-1.1237965911466057,10,10,0.0
2024-10-30,ILI incidence,2024-11-10,3,NL,RIVM,KFdlm,WIS,2.12529977826264,0.35328584708061395,10,5,0.7556984390285634
2024-10-30,ILI incidence,2024-11-10,3,NL,fjordhest,ensemble,WIS,2.63797391304348,0.041521900198667167,10,7,0.6535078384755519
2024-10-30,ILI incidence,2024-11-10,3,NL,respicast,hubEnsemble,WIS,1.34183222627106,1.0167479001562418,10,3,0.9118659033498188
2024-10-30,ILI incidence,2024-11-10,3,NL,respicast,quantileBaseline,WIS,2.715,0.0,10,8,0.6381543389515315
2024-10-30,ILI incidence,2024-11-10,3,NL,safinea,syndromic,WIS,4.04036964278261,-0.5735350893569268,10,9,0.37397030749345184
2024-10-30,ILI incidence,2024-11-10,3,NO,ECDC,SARIMA,WIS,3.94448340966579,-0.371702976582333,10,9,0.15374163540598887
2024-10-30,ILI incidence,2024-11-10,3,NO,ECDC,soca_simplex,WIS,2.6314895782343,0.21225371189776482,10,4,0.4732380058371811
2024-10-30,ILI incidence,2024-11-10,3,NO,ISI,RC_AdaptEns2,WIS,0.466722422867556,2.7074967072271496,10,1,1.0
2024-10-30,ILI incidence,2024-11-10,3,NO,ISI,SEIR_BRW,WIS,3.13310114250649,-0.03945795033774328,10,7,0.35117873159325663
2024-10-30,ILI incidence,2024-11-10,3,NO,QMUL,ARIMA,WIS,1.89823565568525,0.6834742868223167,10,2,0.6516637998132591
2024-10-30,ILI incidence,2024-11-10,3,NO,RIVM,KFdlm,WIS,2.83658300041021,0.10397931418615336,10,5,0.42333175158381947
2024-10-30,ILI incidence,2024-11-10,3,NO,fjordhest,ensemble,WIS,3.40849130434783,-0.16099990940028577,10,8,0.2841668728514376
2024-10-30,ILI incidence,2024-11-10,3,NO,respicast,hubEnsemble,WIS,2.00850089554457,0.6020142884342303,10,3,0.6248324902698099
2024-10-30,ILI incidence,2024-11-10,3,NO,respicast,quantileBaseline,WIS,3.04857152173913,0.0,10,6,0.37174768354305554
2024-10-30,ILI incidence,2024-11-10,3,NO,safinea,syndromic,WIS,4.57629596719131,-0.5860469668553804,10,10,0.0
2024-10-30,ILI incidence,2024-11-10,3,PL,ECDC,SARIMA,WIS,26.0014244854321,0.49343877719468743,10,4,0.9631974257051195
2024-10-30,ILI incidence,2024-11-10,3,PL,ECDC,soca_simplex,WIS,22.9563358626529,0.6731370534957974,10,3,0.9813376857083589
2024-10-30,ILI incidence,2024-11-10,3,PL,ISI,FluBcast,WIS,75.763470051062,-1.0494729688378694,10,9,0.6667540190663662
2024-10-30,ILI incidence,2024-11-10,3,PL,ISI,RC_AdaptEns2,WIS,22.2236077332666,0.7199364007294604,10,2,0.985702707691405
2024-10-30,ILI incidence,2024-11-10,3,PL,QMUL,ARIMA,WIS,19.8236133485292,0.8848094868277907,10,1,1.0
2024-10-30,ILI incidence,2024-11-10,3,PL,RIVM,KFdlm,WIS,187.687173310482,-2.358228712990946,10,10,0.0
2024-10-30,ILI incidence,2024-11-10,3,PL,fjordhest,ensemble,WIS,51.0441739130435,-0.47971686345770254,10,7,0.8140122813337772
2024-10-30,ILI incidence,2024-11-10,3,PL,respicast,hubEnsemble,WIS,31.7021522706935,0.20744865173391525,10,5,0.9292369414490159
2024-10-30,ILI incidence,2024-11-10,3,PL,respicast,quantileBaseline,WIS,36.6047136956522,0.0,10,6,0.9000313090528609
2024-10-30,ILI incidence,2024-11-10,3,PL,safinea,syndromic,WIS,70.9647951968696,-0.9550740574680153,10,8,0.6953407764023839
2024-10-30,ILI incidence,2024-11-10,3,RO,ECDC,SARIMA,WIS,0.715516401759607,-0.37886681968462504,6,6,0.0
2024-10-30,ILI incidence,2024-11-10,3,RO,ISI,FluBcast,WIS,0.635343708050267,-0.20741925330541722,6,5,0.18202090924408948
2024-10-30,ILI incidence,2024-11-10,3,RO,ISI,RC_AdaptEns2,WIS,0.275057698183807,1.000383737488949,6,1,1.0
2024-10-30,ILI incidence,2024-11-10,3,RO,RIVM,KFdlm,WIS,0.337693096966637,0.704405330043981,6,2,0.857795070742538
2024-10-30,ILI incidence,2024-11-10,3,RO,respicast,hubEnsemble,WIS,0.351709681881836,0.6457329684070667,6,3,0.8259723713579934
2024-10-30,ILI incidence,2024-11-10,3,RO,respicast,quantileBaseline,WIS,0.550261739130435,0.0,6,4,0.3751876425362379
2024-10-30,ILI incidence,2024-11-10,3,SI,ECDC,SARIMA,WIS,3.33972669175225,-0.39254310602132175,7,3,0.8258325367404811
2024-10-30,ILI incidence,2024-11-10,3,SI,ISI,FluBcast,WIS,3.72222235790388,-0.5489773037846852,7,4,0.7513426433986373
2024-10-30,ILI incidence,2024-11-10,3,SI,RIVM,KFdlm,WIS,7.58026661064619,-1.5750616534650168,7,7,0.0
2024-10-30,ILI incidence,2024-11-10,3,SI,fjordhest,ensemble,WIS,2.4454,0.057116468218047986,7,1,1.0
2024-10-30,ILI incidence,2024-11-10,3,SI,respicast,hubEnsemble,WIS,3.9980994961882,-0.6521274374323359,7,5,0.6976163912478335
2024-10-30,ILI incidence,2024-11-10,3,SI,respicast,quantileBaseline,WIS,2.54415565217391,0.0,7,2,0.9807676304640205
2024-10-30,ILI incidence,2024-11-10,3,SI,safinea,syndromic,WIS,4.21740616247696,-0.7291690310049959,7,6,0.6549070702629284
2024-10-30,ILI incidence,2024-11-17,4,AT,respicast,quantileBaseline,WIS,653.344715434783,0.0,1,1,0.0
2024-10-30,ILI incidence,2024-11-17,4,BE,ECDC,SARIMA,WIS,49.6840801420082,0.1869537988704804,11,3,0.8622420068029585
2024-10-30,ILI incidence,2024-11-17,4,BE,ECDC,soca_simplex,WIS,33.7744841490278,0.7438037190181106,11,1,1.0
2024-10-30,ILI incidence,2024-11-17,4,BE,ISI,FluBcast,WIS,40.8213292317363,0.4704142934484015,11,2,0.9389827851447214
2024-10-30,ILI incidence,2024-11-17,4,BE,ISI,RC_AdaptEns2,WIS,149.263942319518,-1.400056336815364,11,11,0.0
2024-10-30,ILI incidence,2024-11-17,4,BE,ISI,SEIR_BRW,WIS,67.1680708922864,-0.24803814054163303,11,8,0.7108516459228544
2024-10-30,ILI incidence,2024-11-17,4,BE,QMUL,ARIMA,WIS,57.7826731513332,-0.03089949374787183,11,6,0.7921179180972211
2024-10-30,ILI incidence,2024-11-17,4,BE,RIVM,KFdlm,WIS,64.2863947326345,-0.18477599083964655,11,7,0.7358035004496792
2024-10-30,ILI incidence,2024-11-17,4,BE,fjordhest,ensemble,WIS,70.3895347826087,-0.31562349713931676,11,9,0.6829576377479554
2024-10-30,ILI incidence,2024-11-17,4,BE,respicast,hubEnsemble,WIS,56.3274347865298,0.0058996827378678465,11,4,0.8047185345331829
2024-10-30,ILI incidence,2024-11-17,4,BE,respicast,quantileBaseline,WIS,56.5582489130435,0.0,11,5,0.8027199614151675
2024-10-30,ILI incidence,2024-11-17,4,BE,safinea,syndromic,WIS,85.1070347452043,-0.5895409326940514,11,10,0.555521764415958
2024-10-30,ILI incidence,2024-11-17,4,CH,ISI,SEIR_BRW,WIS,5.04905351809559,0.8105003584814785,5,3,0.7607581546015117
2024-10-30,ILI incidence,2024-11-17,4,CH,RIVM,KFdlm,WIS,12.458697304568,-0.49256799333158247,5,5,0.0
2024-10-30,ILI incidence,2024-11-17,4,CH,respicast,hubEnsemble,WIS,4.90528597094915,0.8521760820913594,5,2,0.7755189632193822
2024-10-30,ILI incidence,2024-11-17,4,CH,respicast,quantileBaseline,WIS,8.85512902406093,0.0,5,4,0.3699832318611702
2024-10-30,ILI incidence,2024-11-17,4,CH,safinea,syndromic,WIS,2.718882171921,1.7034996972793142,5,1,1.0
2024-10-30,ILI incidence,2024-11-17,4,CZ,ISI,RC_AdaptEns2,WIS,5.9345027917371,-0.2004094561259954,7,3,0.9287771771557333
2024-10-30,ILI incidence,2024-11-17,4,CZ,ISI,SEIR_BRW,WIS,18.4305581686851,-1.8353101524598496,7,6,0.4521548931370951
2024-10-30,ILI incidence,2024-11-17,4,CZ,RIVM,KFdlm,WIS,30.285128911706,-2.5518199412510656,7,7,0.0
2024-10-30,ILI incidence,2024-11-17,4,CZ,fjordhest,ensemble,WIS,4.06718695652174,0.34468639728037687,7,1,1.0
2024-10-30,ILI incidence,2024-11-17,4,CZ,respicast,hubEnsemble,WIS,8.20008469100235,-0.666921104038013,7,4,0.8423637621310935
2024-10-30,ILI incidence,2024-11-17,4,CZ,respicast,quantileBaseline,WIS,5.16481869565217,0.0,7,2,0.9581343287353878
2024-10-30,ILI incidence,2024-11-17,4,CZ,safinea,syndromic,WIS,9.9167035884,-0.9411429280020925,7,5,0.7768887946324257
2024-10-30,ILI incidence,2024-11-17,4,DK,ISI,RC_AdaptEns2,WIS,9.024731096422,0.9296452390741364,7,1,1.0
2024-10-30,ILI incidence,2024-11-17,4,DK,ISI,SEIR_BRW,WIS,21.4193524721698,-0.31731377681951,7,6,0.5461911354985098
2024-10-30,ILI incidence,2024-11-17,4,DK,RIVM,KFdlm,WIS,17.7597307595022,-0.04700862049945549,7,3,0.6801822211141028
2024-10-30,ILI incidence,2024-11-17,4,DK,fjordhest,ensemble,WIS,19.4024434782609,-0.17463726214374842,7,5,0.6200369717351507
2024-10-30,ILI incidence,2024-11-17,4,DK,respicast,hubEnsemble,WIS,18.4135541270621,-0.0991670282286424,7,4,0.6562435439232478
2024-10-30,ILI incidence,2024-11-17,4,DK,respicast,quantileBaseline,WIS,17.1903758695652,0.0,7,2,0.7010282226391064
2024-10-30,ILI incidence,2024-11-17,4,DK,safinea,syndromic,WIS,36.3371578586522,-1.079844492523918,7,7,0.0
2024-10-30,ILI incidence,2024-11-17,4,EE,ECDC,SARIMA,WIS,32.9790783318701,0.022876107618903834,8,2,0.7868627833532807
2024-10-30,ILI incidence,2024-11-17,4,EE,ECDC,soca_simplex,WIS,11.7827804171745,1.507747171567264,8,1,1.0
2024-10-30,ILI incidence,2024-11-17,4,EE,ISI,FluBcast,WIS,103.69875738181,-1.6298995135039196,8,7,0.07574824743221144
2024-10-30,ILI incidence,2024-11-17,4,EE,ISI,RC_AdaptEns2,WIS,72.373912475807,-1.1110425767762062,8,6,0.39073203762166536
2024-10-30,ILI incidence,2024-11-17,4,EE,RIVM,KFdlm,WIS,45.0421713701517,-0.4268491899259582,8,4,0.6655635789036588
2024-10-30,ILI incidence,2024-11-17,4,EE,respicast,hubEnsemble,WIS,47.6652043360486,-0.5085092932311811,8,5,0.6391879378471964
2024-10-30,ILI incidence,2024-11-17,4,EE,respicast,quantileBaseline,WIS,33.5061793478261,0.0,8,3,0.7815625727276022
2024-10-30,ILI incidence,2024-11-17,4,EE,safinea,syndromic,WIS,111.231850120609,-1.7310708554269707,8,8,0.0
2024-10-30,ILI incidence,2024-11-17,4,FR,ISI,RC_AdaptEns2,WIS,52.7191052503284,-1.2598348952023535,7,5,0.5890799214709529
2024-10-30,ILI incidence,2024-11-17,4,FR,ISI,SEIR_BRW,WIS,53.9792130507891,-1.2939129543708818,7,6,0.5756121563703935
2024-10-30,ILI incidence,2024-11-17,4,FR,RIVM,KFdlm,WIS,107.836208837879,-2.2922787871530375,7,7,0.0
2024-10-30,ILI incidence,2024-11-17,4,FR,fjordhest,ensemble,WIS,25.4580695652174,-0.2096320367877758,7,3,0.8804400930934198
2024-10-30,ILI incidence,2024-11-17,4,FR,respicast,hubEnsemble,WIS,42.0683904912866,-0.9342456327040198,7,4,0.7029125034733753
2024-10-30,ILI incidence,2024-11-17,4,FR,respicast,quantileBaseline,WIS,22.0150632608696,0.0,7,2,0.9172382147539222
2024-10-30,ILI incidence,2024-11-17,4,FR,safinea,syndromic,WIS,14.2714791999696,0.6253561159261274,7,1,1.0
2024-10-30,ILI incidence,2024-11-17,4,GB-ENG,ECDC,SARIMA,WIS,0.207038281661094,1.0072955969915762,7,1,1.0
2024-10-30,ILI incidence,2024-11-17,4,GB-ENG,ECDC,soca_simplex,WIS,0.576348116389516,-0.4697473224006061,7,4,0.8264839065189876
2024-10-30,ILI incidence,2024-11-17,4,GB-ENG,ISI,FluBcast,WIS,2.27687745229642,-2.4517915930369973,7,6,0.027509225995221202
2024-10-30,ILI incidence,2024-11-17,4,GB-ENG,RIVM,KFdlm,WIS,0.758803189844701,-0.8665325978756477,7,5,0.7407594318241405
2024-10-30,ILI incidence,2024-11-17,4,GB-ENG,respicast,hubEnsemble,WIS,0.54600790201102,-0.39172868480196776,7,3,0.8407389167550525
2024-10-30,ILI incidence,2024-11-17,4,GB-ENG,respicast,quantileBaseline,WIS,0.416175819820952,0.0,7,2,0.9017390678252037
2024-10-30,ILI incidence,2024-11-17,4,GB-ENG,safinea,syndromic,WIS,2.33542780057817,-2.48842179433588,7,7,0.0
2024-10-30,ILI incidence,2024-11-17,4,GB-NIR,ECDC,SARIMA,WIS,0.380344116643303,0.5121850553699941,8,1,1.0
2024-10-30,ILI incidence,2024-11-17,4,GB-NIR,ECDC,soca_simplex,WIS,0.54069700403413,0.004669981683924358,8,2,0.9570465753462185
2024-10-30,ILI incidence,2024-11-17,4,GB-NIR,ISI,FluBcast,WIS,4.11352461815915,-2.922812828250895,8,8,0.0
2024-10-30,ILI incidence,2024-11-17,4,GB-NIR,ISI,SEIR_BRW,WIS,0.981975451817314,-0.8561966151336217,8,7,0.8388421521730008
2024-10-30,ILI incidence,2024-11-17,4,GB-NIR,RIVM,KFdlm,WIS,0.97424196171869,-0.8447897787972574,8,5,0.840913707538589
2024-10-30,ILI incidence,2024-11-17,4,GB-NIR,respicast,hubEnsemble,WIS,0.638232209711121,-0.23459107480012273,8,4,0.9309200042797011
2024-10-30,ILI incidence,2024-11-17,4,GB-NIR,respicast,quantileBaseline,WIS,0.542450067719101,0.0,8,3,0.9565769854926716
2024-10-30,ILI incidence,2024-11-17,4,GB-NIR,safinea,syndromic,WIS,0.979101938719784,-0.8519687288883906,8,6,0.8396118746914709
2024-10-30,ILI incidence,2024-11-17,4,GB-SCT,ISI,SEIR_BRW,WIS,3.27076380301956,-0.8334736552183019,4,4,0.0
2024-10-30,ILI incidence,2024-11-17,4,GB-SCT,RIVM,KFdlm,WIS,2.21424999105165,-0.27066418875336073,4,2,0.7360987143609848
2024-10-30,ILI incidence,2024-11-17,4,GB-SCT,respicast,hubEnsemble,WIS,2.65492556604289,-0.5325174896630432,4,3,0.4290693877901061
2024-10-30,ILI incidence,2024-11-17,4,GB-SCT,respicast,quantileBaseline,WIS,1.83547558507303,0.0,4,1,1.0
2024-10-30,ILI incidence,2024-11-17,4,GR,ECDC,SARIMA,WIS,62.0677080048832,0.20709630373471433,10,2,0.8909751873652618
2024-10-30,ILI incidence,2024-11-17,4,GR,ECDC,soca_simplex,WIS,70.8837222095843,0.015484811810215545,10,5,0.8601151086138619
2024-10-30,ILI incidence,2024-11-17,4,GR,ISI,FluBcast,WIS,316.59881180163,-2.143644760171625,10,10,0.0
2024-10-30,ILI incidence,2024-11-17,4,GR,ISI,RC_AdaptEns2,WIS,228.132797791183,-1.670862791515623,10,9,0.30967147917355364
2024-10-30,ILI incidence,2024-11-17,4,GR,QMUL,ARIMA,WIS,30.9218284173555,1.2123135469601358,10,1,1.0
2024-10-30,ILI incidence,2024-11-17,4,GR,RIVM,KFdlm,WIS,74.9356389382337,-0.06471284321056982,10,7,0.8459315482841204
2024-10-30,ILI incidence,2024-11-17,4,GR,fjordhest,ensemble,WIS,89.6634608695652,-0.32358101048619237,10,8,0.7943774407152913
2024-10-30,ILI incidence,2024-11-17,4,GR,respicast,hubEnsemble,WIS,62.9979395393183,0.1856345322991813,10,3,0.88771895186664
2024-10-30,ILI incidence,2024-11-17,4,GR,respicast,quantileBaseline,WIS,71.6486328260869,0.0,10,6,0.857437571881847
2024-10-30,ILI incidence,2024-11-17,4,GR,safinea,syndromic,WIS,65.5532956552174,0.12827086279737723,10,4,0.8787740376294934
2024-10-30,ILI incidence,2024-11-17,4,HU,ECDC,SARIMA,WIS,21.0269303714498,0.5185132659020163,9,3,0.9607058634180357
2024-10-30,ILI incidence,2024-11-17,4,HU,ECDC,soca_simplex,WIS,17.5689719539009,0.7777217439721044,9,1,1.0
2024-10-30,ILI incidence,2024-11-17,4,HU,ISI,FluBcast,WIS,28.5693777052718,0.07628190666859157,9,5,0.8749980786762075
2024-10-30,ILI incidence,2024-11-17,4,HU,ISI,RC_AdaptEns2,WIS,73.7388306248356,-1.2916730191938928,9,8,0.36171988442538106
2024-10-30,ILI incidence,2024-11-17,4,HU,QMUL,ARIMA,WIS,17.5839432800032,0.7764928809270051,9,2,0.9998298749546289
2024-10-30,ILI incidence,2024-11-17,4,HU,RIVM,KFdlm,WIS,105.570865323816,-1.8093883213977675,9,9,0.0
2024-10-30,ILI incidence,2024-11-17,4,HU,respicast,hubEnsemble,WIS,21.5241412494083,0.48479583923928343,9,4,0.9550558613678698
2024-10-30,ILI incidence,2024-11-17,4,HU,respicast,quantileBaseline,WIS,30.1206210869565,0.0,9,6,0.8573706922384627
2024-10-30,ILI incidence,2024-11-17,4,HU,safinea,syndromic,WIS,31.8269151888348,-0.07949581242753871,9,7,0.8379814037068409
2024-10-30,ILI incidence,2024-11-17,4,IE,ECDC,SARIMA,WIS,2.88643557672945,-1.2044033034683361,10,7,0.7533759149344018
2024-10-30,ILI incidence,2024-11-17,4,IE,ECDC,soca_simplex,WIS,1.32760626681889,-0.08394162235888376,10,2,0.9886729506709832
2024-10-30,ILI incidence,2024-11-17,4,IE,ISI,FluBcast,WIS,7.87750762276734,-2.652853523016339,10,10,0.0
2024-10-30,ILI incidence,2024-11-17,4,IE,ISI,RC_AdaptEns2,WIS,2.58931417594839,-1.0476843038357122,10,5,0.7982248181550472
2024-10-30,ILI incidence,2024-11-17,4,IE,ISI,SEIR_BRW,WIS,5.40509560933159,-2.1094344153745026,10,9,0.37319751058204303
2024-10-30,ILI incidence,2024-11-17,4,IE,RIVM,KFdlm,WIS,1.38073970445371,-0.14055564766131476,10,3,0.9806527394172668
2024-10-30,ILI incidence,2024-11-17,4,IE,fjordhest,ensemble,WIS,2.6198,-1.0645709558978769,10,6,0.7936231443311552
2024-10-30,ILI incidence,2024-11-17,4,IE,respicast,hubEnsemble,WIS,2.14919292006589,-0.7789092683285527,10,4,0.8646587928150152
2024-10-30,ILI incidence,2024-11-17,4,IE,respicast,quantileBaseline,WIS,1.2525652173913,0.0,10,1,1.0
2024-10-30,ILI incidence,2024-11-17,4,IE,safinea,syndromic,WIS,4.78777770744348,-1.9344704484308117,10,8,0.46637838131492154
2024-10-30,ILI incidence,2024-11-17,4,IS,respicast,quantileBaseline,WIS,0.969918478260869,0.0,1,1,0.0
2024-10-30,ILI incidence,2024-11-17,4,IT,respicast,quantileBaseline,WIS,183.727237391304,0.0,1,1,0.0
2024-10-30,ILI incidence,2024-11-17,4,LT,ISI,SEIR_BRW,WIS,1.57847331754652,1.5688037747356396,6,1,1.0
2024-10-30,ILI incidence,2024-11-17,4,LT,RIVM,KFdlm,WIS,3.31161655219665,0.49979801361785586,6,3,0.4416787062095247
2024-10-30,ILI incidence,2024-11-17,4,LT,fjordhest,ensemble,WIS,4.10721739130435,0.18917233844757847,6,5,0.18538085329659462
2024-10-30,ILI incidence,2024-11-17,4,LT,respicast,hubEnsemble,WIS,2.10067154567591,1.156483043895562,6,2,0.8317770946362948
2024-10-30,ILI incidence,2024-11-17,4,LT,respicast,quantileBaseline,WIS,4.68267739130434,0.0,6,6,0.0
2024-10-30,ILI incidence,2024-11-17,4,LT,safinea,syndromic,WIS,3.56371479201652,0.3939517673086171,6,4,0.36046682908100514
2024-10-30,ILI incidence,2024-11-17,4,LU,ECDC,SARIMA,WIS,847.066718509503,0.44805117260141936,7,3,0.9997404709785519
2024-10-30,ILI incidence,2024-11-17,4,LU,ECDC,soca_simplex,WIS,1313.44044548696,-0.18475210230224082,7,6,0.9994769482574131
2024-10-30,ILI incidence,2024-11-17,4,LU,QMUL,ARIMA,WIS,387.760908109199,1.575359413003108,7,1,1.0
2024-10-30,ILI incidence,2024-11-17,4,LU,RIVM,KFdlm,WIS,1770154.4245263,-10.581060823694493,7,7,0.0
2024-10-30,ILI incidence,2024-11-17,4,LU,fjordhest,ensemble,WIS,922.527060869565,0.32493554834914196,7,4,0.9996978323957876
2024-10-30,ILI incidence,2024-11-17,4,LU,respicast,hubEnsemble,WIS,387.7609081092,1.5753594130031041,7,2,1.0
2024-10-30,ILI incidence,2024-11-17,4,LU,respicast,quantileBaseline,WIS,1155.5652173913,0.0,7,5,0.9995661550615308
2024-10-30,ILI incidence,2024-11-17,4,LV,ECDC,SARIMA,WIS,1183.1857876455,0.4555575539394923,6,5,0.2727840903526519
2024-10-30,ILI incidence,2024-11-17,4,LV,ECDC,soca_simplex,WIS,34.3265667331177,5.562764802443862,6,4,0.9861184429570485
2024-10-30,ILI incidence,2024-11-17,4,LV,RIVM,KFdlm,WIS,18.0737209847159,6.488196815598673,6,3,0.9962099432809158
2024-10-30,ILI incidence,2024-11-17,4,LV,respicast,hubEnsemble,WIS,16.6119878455753,6.609865650499321,6,2,0.997117543136067
2024-10-30,ILI incidence,2024-11-17,4,LV,respicast,quantileBaseline,WIS,1622.51766108696,0.0,6,6,0.0
2024-10-30,ILI incidence,2024-11-17,4,LV,safinea,syndromic,WIS,11.9696526840609,7.08270908069688,6,1,1.0
2024-10-30,ILI incidence,2024-11-17,4,MT,ECDC,SARIMA,WIS,585.829910190363,0.6236883162408946,5,2,0.990709898831781
2024-10-30,ILI incidence,2024-11-17,4,MT,ECDC,soca_simplex,WIS,851.36190725717,0.08439762909664238,5,4,0.16038574528390476
2024-10-30,ILI incidence,2024-11-17,4,MT,RIVM,KFdlm,WIS,657.170649887773,0.4579021206664691,5,3,0.7676259015844443
2024-10-30,ILI incidence,2024-11-17,4,MT,respicast,hubEnsemble,WIS,582.858999244789,0.6310232497482495,5,1,1.0
2024-10-30,ILI incidence,2024-11-17,4,MT,respicast,quantileBaseline,WIS,902.652173913044,0.0,5,5,0.0
2024-10-30,ILI incidence,2024-11-17,4,NL,ECDC,SARIMA,WIS,3.09246795567716,0.09556894523421632,10,3,0.8295047251059564
2024-10-30,ILI incidence,2024-11-17,4,NL,ECDC,soca_simplex,WIS,1.45742169893856,1.1809092155810281,10,1,1.0
2024-10-30,ILI incidence,2024-11-17,4,NL,ISI,FluBcast,WIS,4.84744183730279,-0.5528959968331113,10,7,0.6465039365065761
2024-10-30,ILI incidence,2024-11-17,4,NL,ISI,RC_AdaptEns2,WIS,5.23136247754161,-0.6628591456076031,10,8,0.6064704176839464
2024-10-30,ILI incidence,2024-11-17,4,NL,ISI,SEIR_BRW,WIS,11.0474015840393,-1.7413075825387219,10,10,0.0
2024-10-30,ILI incidence,2024-11-17,4,NL,RIVM,KFdlm,WIS,2.73558562458506,0.2724778780478714,10,2,0.8667188105751619
2024-10-30,ILI incidence,2024-11-17,4,NL,fjordhest,ensemble,WIS,3.5039,-0.08463401031983916,10,6,0.7866024407161787
2024-10-30,ILI incidence,2024-11-17,4,NL,respicast,hubEnsemble,WIS,3.16903628569863,0.060283412448964055,10,4,0.8215205237897025
2024-10-30,ILI incidence,2024-11-17,4,NL,respicast,quantileBaseline,WIS,3.30426086956522,0.0,10,5,0.8074199119545641
2024-10-30,ILI incidence,2024-11-17,4,NL,safinea,syndromic,WIS,8.40370276386957,-1.3466975440486335,10,9,0.2756730307930108
2024-10-30,ILI incidence,2024-11-17,4,NO,ECDC,SARIMA,WIS,4.36545108468732,-0.5217469517603809,10,9,0.018185282510619186
2024-10-30,ILI incidence,2024-11-17,4,NO,ECDC,soca_simplex,WIS,1.87446305068376,0.6979063967653499,10,2,0.758186976023737
2024-10-30,ILI incidence,2024-11-17,4,NO,ISI,RC_AdaptEns2,WIS,1.06047390110297,1.519674668626045,10,1,1.0
2024-10-30,ILI incidence,2024-11-17,4,NO,ISI,SEIR_BRW,WIS,3.22081943942234,-0.08304400051521106,10,6,0.35822278746138797
2024-10-30,ILI incidence,2024-11-17,4,NO,QMUL,ARIMA,WIS,1.98264208351665,0.6169595258090783,10,3,0.7260500623147267
2024-10-30,ILI incidence,2024-11-17,4,NO,RIVM,KFdlm,WIS,3.3520288955058,-0.140650801216205,10,7,0.31924419006096516
2024-10-30,ILI incidence,2024-11-17,4,NO,fjordhest,ensemble,WIS,3.79356086956522,-0.3191689023218227,10,8,0.18807759910025806
2024-10-30,ILI incidence,2024-11-17,4,NO,respicast,hubEnsemble,WIS,2.13970420907313,0.5069724108936254,10,4,0.6793913721435962
2024-10-30,ILI incidence,2024-11-17,4,NO,respicast,quantileBaseline,WIS,3.04065847826087,0.0,10,5,0.4117434846885703
2024-10-30,ILI incidence,2024-11-17,4,NO,safinea,syndromic,WIS,4.42666624341739,-0.5418368185663489,10,10,0.0
2024-10-30,ILI incidence,2024-11-17,4,PL,ECDC,SARIMA,WIS,28.908812189148,0.5757844381029125,10,2,0.9617321051700864
2024-10-30,ILI incidence,2024-11-17,4,PL,ECDC,soca_simplex,WIS,56.0598646918265,-0.3796744918287248,10,6,0.8447084534168566
2024-10-30,ILI incidence,2024-11-17,4,PL,ISI,FluBcast,WIS,97.2891617542064,-1.1749853238692205,10,9,0.6670062114510091
2024-10-30,ILI incidence,2024-11-17,4,PL,ISI,RC_AdaptEns2,WIS,46.1676906906112,-0.09958980013570029,10,4,0.8873446762773285
2024-10-30,ILI incidence,2024-11-17,4,PL,QMUL,ARIMA,WIS,20.0301487213137,1.1051206373854199,10,1,1.0
2024-10-30,ILI incidence,2024-11-17,4,PL,RIVM,KFdlm,WIS,252.043524615039,-2.548307214257542,10,10,0.0
2024-10-30,ILI incidence,2024-11-17,4,PL,fjordhest,ensemble,WIS,59.6226652173913,-0.4685670968741129,10,7,0.8293524399463369
2024-10-30,ILI incidence,2024-11-17,4,PL,respicast,hubEnsemble,WIS,48.762281246688,-0.17847185076171707,10,5,0.8761617410431752
2024-10-30,ILI incidence,2024-11-17,4,PL,respicast,quantileBaseline,WIS,43.0882280434783,0.0,10,3,0.9006174569317656
2024-10-30,ILI incidence,2024-11-17,4,PL,safinea,syndromic,WIS,86.3877523293913,-1.0035330176084754,10,8,0.7139923362070599
2024-10-30,ILI incidence,2024-11-17,4,RO,ECDC,SARIMA,WIS,0.870366122536271,0.4985049643139307,7,4,0.6304884773404744
2024-10-30,ILI incidence,2024-11-17,4,RO,ECDC,soca_simplex,WIS,0.934488350926482,0.3959506877943472,7,5,0.5734074821510692
2024-10-30,ILI incidence,2024-11-17,4,RO,ISI,FluBcast,WIS,0.455273460430994,1.4333940058453751,7,1,1.0
2024-10-30,ILI incidence,2024-11-17,4,RO,ISI,RC_AdaptEns2,WIS,0.580410923777359,1.0830526953553012,7,2,0.8886038254968274
2024-10-30,ILI incidence,2024-11-17,4,RO,RIVM,KFdlm,WIS,1.57862858375079,-0.3604725042654471,7,7,0.0
2024-10-30,ILI incidence,2024-11-17,4,RO,respicast,hubEnsemble,WIS,0.600793142410652,1.0332590219418323,7,3,0.8704597691693338
2024-10-30,ILI incidence,2024-11-17,4,RO,respicast,quantileBaseline,WIS,1.22960869565217,0.0,7,6,0.31069417039482483
2024-10-30,ILI incidence,2024-11-17,4,SI,ECDC,SARIMA,WIS,4.10266516346825,-0.40363573874279796,7,4,0.8339595790470674
2024-10-30,ILI incidence,2024-11-17,4,SI,ISI,FluBcast,WIS,4.60005096562013,-0.5687241697852562,7,6,0.7673169517036998
2024-10-30,ILI incidence,2024-11-17,4,SI,RIVM,KFdlm,WIS,10.3269043737468,-1.7354102713544646,7,7,0.0
2024-10-30,ILI incidence,2024-11-17,4,SI,fjordhest,ensemble,WIS,2.86342608695652,0.11518331166470668,7,1,1.0
2024-10-30,ILI incidence,2024-11-17,4,SI,respicast,hubEnsemble,WIS,4.39715007199813,-0.5036430960650963,7,5,0.7945027872920631
2024-10-30,ILI incidence,2024-11-17,4,SI,respicast,quantileBaseline,WIS,3.10141304347826,0.0,7,2,0.9681131307177571
2024-10-30,ILI incidence,2024-11-17,4,SI,safinea,syndromic,WIS,3.49608517371522,-0.17281465745447264,7,3,0.9152326753762448
2024-11-06,ILI incidence,2024-11-03,1,AT,ItaLuxColab,EpiEKF,WIS,349.009398060908,1.36772718104573,5,1,1.0
2024-11-06,ILI incidence,2024-11-03,1,AT,ItaLuxColab,EpiNetEKF,WIS,476.900536763352,0.9173046601084095,5,2,0.9389282683161957
2024-11-06,ILI incidence,2024-11-03,1,AT,NotreDame,Rt_cocirc,WIS,2443.12291304348,-1.4396614753976296,5,5,0.0
2024-11-06,ILI incidence,2024-11-03,1,AT,respicast,hubEnsemble,WIS,1433.34118139498,-0.6703170866494271,5,4,0.48220009298631733
2024-11-06,ILI incidence,2024-11-03,1,AT,respicast,quantileBaseline,WIS,900.666540434783,0.0,5,3,0.7365676987293279
2024-11-06,ILI incidence,2024-11-03,1,BE,ISI,FluBcast,WIS,108.55235931547,-0.19129998648599605,13,4,0.9099081801316751
2024-11-06,ILI incidence,2024-11-03,1,BE,ISI,RC_AdaptEns2,WIS,180.338412491345,-0.9236156309685564,13,11,0.43015135003205895
2024-11-06,ILI incidence,2024-11-03,1,BE,ISI,SEIR_BRW,WIS,139.873026583995,-0.5570266810492877,13,10,0.700587519911812
2024-11-06,ILI incidence,2024-11-03,1,BE,ItaLuxColab,EpiEKF,WIS,110.962042451473,-0.22297515250375993,13,5,0.8938039106847818
2024-11-06,ILI incidence,2024-11-03,1,BE,ItaLuxColab,EpiNetEKF,WIS,137.202308329716,-0.5292136581632834,13,9,0.7184363257323927
2024-11-06,ILI incidence,2024-11-03,1,BE,NotreDame,Rt_cocirc,WIS,182.187519565217,-0.9383330373915332,13,12,0.4177934934703927
2024-11-06,ILI incidence,2024-11-03,1,BE,QMUL,ARIMA,WIS,114.641693966369,-0.2700407365391854,13,6,0.8692122543872457
2024-11-06,ILI incidence,2024-11-03,1,BE,QMUL,SEIR,WIS,244.701993684476,-1.3639347598221192,13,13,0.0
2024-11-06,ILI incidence,2024-11-03,1,BE,QMUL,SEIR_agumented,WIS,128.705893481593,-0.436987020657793,13,8,0.775219125098171
2024-11-06,ILI incidence,2024-11-03,1,BE,RIVM,KFdlm,WIS,101.928167169355,-0.10046168990149268,13,3,0.9541786377678518
2024-11-06,ILI incidence,2024-11-03,1,BE,fjordhest,ensemble,WIS,100.520304347826,-0.08039584856806638,13,2,0.9635875936108073
2024-11-06,ILI incidence,2024-11-03,1,BE,respicast,hubEnsemble,WIS,126.825939559951,-0.41575875251992156,13,7,0.7877831357141414
2024-11-06,ILI incidence,2024-11-03,1,BE,respicast,quantileBaseline,WIS,95.0719130434783,0.0,13,1,1.0
2024-11-06,ILI incidence,2024-11-03,1,CH,ECDC,SARIMA,WIS,2.92318991829355,-0.2999527274866303,9,4,0.945879920035873
2024-11-06,ILI incidence,2024-11-03,1,CH,ECDC,soca_simplex,WIS,2.27311629222283,0.06291934186614496,9,1,1.0
2024-11-06,ILI incidence,2024-11-03,1,CH,ISI,FluBcast,WIS,6.63856836955226,-1.4832813169617216,9,8,0.636566373361945
2024-11-06,ILI incidence,2024-11-03,1,CH,ISI,SEIR_BRW,WIS,14.2848063433391,-2.588818736995714,9,9,0.0
2024-11-06,ILI incidence,2024-11-03,1,CH,ItaLuxColab,EpiEKF,WIS,2.98997526025351,-0.3325427113503388,9,5,0.940319891290896
2024-11-06,ILI incidence,2024-11-03,1,CH,ItaLuxColab,EpiNetEKF,WIS,4.4642205520856,-0.9108174684636602,9,7,0.8175856810708209
2024-11-06,ILI incidence,2024-11-03,1,CH,RIVM,KFdlm,WIS,4.34335423857342,-0.8712187860746294,9,6,0.8276480713754182
2024-11-06,ILI incidence,2024-11-03,1,CH,respicast,hubEnsemble,WIS,2.61553474735462,-0.1395151004031732,9,3,0.9714928995274923
2024-11-06,ILI incidence,2024-11-03,1,CH,respicast,quantileBaseline,WIS,2.37444581787711,0.0,9,2,0.9915640908795458
2024-11-06,ILI incidence,2024-11-03,1,CZ,ItaLuxColab,EpiEKF,WIS,5.96421380504961,-0.6627886485403833,7,3,0.7219068396479721
2024-11-06,ILI incidence,2024-11-03,1,CZ,ItaLuxColab,EpiNetEKF,WIS,6.58147193827519,-0.8048669493369822,7,4,0.678297365784148
2024-11-06,ILI incidence,2024-11-03,1,CZ,NotreDame,Rt_cocirc,WIS,14.38585,-1.9330352336093994,7,6,0.1269156945088498
2024-11-06,ILI incidence,2024-11-03,1,CZ,RIVM,KFdlm,WIS,16.1822427956156,-2.1027963406890167,7,7,0.0
2024-11-06,ILI incidence,2024-11-03,1,CZ,fjordhest,ensemble,WIS,2.02802173913043,0.8934702105020135,7,1,1.0
2024-11-06,ILI incidence,2024-11-03,1,CZ,respicast,hubEnsemble,WIS,8.41374231996317,-1.1592043069550713,7,5,0.5488469089645216
2024-11-06,ILI incidence,2024-11-03,1,CZ,respicast,quantileBaseline,WIS,3.76733239130435,0.0,7,2,0.8771171761955064
2024-11-06,ILI incidence,2024-11-03,1,DK,ItaLuxColab,EpiEKF,WIS,16.5578255834882,-0.42640894303572013,7,6,0.7576524382790885
2024-11-06,ILI incidence,2024-11-03,1,DK,ItaLuxColab,EpiNetEKF,WIS,12.0417123089328,0.03306372857655211,7,3,0.8801214223256998
2024-11-06,ILI incidence,2024-11-03,1,DK,NotreDame,Rt_cocirc,WIS,44.4966891304348,-1.8525937095257403,7,7,0.0
2024-11-06,ILI incidence,2024-11-03,1,DK,RIVM,KFdlm,WIS,16.4635061648904,-0.418167329489345,7,5,0.7602102136645336
2024-11-06,ILI incidence,2024-11-03,1,DK,fjordhest,ensemble,WIS,7.62112173913043,0.6930290176585573,7,1,1.0
2024-11-06,ILI incidence,2024-11-03,1,DK,respicast,hubEnsemble,WIS,10.32198784828,0.2553834464931299,7,2,0.9267573002880367
2024-11-06,ILI incidence,2024-11-03,1,DK,respicast,quantileBaseline,WIS,12.3208713043478,0.0,7,4,0.8725511253739889
2024-11-06,ILI incidence,2024-11-03,1,EE,ISI,FluBcast,WIS,59.6141817426854,-0.8539957103942549,9,5,0.7070393938132099
2024-11-06,ILI incidence,2024-11-03,1,EE,ISI,RC_AdaptEns2,WIS,63.1623913258766,-0.9374059257440471,9,7,0.6777533828589065
2024-11-06,ILI incidence,2024-11-03,1,EE,ItaLuxColab,EpiEKF,WIS,30.0672294590826,0.13346792977991306,9,2,0.9509123522605026
2024-11-06,ILI incidence,2024-11-03,1,EE,ItaLuxColab,EpiNetEKF,WIS,24.1199100239649,0.4514353413998153,9,1,1.0
2024-11-06,ILI incidence,2024-11-03,1,EE,NotreDame,Rt_cocirc,WIS,145.277058695652,-2.1390751270015285,9,9,0.0
2024-11-06,ILI incidence,2024-11-03,1,EE,QMUL,SEIR,WIS,110.736378549852,-1.7473974748133503,9,8,0.28508990616309965
2024-11-06,ILI incidence,2024-11-03,1,EE,RIVM,KFdlm,WIS,36.6906955924331,-0.15375438898965973,9,4,0.896243963263508
2024-11-06,ILI incidence,2024-11-03,1,EE,respicast,hubEnsemble,WIS,59.9502822855097,-0.8621066799455067,9,6,0.7042653062211103
2024-11-06,ILI incidence,2024-11-03,1,EE,respicast,quantileBaseline,WIS,32.9815652173913,0.0,9,3,0.9268581731199386
2024-11-06,ILI incidence,2024-11-03,1,FR,ItaLuxColab,EpiEKF,WIS,38.1972224596618,0.1734986715225127,7,1,1.0
2024-11-06,ILI incidence,2024-11-03,1,FR,ItaLuxColab,EpiNetEKF,WIS,70.053531236999,-0.7014913684991624,7,4,0.8207035279257293
2024-11-06,ILI incidence,2024-11-03,1,FR,NotreDame,Rt_cocirc,WIS,215.871152173913,-2.3251321504268594,7,7,0.0
2024-11-06,ILI incidence,2024-11-03,1,FR,RIVM,KFdlm,WIS,96.0872708880053,-1.157378916449878,7,6,0.6741781502697289
2024-11-06,ILI incidence,2024-11-03,1,FR,fjordhest,ensemble,WIS,52.8221086956522,-0.29417548913248315,7,3,0.9176869321261074
2024-11-06,ILI incidence,2024-11-03,1,FR,respicast,hubEnsemble,WIS,81.4277484566496,-0.9185541042661138,7,5,0.7566861606172924
2024-11-06,ILI incidence,2024-11-03,1,FR,respicast,quantileBaseline,WIS,43.0784519565217,0.0,7,2,0.9725270358757178
2024-11-06,ILI incidence,2024-11-03,1,GB-ENG,ECDC,SARIMA,WIS,0.213033429660211,-0.224128924673338,8,6,0.7681784983336154
2024-11-06,ILI incidence,2024-11-03,1,GB-ENG,ECDC,soca_simplex,WIS,0.133625184265837,0.448758976937718,8,1,1.0
2024-11-06,ILI incidence,2024-11-03,1,GB-ENG,ISI,FluBcast,WIS,0.438899784370552,-1.26694064708251,8,7,0.10879259621704208
2024-11-06,ILI incidence,2024-11-03,1,GB-ENG,ISI,SEIR_BRW,WIS,0.20648005424028,-0.17905151120059828,8,5,0.7873101807336853
2024-11-06,ILI incidence,2024-11-03,1,GB-ENG,ItaLuxColab,EpiEKF,WIS,0.197329971378727,-0.1136591815004254,8,4,0.8140225950277222
2024-11-06,ILI incidence,2024-11-03,1,GB-ENG,RIVM,KFdlm,WIS,0.47616565106279,-1.3845126390235611,8,8,0.0
2024-11-06,ILI incidence,2024-11-03,1,GB-ENG,respicast,hubEnsemble,WIS,0.178702006819498,0.029395078422693535,8,2,0.8684043874431306
2024-11-06,ILI incidence,2024-11-03,1,GB-ENG,respicast,quantileBaseline,WIS,0.182380427760271,0.0,8,3,0.8576657410718874
2024-11-06,ILI incidence,2024-11-03,1,GB-NIR,ECDC,SARIMA,WIS,0.24431063285167,-0.08408474665090658,9,7,0.5592868237907972
2024-11-06,ILI incidence,2024-11-03,1,GB-NIR,ECDC,soca_simplex,WIS,0.094269966235651,1.2897617906081127,9,2,0.9124104241965355
2024-11-06,ILI incidence,2024-11-03,1,GB-NIR,ISI,FluBcast,WIS,0.141902208559535,0.6997348634700857,9,5,0.8003070239373639
2024-11-06,ILI incidence,2024-11-03,1,GB-NIR,ISI,SEIR_BRW,WIS,0.0570535402390141,2.0142435917617854,9,1,1.0
2024-11-06,ILI incidence,2024-11-03,1,GB-NIR,ItaLuxColab,EpiEKF,WIS,0.388464623788279,-0.7531513159793116,9,8,0.2200176280422575
2024-11-06,ILI incidence,2024-11-03,1,GB-NIR,QMUL,ARIMA,WIS,0.109825093449153,1.0694241800764197,9,4,0.8758011325272417
2024-11-06,ILI incidence,2024-11-03,1,GB-NIR,RIVM,KFdlm,WIS,0.481949147453096,-1.0642490223850458,9,9,0.0
2024-11-06,ILI incidence,2024-11-03,1,GB-NIR,respicast,hubEnsemble,WIS,0.108358437871822,1.0888204066112042,9,3,0.8792529346933019
2024-11-06,ILI incidence,2024-11-03,1,GB-NIR,respicast,quantileBaseline,WIS,0.230478456992099,0.0,9,6,0.5918411162445709
2024-11-06,ILI incidence,2024-11-03,1,GB-SCT,ISI,FluBcast,WIS,0.951182473228875,-0.35220810421648874,6,6,0.0
2024-11-06,ILI incidence,2024-11-03,1,GB-SCT,ISI,SEIR_BRW,WIS,0.789105714148177,-0.08270455917044373,6,4,0.5683569947582252
2024-11-06,ILI incidence,2024-11-03,1,GB-SCT,ItaLuxColab,EpiEKF,WIS,0.666015297359694,0.16195871339342002,6,1,1.0
2024-11-06,ILI incidence,2024-11-03,1,GB-SCT,RIVM,KFdlm,WIS,0.81088230537373,-0.12197850365793339,6,5,0.49199269666122797
2024-11-06,ILI incidence,2024-11-03,1,GB-SCT,respicast,hubEnsemble,WIS,0.698589401698084,0.09306927181613384,6,2,0.8857719012045999
2024-11-06,ILI incidence,2024-11-03,1,GB-SCT,respicast,quantileBaseline,WIS,0.745141300011814,0.0,6,3,0.7225276632524542
2024-11-06,ILI incidence,2024-11-03,1,GB-WLS,respicast,quantileBaseline,WIS,1.35314886535657,0.0,1,1,0.0
2024-11-06,ILI incidence,2024-11-03,1,GR,ISI,FluBcast,WIS,70.3352899891985,-0.18859483824994036,12,8,0.9147379905943581
2024-11-06,ILI incidence,2024-11-03,1,GR,ISI,RC_AdaptEns2,WIS,152.17062771198,-1.3019641189241693,12,10,0.6730509007761974
2024-11-06,ILI incidence,2024-11-03,1,GR,ItaLuxColab,EpiEKF,WIS,81.7366855686572,-0.40532985339824895,12,9,0.881065860752363
2024-11-06,ILI incidence,2024-11-03,1,GR,ItaLuxColab,EpiNetEKF,WIS,64.7014907312542,-0.068145062784895,12,7,0.9313764818031898
2024-11-06,ILI incidence,2024-11-03,1,GR,NotreDame,Rt_cocirc,WIS,380.065910869565,-2.622523836995964,12,12,0.0
2024-11-06,ILI incidence,2024-11-03,1,GR,QMUL,ARIMA,WIS,41.4655421682316,0.5737409337948403,12,1,1.0
2024-11-06,ILI incidence,2024-11-03,1,GR,QMUL,SEIR,WIS,286.628331486013,-2.215455423551903,12,11,0.275952385231954
2024-11-06,ILI incidence,2024-11-03,1,GR,QMUL,SEIR_agumented,WIS,50.6868716014569,0.2840417663083663,12,3,0.9727663337503359
2024-11-06,ILI incidence,2024-11-03,1,GR,RIVM,KFdlm,WIS,64.5528129671969,-0.06482607438202323,12,6,0.9318155769070361
2024-11-06,ILI incidence,2024-11-03,1,GR,fjordhest,ensemble,WIS,49.1557782608696,0.32829287439729765,12,2,0.9772881638548324
2024-11-06,ILI incidence,2024-11-03,1,GR,respicast,hubEnsemble,WIS,58.7707531941824,0.07055550197283768,12,4,0.9488919309440709
2024-11-06,ILI incidence,2024-11-03,1,GR,respicast,quantileBaseline,WIS,61.7163991304348,0.0,12,5,0.9401924544858788
2024-11-06,ILI incidence,2024-11-03,1,HR,ItaLuxColab,EpiEKF,WIS,1.54836050323219,-0.7431398548935734,6,6,0.0
2024-11-06,ILI incidence,2024-11-03,1,HR,ItaLuxColab,EpiNetEKF,WIS,0.423007772918101,1.1288454782112167,6,3,0.9516919277778326
2024-11-06,ILI incidence,2024-11-03,1,HR,NotreDame,Rt_cocirc,WIS,0.474139130434783,0.9642191890488278,6,4,0.9084509963843777
2024-11-06,ILI incidence,2024-11-03,1,HR,RIVM,KFdlm,WIS,0.365884643694589,1.3381407852975757,6,1,1.0
2024-11-06,ILI incidence,2024-11-03,1,HR,respicast,hubEnsemble,WIS,0.408679815389508,1.1785586611216956,6,2,0.9638088411279249
2024-11-06,ILI incidence,2024-11-03,1,HR,respicast,quantileBaseline,WIS,0.925048913043479,0.0,6,5,0.5271241566254492
2024-11-06,ILI incidence,2024-11-03,1,HU,ISI,FluBcast,WIS,75.2135255721543,-1.0143007591333628,11,7,0.6395874541242734
2024-11-06,ILI incidence,2024-11-03,1,HU,ISI,RC_AdaptEns2,WIS,75.241452177573,-1.0148363289923559,11,8,0.6393224275667658
2024-11-06,ILI incidence,2024-11-03,1,HU,ItaLuxColab,EpiEKF,WIS,39.3583200284443,-0.07997727747053515,11,2,0.979857299008973
2024-11-06,ILI incidence,2024-11-03,1,HU,ItaLuxColab,EpiNetEKF,WIS,50.4617716144911,-0.4384994929273814,11,5,0.8744843220150728
2024-11-06,ILI incidence,2024-11-03,1,HU,NotreDame,Rt_cocirc,WIS,142.608682608696,-1.9372985521190778,11,11,0.0
2024-11-06,ILI incidence,2024-11-03,1,HU,QMUL,ARIMA,WIS,47.6671063994917,-0.35630268571889323,11,4,0.9010060023343572
2024-11-06,ILI incidence,2024-11-03,1,HU,QMUL,SEIR,WIS,130.910940418634,-1.8138224008539003,11,10,0.11101286020132366
2024-11-06,ILI incidence,2024-11-03,1,HU,QMUL,SEIR_agumented,WIS,46.6912069189105,-0.326459516733229,11,3,0.9102673957595213
2024-11-06,ILI incidence,2024-11-03,1,HU,RIVM,KFdlm,WIS,78.820677261332,-1.081882781300274,11,9,0.6053551877869411
2024-11-06,ILI incidence,2024-11-03,1,HU,respicast,hubEnsemble,WIS,65.1644848337156,-0.8073945337998062,11,6,0.7349539561832308
2024-11-06,ILI incidence,2024-11-03,1,HU,respicast,quantileBaseline,WIS,37.2358260869565,0.0,11,1,1.0
2024-11-06,ILI incidence,2024-11-03,1,IE,ISI,FluBcast,WIS,4.80435628710565,-1.5715278430597455,11,10,0.512366130388609
2024-11-06,ILI incidence,2024-11-03,1,IE,ISI,RC_AdaptEns2,WIS,3.62625743757192,-1.1656660484135313,11,8,0.6925716028171132
2024-11-06,ILI incidence,2024-11-03,1,IE,ISI,SEIR_BRW,WIS,4.4351763966811,-1.456176183782378,11,9,0.5688369745723463
2024-11-06,ILI incidence,2024-11-03,1,IE,ItaLuxColab,EpiEKF,WIS,2.62626718332472,-0.7001983952680616,11,5,0.8455330595419355
2024-11-06,ILI incidence,2024-11-03,1,IE,ItaLuxColab,EpiNetEKF,WIS,3.1165720410279,-0.9471447606811342,11,7,0.770534583351791
2024-11-06,ILI incidence,2024-11-03,1,IE,NotreDame,Rt_cocirc,WIS,1.66354130434783,-0.04144238655694971,11,2,0.9927944475900106
2024-11-06,ILI incidence,2024-11-03,1,IE,QMUL,SEIR,WIS,8.1539657113719,-2.3346865890666297,11,11,0.0
2024-11-06,ILI incidence,2024-11-03,1,IE,RIVM,KFdlm,WIS,1.66843063603471,-0.04567640759136278,11,3,0.9920465610040567
2024-11-06,ILI incidence,2024-11-03,1,IE,fjordhest,ensemble,WIS,1.80150434782609,-0.15638683260235947,11,4,0.9716912138184862
2024-11-06,ILI incidence,2024-11-03,1,IE,respicast,hubEnsemble,WIS,2.77851373863772,-0.7814980728280388,11,6,0.8222449777000339
2024-11-06,ILI incidence,2024-11-03,1,IE,respicast,quantileBaseline,WIS,1.6164347826087,0.0,11,1,1.0
2024-11-06,ILI incidence,2024-11-03,1,IS,respicast,quantileBaseline,WIS,0.74304347826087,0.0,1,1,0.0
2024-11-06,ILI incidence,2024-11-03,1,IT,respicast,quantileBaseline,WIS,139.421719565217,0.0,1,1,0.0
2024-11-06,ILI incidence,2024-11-03,1,LT,ItaLuxColab,EpiEKF,WIS,1.66505292294422,0.751808250637334,7,5,0.9850646204996624
2024-11-06,ILI incidence,2024-11-03,1,LT,ItaLuxColab,EpiNetEKF,WIS,1.20515524487155,1.2181572815252195,7,3,0.9995531468443178
2024-11-06,ILI incidence,2024-11-03,1,LT,NotreDame,Rt_cocirc,WIS,32.9331695652174,-3.5540931777820486,7,7,0.0
2024-11-06,ILI incidence,2024-11-03,1,LT,RIVM,KFdlm,WIS,1.19097114333844,1.2352378262492385,7,1,1.0
2024-11-06,ILI incidence,2024-11-03,1,LT,fjordhest,ensemble,WIS,1.33014782608696,1.0757896953961235,7,4,0.9956154050548499
2024-11-06,ILI incidence,2024-11-03,1,LT,respicast,hubEnsemble,WIS,1.19696136878524,1.2279996931532404,7,2,0.9998112851111576
2024-11-06,ILI incidence,2024-11-03,1,LT,respicast,quantileBaseline,WIS,2.80378608695652,0.0,7,6,0.9491901940066503
2024-11-06,ILI incidence,2024-11-03,1,LU,ItaLuxColab,EpiEKF,WIS,545.912794560478,0.23761076453813101,8,4,0.9950012297665477
2024-11-06,ILI incidence,2024-11-03,1,LU,ItaLuxColab,EpiNetEKF,WIS,797.962704532772,-0.3100400443563326,8,6,0.989998221665768
2024-11-06,ILI incidence,2024-11-03,1,LU,NotreDame,Rt_cocirc,WIS,2544.49163695652,-1.9830242700003768,8,7,0.9553308877313006
2024-11-06,ILI incidence,2024-11-03,1,LU,QMUL,ARIMA,WIS,338.038233924072,0.9290948422418033,8,2,0.9991273891884028
2024-11-06,ILI incidence,2024-11-03,1,LU,RIVM,KFdlm,WIS,50673.7489549496,-6.298813481854469,8,8,0.0
2024-11-06,ILI incidence,2024-11-03,1,LU,fjordhest,ensemble,WIS,294.076386956522,1.1300903276742476,8,1,1.0
2024-11-06,ILI incidence,2024-11-03,1,LU,respicast,hubEnsemble,WIS,514.472113751398,0.32318839451714837,8,3,0.9956253045015838
2024-11-06,ILI incidence,2024-11-03,1,LU,respicast,quantileBaseline,WIS,643.652173913043,0.0,8,5,0.9930611738993593
2024-11-06,ILI incidence,2024-11-03,1,LV,ItaLuxColab,EpiEKF,WIS,202.228388125218,1.892335155096133,6,4,0.7380032375456032
2024-11-06,ILI incidence,2024-11-03,1,LV,ItaLuxColab,EpiNetEKF,WIS,320.369412231205,1.228584276353231,6,5,0.5790497172552984
2024-11-06,ILI incidence,2024-11-03,1,LV,NotreDame,Rt_cocirc,WIS,7.50123913043478,6.645047942661612,6,1,1.0
2024-11-06,ILI incidence,2024-11-03,1,LV,RIVM,KFdlm,WIS,11.5414429973602,6.023425170241522,6,3,0.9945640844727894
2024-11-06,ILI incidence,2024-11-03,1,LV,respicast,hubEnsemble,WIS,10.3958224368077,6.174244884456875,6,2,0.996105466244234
2024-11-06,ILI incidence,2024-11-03,1,LV,respicast,quantileBaseline,WIS,750.743816521739,0.0,6,6,0.0
2024-11-06,ILI incidence,2024-11-03,1,MT,ItaLuxColab,EpiEKF,WIS,1082.12468339058,-1.0157870384826126,6,6,0.0
2024-11-06,ILI incidence,2024-11-03,1,MT,ItaLuxColab,EpiNetEKF,WIS,758.456689247512,-0.5030590056859522,6,5,0.3457102742866595
2024-11-06,ILI incidence,2024-11-03,1,MT,NotreDame,Rt_cocirc,WIS,145.884084782609,1.8751852926893644,6,1,1.0
2024-11-06,ILI incidence,2024-11-03,1,MT,RIVM,KFdlm,WIS,583.676208300547,-0.12516046877370843,6,4,0.5323935704466781
2024-11-06,ILI incidence,2024-11-03,1,MT,respicast,hubEnsemble,WIS,515.579077072338,0.053814075498319375,6,2,0.6051282193493831
2024-11-06,ILI incidence,2024-11-03,1,MT,respicast,quantileBaseline,WIS,535.173913043478,0.0,6,3,0.5841989453996375
2024-11-06,ILI incidence,2024-11-03,1,NL,ISI,FluBcast,WIS,6.60517945004648,-0.8640926798838473,11,6,0.7997138864403157
2024-11-06,ILI incidence,2024-11-03,1,NL,ISI,RC_AdaptEns2,WIS,8.02691250465514,-1.1453400945795473,11,8,0.704041809490345
2024-11-06,ILI incidence,2024-11-03,1,NL,ISI,SEIR_BRW,WIS,16.4360307701401,-2.179284954023569,11,10,0.13817059536264795
2024-11-06,ILI incidence,2024-11-03,1,NL,ItaLuxColab,EpiEKF,WIS,4.56582437383877,-0.3313702894439543,11,3,0.9369473390542191
2024-11-06,ILI incidence,2024-11-03,1,NL,ItaLuxColab,EpiNetEKF,WIS,6.42857500254408,-0.824993898964447,11,5,0.8115980543130304
2024-11-06,ILI incidence,2024-11-03,1,NL,NotreDame,Rt_cocirc,WIS,14.6368108695652,-2.012024264858931,11,9,0.2592447338724976
2024-11-06,ILI incidence,2024-11-03,1,NL,QMUL,SEIR,WIS,18.489312238094,-2.349114578157332,11,11,0.0
2024-11-06,ILI incidence,2024-11-03,1,NL,RIVM,KFdlm,WIS,4.18045606420712,-0.20415526341829543,11,2,0.9628797645919426
2024-11-06,ILI incidence,2024-11-03,1,NL,fjordhest,ensemble,WIS,5.40581304347826,-0.5750065406918445,11,4,0.880422339246169
2024-11-06,ILI incidence,2024-11-03,1,NL,respicast,hubEnsemble,WIS,7.63381696625617,-1.0728995185255168,11,7,0.7304942201426023
2024-11-06,ILI incidence,2024-11-03,1,NL,respicast,quantileBaseline,WIS,3.62883152173913,0.0,11,1,1.0
2024-11-06,ILI incidence,2024-11-03,1,NO,ISI,FluBcast,WIS,2.91769446501652,-0.17225772423252447,11,8,0.5734397239749794
2024-11-06,ILI incidence,2024-11-03,1,NO,ISI,RC_AdaptEns2,WIS,0.828213077236544,1.6444972031425082,11,1,1.0
2024-11-06,ILI incidence,2024-11-03,1,NO,ISI,SEIR_BRW,WIS,4.00182219334951,-0.6280859768099651,11,10,0.3521188614161429
2024-11-06,ILI incidence,2024-11-03,1,NO,ItaLuxColab,EpiEKF,WIS,3.20198997078368,-0.3063976982117996,11,9,0.5154017964193968
2024-11-06,ILI incidence,2024-11-03,1,NO,ItaLuxColab,EpiNetEKF,WIS,1.8366288576036,0.4955109719786278,11,4,0.794135465318319
2024-11-06,ILI incidence,2024-11-03,1,NO,NotreDame,Rt_cocirc,WIS,5.72665652173913,-1.1451219840058333,11,11,0.0
2024-11-06,ILI incidence,2024-11-03,1,NO,QMUL,ARIMA,WIS,1.67571616014144,0.6277932908947343,11,3,0.8269852265302706
2024-11-06,ILI incidence,2024-11-03,1,NO,RIVM,KFdlm,WIS,2.37070293154198,0.127256198202676,11,6,0.6851061216116442
2024-11-06,ILI incidence,2024-11-03,1,NO,fjordhest,ensemble,WIS,1.90662173913043,0.4415524397740025,11,5,0.779846664739151
2024-11-06,ILI incidence,2024-11-03,1,NO,respicast,hubEnsemble,WIS,1.5487967068357,0.7414233007003797,11,2,0.8528953865114333
2024-11-06,ILI incidence,2024-11-03,1,NO,respicast,quantileBaseline,WIS,2.58931608695652,0.0,11,7,0.6404770148573579
2024-11-06,ILI incidence,2024-11-03,1,PL,ISI,FluBcast,WIS,27.5192832130036,0.8439586282698661,12,2,0.9441808267247588
2024-11-06,ILI incidence,2024-11-03,1,PL,ISI,RC_AdaptEns2,WIS,15.0309223459002,1.7164679809351504,12,1,1.0
2024-11-06,ILI incidence,2024-11-03,1,PL,ItaLuxColab,EpiEKF,WIS,48.4375406186285,0.0282759062427958,12,5,0.8506825808647719
2024-11-06,ILI incidence,2024-11-03,1,PL,ItaLuxColab,EpiNetEKF,WIS,42.9391648719528,0.20210738897745956,12,3,0.8752586474760872
2024-11-06,ILI incidence,2024-11-03,1,PL,NotreDame,Rt_cocirc,WIS,238.759797826087,-2.2730865108326648,12,12,0.0
2024-11-06,ILI incidence,2024-11-03,1,PL,QMUL,ARIMA,WIS,53.379375176565,-0.11188089702181826,12,8,0.8285940840297975
2024-11-06,ILI incidence,2024-11-03,1,PL,QMUL,SEIR,WIS,165.088572111609,-1.7407668299177084,12,11,0.3292879631936569
2024-11-06,ILI incidence,2024-11-03,1,PL,QMUL,SEIR_agumented,WIS,103.999316535666,-1.0741006208300181,12,9,0.6023383481510202
2024-11-06,ILI incidence,2024-11-03,1,PL,RIVM,KFdlm,WIS,155.409367105651,-1.6536000365677492,12,10,0.3725510645040427
2024-11-06,ILI incidence,2024-11-03,1,PL,fjordhest,ensemble,WIS,51.2071217391305,-0.05194294872472912,12,7,0.8383033959492904
2024-11-06,ILI incidence,2024-11-03,1,PL,respicast,hubEnsemble,WIS,43.9912243214291,0.16718576782197922,12,4,0.8705562618442894
2024-11-06,ILI incidence,2024-11-03,1,PL,respicast,quantileBaseline,WIS,49.39625,0.0,12,6,0.8463974416340229
2024-11-06,ILI incidence,2024-11-03,1,RO,ISI,FluBcast,WIS,0.73964818085696,-0.5783972846542011,9,9,0.0
2024-11-06,ILI incidence,2024-11-03,1,RO,ISI,RC_AdaptEns2,WIS,0.308630955471546,0.6825591501627055,9,4,0.7748473301387099
2024-11-06,ILI incidence,2024-11-03,1,RO,ItaLuxColab,EpiEKF,WIS,0.183387342598338,1.4335478531439683,9,1,1.0
2024-11-06,ILI incidence,2024-11-03,1,RO,ItaLuxColab,EpiNetEKF,WIS,0.420180764604224,0.23743180205366923,9,7,0.5743122547559356
2024-11-06,ILI incidence,2024-11-03,1,RO,NotreDame,Rt_cocirc,WIS,0.236095652173913,1.0690704468238454,9,2,0.905245334651674
2024-11-06,ILI incidence,2024-11-03,1,RO,QMUL,SEIR,WIS,0.307345112624812,0.6885823770021982,9,3,0.7771589126882911
2024-11-06,ILI incidence,2024-11-03,1,RO,RIVM,KFdlm,WIS,0.397275377507045,0.3183025403801776,9,6,0.6154896764289847
2024-11-06,ILI incidence,2024-11-03,1,RO,respicast,hubEnsemble,WIS,0.371325243601112,0.4157585241689996,9,5,0.6621406935798055
2024-11-06,ILI incidence,2024-11-03,1,RO,respicast,quantileBaseline,WIS,0.495347826086957,0.0,9,8,0.4391830917574331
2024-11-06,ILI incidence,2024-11-03,1,SI,ISI,FluBcast,WIS,3.27653926305068,-0.9122926458759989,9,7,0.8901595610152149
2024-11-06,ILI incidence,2024-11-03,1,SI,ItaLuxColab,EpiEKF,WIS,1.90576047118923,-0.13048662911935893,9,4,0.9749038007543833
2024-11-06,ILI incidence,2024-11-03,1,SI,ItaLuxColab,EpiNetEKF,WIS,1.60318766138595,0.11893686362002641,9,2,0.9936094466870167
2024-11-06,ILI incidence,2024-11-03,1,SI,NotreDame,Rt_cocirc,WIS,17.675297826087,-3.3437824454255187,9,9,0.0
2024-11-06,ILI incidence,2024-11-03,1,SI,QMUL,SEIR,WIS,2.90891397429953,-0.7406004581625414,9,6,0.912886879083656
2024-11-06,ILI incidence,2024-11-03,1,SI,RIVM,KFdlm,WIS,3.84154609012806,-1.1418068890429398,9,8,0.8552297282133139
2024-11-06,ILI incidence,2024-11-03,1,SI,fjordhest,ensemble,WIS,1.49981739130435,0.21509331630404324,9,1,1.0
2024-11-06,ILI incidence,2024-11-03,1,SI,respicast,hubEnsemble,WIS,2.47160220015279,-0.5055663889079528,9,5,0.9399223526765375
2024-11-06,ILI incidence,2024-11-03,1,SI,respicast,quantileBaseline,WIS,1.74095652173913,0.0,9,3,0.9850923048989475
2024-11-06,ILI incidence,2024-11-10,2,AT,ItaLuxColab,EpiEKF,WIS,219.98139638706,1.5635091255690845,5,2,0.9786343320221469
2024-11-06,ILI incidence,2024-11-10,2,AT,ItaLuxColab,EpiNetEKF,WIS,157.750602081164,2.0432451356583288,5,1,1.0
2024-11-06,ILI incidence,2024-11-10,2,AT,NotreDame,Rt_cocirc,WIS,3070.40441521739,-2.2394661389589174,5,5,0.0
2024-11-06,ILI incidence,2024-11-10,2,AT,respicast,hubEnsemble,WIS,1463.77673953549,-1.1707329731202336,5,4,0.5516026890789157
2024-11-06,ILI incidence,2024-11-10,2,AT,respicast,quantileBaseline,WIS,650.203195869565,0.0,5,3,0.8309264933692382
2024-11-06,ILI incidence,2024-11-10,2,BE,ISI,FluBcast,WIS,47.5931131080085,0.34065809800376773,13,1,1.0
2024-11-06,ILI incidence,2024-11-10,2,BE,ISI,RC_AdaptEns2,WIS,152.437963578313,-1.3387394117290357,13,11,0.4058891779407222
2024-11-06,ILI incidence,2024-11-10,2,BE,ISI,SEIR_BRW,WIS,72.9489941204121,-0.27547716167810904,13,8,0.8563190920227122
2024-11-06,ILI incidence,2024-11-10,2,BE,ItaLuxColab,EpiEKF,WIS,68.6156144902299,-0.18712599663294555,13,6,0.8808744967262714
2024-11-06,ILI incidence,2024-11-10,2,BE,ItaLuxColab,EpiNetEKF,WIS,90.314468910075,-0.5835462109094554,13,9,0.7579163907316419
2024-11-06,ILI incidence,2024-11-10,2,BE,NotreDame,Rt_cocirc,WIS,156.486465217391,-1.376555052715231,13,12,0.38294805468944526
2024-11-06,ILI incidence,2024-11-10,2,BE,QMUL,ARIMA,WIS,62.658448702713,-0.05609812836180278,13,4,0.9146312014884903
2024-11-06,ILI incidence,2024-11-10,2,BE,QMUL,SEIR,WIS,224.066670864281,-1.8944452402802614,13,13,0.0
2024-11-06,ILI incidence,2024-11-10,2,BE,QMUL,SEIR_agumented,WIS,109.280438272773,-0.8585523460562854,13,10,0.6504443728053536
2024-11-06,ILI incidence,2024-11-10,2,BE,RIVM,KFdlm,WIS,65.692279761388,-0.1243129096308255,13,5,0.8974397814409327
2024-11-06,ILI incidence,2024-11-10,2,BE,fjordhest,ensemble,WIS,58.4737173913044,0.043622611846582816,13,2,0.9383442798930642
2024-11-06,ILI incidence,2024-11-10,2,BE,respicast,hubEnsemble,WIS,72.197365689152,-0.260535273989316,13,7,0.8605782481298166
2024-11-06,ILI incidence,2024-11-10,2,BE,respicast,quantileBaseline,WIS,60.2687826086957,0.0,13,3,0.9281724148260582
2024-11-06,ILI incidence,2024-11-10,2,CH,ECDC,SARIMA,WIS,4.3073298231829,-0.11736861576275667,9,5,0.8370981525271938
2024-11-06,ILI incidence,2024-11-10,2,CH,ECDC,soca_simplex,WIS,0.888464594746672,2.1600389916563327,9,1,1.0
2024-11-06,ILI incidence,2024-11-10,2,CH,ISI,FluBcast,WIS,21.8757356507545,-2.4618344456186096,9,9,0.0
2024-11-06,ILI incidence,2024-11-10,2,CH,ISI,SEIR_BRW,WIS,12.6744101929713,-1.674421524613229,9,8,0.4384241016008236
2024-11-06,ILI incidence,2024-11-10,2,CH,ItaLuxColab,EpiEKF,WIS,5.97152000808218,-0.5886730231604014,9,6,0.7578029368482173
2024-11-06,ILI incidence,2024-11-10,2,CH,ItaLuxColab,EpiNetEKF,WIS,9.26887809714398,-1.2229695430751557,9,7,0.6006906529184829
2024-11-06,ILI incidence,2024-11-10,2,CH,RIVM,KFdlm,WIS,4.19064393947005,-0.07774676437237418,9,4,0.842657993223083
2024-11-06,ILI incidence,2024-11-10,2,CH,respicast,hubEnsemble,WIS,3.35192357499111,0.24443592739994954,9,2,0.8826212815534562
2024-11-06,ILI incidence,2024-11-10,2,CH,respicast,quantileBaseline,WIS,3.97078757422543,0.0,9,3,0.853133693692091
2024-11-06,ILI incidence,2024-11-10,2,CZ,ItaLuxColab,EpiEKF,WIS,7.17027963493747,-0.6960525057897758,7,4,0.7692938916185683
2024-11-06,ILI incidence,2024-11-10,2,CZ,ItaLuxColab,EpiNetEKF,WIS,7.06742574409404,-0.6752079419126022,7,3,0.7740877539912552
2024-11-06,ILI incidence,2024-11-10,2,CZ,NotreDame,Rt_cocirc,WIS,23.6757326086957,-2.419360285083995,7,7,0.0
2024-11-06,ILI incidence,2024-11-10,2,CZ,RIVM,KFdlm,WIS,22.1678824059231,-2.324422179627714,7,6,0.07027858928276713
2024-11-06,ILI incidence,2024-11-10,2,CZ,fjordhest,ensemble,WIS,2.22040434782609,0.9951544549502369,7,1,1.0
2024-11-06,ILI incidence,2024-11-10,2,CZ,respicast,hubEnsemble,WIS,10.5345770608013,-1.2510836111554455,7,5,0.6124891396726536
2024-11-06,ILI incidence,2024-11-10,2,CZ,respicast,quantileBaseline,WIS,4.42591847826087,0.0,7,2,0.8972043632416841
2024-11-06,ILI incidence,2024-11-10,2,DK,ItaLuxColab,EpiEKF,WIS,18.9211811997098,-0.42714089066799527,7,5,0.893608470842149
2024-11-06,ILI incidence,2024-11-10,2,DK,ItaLuxColab,EpiNetEKF,WIS,18.8258155848222,-0.41985110318191216,7,4,0.8950435533349482
2024-11-06,ILI incidence,2024-11-10,2,DK,NotreDame,Rt_cocirc,WIS,78.3041934782609,-2.47622830673604,7,7,0.0
2024-11-06,ILI incidence,2024-11-10,2,DK,RIVM,KFdlm,WIS,18.9944297901658,-0.4327151386840936,7,6,0.8925062101383354
2024-11-06,ILI incidence,2024-11-10,2,DK,fjordhest,ensemble,WIS,11.8511391304348,0.2478355269806896,7,1,1.0
2024-11-06,ILI incidence,2024-11-10,2,DK,respicast,hubEnsemble,WIS,14.7594584129468,-0.06877851928926781,7,3,0.9562349795497829
2024-11-06,ILI incidence,2024-11-10,2,DK,respicast,quantileBaseline,WIS,14.0723304347826,0.0,7,2,0.966575030656654
2024-11-06,ILI incidence,2024-11-10,2,EE,ISI,FluBcast,WIS,65.7480867899125,-0.9888650783349683,9,6,0.7585110979248058
2024-11-06,ILI incidence,2024-11-10,2,EE,ISI,RC_AdaptEns2,WIS,66.9490630425253,-1.014980029503831,9,7,0.7518337764471897
2024-11-06,ILI incidence,2024-11-10,2,EE,ItaLuxColab,EpiEKF,WIS,32.5382271445917,0.025948188090358322,9,2,0.9431549729355593
2024-11-06,ILI incidence,2024-11-10,2,EE,ItaLuxColab,EpiNetEKF,WIS,22.3141383670214,0.5701257357823135,9,1,1.0
2024-11-06,ILI incidence,2024-11-10,2,EE,NotreDame,Rt_cocirc,WIS,202.17312173913,-2.6094354676950386,9,9,0.0
2024-11-06,ILI incidence,2024-11-10,2,EE,QMUL,SEIR,WIS,105.359487153806,-1.6691644876167473,9,8,0.5382752241239303
2024-11-06,ILI incidence,2024-11-10,2,EE,RIVM,KFdlm,WIS,40.7279172594588,-0.297934204264491,9,4,0.8976210220518077
2024-11-06,ILI incidence,2024-11-10,2,EE,respicast,hubEnsemble,WIS,64.7146414952911,-0.9660083190575325,9,5,0.7642569621304502
2024-11-06,ILI incidence,2024-11-10,2,EE,respicast,quantileBaseline,WIS,33.1287515217391,0.0,9,3,0.9398717097586199
2024-11-06,ILI incidence,2024-11-10,2,FR,ItaLuxColab,EpiEKF,WIS,26.8022366330417,0.18973916771113392,7,1,1.0
2024-11-06,ILI incidence,2024-11-10,2,FR,ItaLuxColab,EpiNetEKF,WIS,52.4499662176092,-0.7788492779937458,7,4,0.9080105922543866
2024-11-06,ILI incidence,2024-11-10,2,FR,NotreDame,Rt_cocirc,WIS,305.614006521739,-3.3215461939976785,7,7,0.0
2024-11-06,ILI incidence,2024-11-10,2,FR,RIVM,KFdlm,WIS,99.5933929709235,-1.7039574714431764,7,6,0.7389236603356439
2024-11-06,ILI incidence,2024-11-10,2,FR,fjordhest,ensemble,WIS,31.9117043478261,-0.06199309688501027,7,3,0.9816741319176584
2024-11-06,ILI incidence,2024-11-10,2,FR,respicast,hubEnsemble,WIS,71.6883061112933,-1.2296452382616592,7,5,0.8390094166534996
2024-11-06,ILI incidence,2024-11-10,2,FR,respicast,quantileBaseline,WIS,30.5694917391304,0.0,7,2,0.9864881776418813
2024-11-06,ILI incidence,2024-11-10,2,GB-ENG,ECDC,SARIMA,WIS,0.199619448037595,0.4194083513710936,8,2,0.8695395475174835
2024-11-06,ILI incidence,2024-11-10,2,GB-ENG,ECDC,soca_simplex,WIS,0.227550397921954,0.23047452509552993,8,4,0.807156004738061
2024-11-06,ILI incidence,2024-11-10,2,GB-ENG,ISI,FluBcast,WIS,0.588937919578301,-1.1414549321474237,8,8,0.0
2024-11-06,ILI incidence,2024-11-10,2,GB-ENG,ISI,SEIR_BRW,WIS,0.141208460173951,0.9188341073829259,8,1,1.0
2024-11-06,ILI incidence,2024-11-10,2,GB-ENG,ItaLuxColab,EpiEKF,WIS,0.276272763797237,-0.0494327075674479,8,6,0.6983350083709642
2024-11-06,ILI incidence,2024-11-10,2,GB-ENG,RIVM,KFdlm,WIS,0.538813382699295,-1.013125049700536,8,7,0.1119527335674776
2024-11-06,ILI incidence,2024-11-10,2,GB-ENG,respicast,hubEnsemble,WIS,0.209340381089403,0.3508100045805824,8,3,0.8478279249123046
2024-11-06,ILI incidence,2024-11-10,2,GB-ENG,respicast,quantileBaseline,WIS,0.266966854553497,0.0,8,5,0.7191196787746503
2024-11-06,ILI incidence,2024-11-10,2,GB-NIR,ECDC,SARIMA,WIS,0.378402537610409,0.264236759144225,9,6,0.5099946923040871
2024-11-06,ILI incidence,2024-11-10,2,GB-NIR,ECDC,soca_simplex,WIS,0.186610908214907,1.2841252023097105,9,2,0.9030528877793272
2024-11-06,ILI incidence,2024-11-10,2,GB-NIR,ISI,FluBcast,WIS,0.302708652838986,0.5862286079569584,9,5,0.6651219095373958
2024-11-06,ILI incidence,2024-11-10,2,GB-NIR,ISI,SEIR_BRW,WIS,0.139305840334284,1.7059027791873418,9,1,1.0
2024-11-06,ILI incidence,2024-11-10,2,GB-NIR,ItaLuxColab,EpiEKF,WIS,0.627252998295486,-0.4648889390625524,9,9,0.0
2024-11-06,ILI incidence,2024-11-10,2,GB-NIR,QMUL,ARIMA,WIS,0.287379125748745,0.6612032496359054,9,4,0.6965382767405426
2024-11-06,ILI incidence,2024-11-10,2,GB-NIR,RIVM,KFdlm,WIS,0.583443346114322,-0.3604340505144035,9,8,0.0897835994459207
2024-11-06,ILI incidence,2024-11-10,2,GB-NIR,respicast,hubEnsemble,WIS,0.188173350853064,1.2720961949534695,9,3,0.8998508143321012
2024-11-06,ILI incidence,2024-11-10,2,GB-NIR,respicast,quantileBaseline,WIS,0.454461639227128,0.0,9,7,0.3541189988488407
2024-11-06,ILI incidence,2024-11-10,2,GB-SCT,ISI,FluBcast,WIS,5.78239721165272,-2.24913514573198,6,6,0.0
2024-11-06,ILI incidence,2024-11-10,2,GB-SCT,ISI,SEIR_BRW,WIS,1.17641220609728,0.04813891151427408,6,3,0.9316026026317168
2024-11-06,ILI incidence,2024-11-10,2,GB-SCT,ItaLuxColab,EpiEKF,WIS,0.975647201408633,0.3181011079716242,6,2,0.9722091614155003
2024-11-06,ILI incidence,2024-11-10,2,GB-SCT,RIVM,KFdlm,WIS,0.838245067225652,0.537088576487964,6,1,1.0
2024-11-06,ILI incidence,2024-11-10,2,GB-SCT,respicast,hubEnsemble,WIS,1.20452875904142,0.014063730466622272,6,4,0.925915772590325
2024-11-06,ILI incidence,2024-11-10,2,GB-SCT,respicast,quantileBaseline,WIS,1.21632820705166,0.0,6,5,0.9235292262896533
2024-11-06,ILI incidence,2024-11-10,2,GB-WLS,respicast,quantileBaseline,WIS,1.35737101648183,0.0,1,1,0.0
2024-11-06,ILI incidence,2024-11-10,2,GR,ISI,FluBcast,WIS,20.7524784645321,1.517087504378282,12,1,1.0
2024-11-06,ILI incidence,2024-11-10,2,GR,ISI,RC_AdaptEns2,WIS,134.465565055898,-1.1787937069486496,12,10,0.7828559622831585
2024-11-06,ILI incidence,2024-11-10,2,GR,ItaLuxColab,EpiEKF,WIS,80.2884907028488,-0.43482204135181074,12,9,0.8863113255078157
2024-11-06,ILI incidence,2024-11-10,2,GR,ItaLuxColab,EpiNetEKF,WIS,44.8481874671619,0.4053214719034301,12,5,0.9539873579961521
2024-11-06,ILI incidence,2024-11-10,2,GR,NotreDame,Rt_cocirc,WIS,544.428319565217,-3.1962990565277067,12,12,0.0
2024-11-06,ILI incidence,2024-11-10,2,GR,QMUL,ARIMA,WIS,28.5741199457529,1.0556620863571466,12,3,0.9850639634916498
2024-11-06,ILI incidence,2024-11-10,2,GR,QMUL,SEIR,WIS,256.610961834535,-2.1111397433500154,12,11,0.5496097683745251
2024-11-06,ILI incidence,2024-11-10,2,GR,QMUL,SEIR_agumented,WIS,28.4498049628063,1.061952389727835,12,2,0.9853013526801321
2024-11-06,ILI incidence,2024-11-10,2,GR,RIVM,KFdlm,WIS,70.9021207023345,-0.2554576276035519,12,8,0.9042353335750688
2024-11-06,ILI incidence,2024-11-10,2,GR,fjordhest,ensemble,WIS,55.8098826086956,0.08985054011417681,12,6,0.9330551432915479
2024-11-06,ILI incidence,2024-11-10,2,GR,respicast,hubEnsemble,WIS,39.9197145117176,0.5732697487301144,12,4,0.9633986627931911
2024-11-06,ILI incidence,2024-11-10,2,GR,respicast,quantileBaseline,WIS,59.3962213043478,0.0,12,7,0.926206748895285
2024-11-06,ILI incidence,2024-11-10,2,HR,ItaLuxColab,EpiEKF,WIS,2.58631281663395,-1.0801123764163965,6,6,0.0
2024-11-06,ILI incidence,2024-11-10,2,HR,ItaLuxColab,EpiNetEKF,WIS,0.685531496755518,0.8354895471347185,6,3,0.9462827319215389
2024-11-06,ILI incidence,2024-11-10,2,HR,NotreDame,Rt_cocirc,WIS,1.04767173913043,0.22359764795900489,6,4,0.7659952604962742
2024-11-06,ILI incidence,2024-11-10,2,HR,RIVM,KFdlm,WIS,0.577630574257329,1.0825653925370253,6,1,1.0
2024-11-06,ILI incidence,2024-11-10,2,HR,respicast,hubEnsemble,WIS,0.680884032876394,0.8453033977539173,6,2,0.9485964198613623
2024-11-06,ILI incidence,2024-11-10,2,HR,respicast,quantileBaseline,WIS,1.2233052173913,0.0,6,5,0.6785580966902832
2024-11-06,ILI incidence,2024-11-10,2,HU,ISI,FluBcast,WIS,38.3024233378305,-0.5313768483268679,11,8,0.8339859774491988
2024-11-06,ILI incidence,2024-11-10,2,HU,ISI,RC_AdaptEns2,WIS,36.4927405422018,-0.46155067501475716,11,7,0.8465863510391969
2024-11-06,ILI incidence,2024-11-10,2,HU,ItaLuxColab,EpiEKF,WIS,25.4841830489266,0.05645671865005673,11,4,0.923236213345066
2024-11-06,ILI incidence,2024-11-10,2,HU,ItaLuxColab,EpiNetEKF,WIS,22.4434176117767,0.2397664422413967,11,3,0.9444083107978307
2024-11-06,ILI incidence,2024-11-10,2,HU,NotreDame,Rt_cocirc,WIS,158.080623913043,-2.5765298170682893,11,11,0.0
2024-11-06,ILI incidence,2024-11-10,2,HU,QMUL,ARIMA,WIS,14.4592635856643,0.8740647465999012,11,1,1.0
2024-11-06,ILI incidence,2024-11-10,2,HU,QMUL,SEIR,WIS,106.011989684569,-2.000096710119825,11,10,0.36254101834007
2024-11-06,ILI incidence,2024-11-10,2,HU,QMUL,SEIR_agumented,WIS,22.2283636235378,0.25365707792214487,11,2,0.9459056785135291
2024-11-06,ILI incidence,2024-11-10,2,HU,RIVM,KFdlm,WIS,75.6348439954379,-1.512992194654458,11,9,0.574049568460245
2024-11-06,ILI incidence,2024-11-10,2,HU,respicast,hubEnsemble,WIS,29.6391616718487,-0.16144581844952946,11,6,0.8943061251363831
2024-11-06,ILI incidence,2024-11-10,2,HU,respicast,quantileBaseline,WIS,26.5012208695652,0.0,11,5,0.9161548306153641
2024-11-06,ILI incidence,2024-11-10,2,IE,ISI,FluBcast,WIS,6.53550906077401,-1.893186862737541,11,10,0.4948889088714748
2024-11-06,ILI incidence,2024-11-10,2,IE,ISI,RC_AdaptEns2,WIS,4.1352454883717,-1.2328602259854222,11,8,0.7480767030156376
2024-11-06,ILI incidence,2024-11-10,2,IE,ISI,SEIR_BRW,WIS,5.35279839953678,-1.6051805666090233,11,9,0.6196451676725594
2024-11-06,ILI incidence,2024-11-10,2,IE,ItaLuxColab,EpiEKF,WIS,3.32299203064151,-0.9173700817156345,11,5,0.8337559024224126
2024-11-06,ILI incidence,2024-11-10,2,IE,ItaLuxColab,EpiNetEKF,WIS,3.8188273569893,-1.1180169481461777,11,7,0.7814535411400216
2024-11-06,ILI incidence,2024-11-10,2,IE,NotreDame,Rt_cocirc,WIS,2.32049782608696,-0.39932159456990285,11,4,0.9395023292781257
2024-11-06,ILI incidence,2024-11-10,2,IE,QMUL,SEIR,WIS,11.2271405209927,-2.6738058730741137,11,11,0.0
2024-11-06,ILI incidence,2024-11-10,2,IE,RIVM,KFdlm,WIS,1.8504823723823,-0.07278864127277886,11,3,0.9890811244177141
2024-11-06,ILI incidence,2024-11-10,2,IE,fjordhest,ensemble,WIS,1.74696956521739,0.010258276776862914,11,1,1.0
2024-11-06,ILI incidence,2024-11-10,2,IE,respicast,hubEnsemble,WIS,3.38909567705871,-0.9457876145289198,11,6,0.8267830696828373
2024-11-06,ILI incidence,2024-11-10,2,IE,respicast,quantileBaseline,WIS,1.75943565217391,0.0,11,2,0.9986850356375773
2024-11-06,ILI incidence,2024-11-10,2,IS,respicast,quantileBaseline,WIS,0.952565217391304,0.0,1,1,0.0
2024-11-06,ILI incidence,2024-11-10,2,IT,respicast,quantileBaseline,WIS,163.358159565217,0.0,1,1,0.0
2024-11-06,ILI incidence,2024-11-10,2,LT,ItaLuxColab,EpiEKF,WIS,2.26596717284177,0.6426482248187065,7,5,0.9931861511172748
2024-11-06,ILI incidence,2024-11-10,2,LT,ItaLuxColab,EpiNetEKF,WIS,1.50154061483101,1.23633168719374,7,1,1.0
2024-11-06,ILI incidence,2024-11-10,2,LT,NotreDame,Rt_cocirc,WIS,113.688730434783,-5.00617025604457,7,7,0.0
2024-11-06,ILI incidence,2024-11-10,2,LT,RIVM,KFdlm,WIS,1.88845413736458,0.9055694385588879,7,2,0.996551179121658
2024-11-06,ILI incidence,2024-11-10,2,LT,fjordhest,ensemble,WIS,2.26362173913043,0.6441422879455202,7,4,0.9932070575479922
2024-11-06,ILI incidence,2024-11-10,2,LT,respicast,hubEnsemble,WIS,1.94708854458286,0.8614566930981792,7,3,0.9960285311498853
2024-11-06,ILI incidence,2024-11-10,2,LT,respicast,quantileBaseline,WIS,3.53761043478261,0.0,7,6,0.9818511380557864
2024-11-06,ILI incidence,2024-11-10,2,LU,ItaLuxColab,EpiEKF,WIS,663.499384069839,0.24379561358594748,8,3,0.9998151314890975
2024-11-06,ILI incidence,2024-11-10,2,LU,ItaLuxColab,EpiNetEKF,WIS,1297.69584982859,-0.7239896432642681,8,6,0.9994604329453738
2024-11-06,ILI incidence,2024-11-10,2,LU,NotreDame,Rt_cocirc,WIS,3706.83205652174,-2.238224108184139,8,7,0.9981130317057219
2024-11-06,ILI incidence,2024-11-10,2,LU,QMUL,ARIMA,WIS,460.001762081856,0.7722513523551681,8,2,0.9999289452898162
2024-11-06,ILI incidence,2024-11-10,2,LU,RIVM,KFdlm,WIS,1788320.18425718,-11.152426702148935,8,8,0.0
2024-11-06,ILI incidence,2024-11-10,2,LU,fjordhest,ensemble,WIS,332.956847826087,1.2385555279731624,8,1,1.0
2024-11-06,ILI incidence,2024-11-10,2,LU,respicast,hubEnsemble,WIS,794.724895827136,-0.016564799580528394,8,5,0.9997417386204317
2024-11-06,ILI incidence,2024-11-10,2,LU,respicast,quantileBaseline,WIS,785.652173913043,0.0,8,4,0.9997468128859383
2024-11-06,ILI incidence,2024-11-10,2,LV,ItaLuxColab,EpiEKF,WIS,305.856012182772,1.3040242805268467,6,4,0.6072607574124135
2024-11-06,ILI incidence,2024-11-10,2,LV,ItaLuxColab,EpiNetEKF,WIS,457.312801925533,0.7236956095672931,6,5,0.4025805512127419
2024-11-06,ILI incidence,2024-11-10,2,LV,NotreDame,Rt_cocirc,WIS,51.2837934782609,3.8803020281812226,6,3,0.9512921759156416
2024-11-06,ILI incidence,2024-11-10,2,LV,RIVM,KFdlm,WIS,15.2415654184775,5.630793925082569,6,1,1.0
2024-11-06,ILI incidence,2024-11-10,2,LV,respicast,hubEnsemble,WIS,42.1054867248317,4.164796768966312,6,2,0.9636958305952795
2024-11-06,ILI incidence,2024-11-10,2,LV,respicast,quantileBaseline,WIS,755.209501521739,0.0,6,6,0.0
2024-11-06,ILI incidence,2024-11-10,2,MT,ItaLuxColab,EpiEKF,WIS,1015.32629965705,0.32085861917703407,6,3,0.9703880100133319
2024-11-06,ILI incidence,2024-11-10,2,MT,ItaLuxColab,EpiNetEKF,WIS,1173.95244889607,0.11142809296887492,6,4,0.8695263372970513
2024-11-06,ILI incidence,2024-11-10,2,MT,NotreDame,Rt_cocirc,WIS,2541.46511086957,-1.0028583596219713,6,6,0.0
2024-11-06,ILI incidence,2024-11-10,2,MT,RIVM,KFdlm,WIS,968.755230425403,0.38859796635000476,6,1,1.0
2024-11-06,ILI incidence,2024-11-10,2,MT,respicast,hubEnsemble,WIS,1004.61937565594,0.3361530610200326,6,2,0.9771959560523596
2024-11-06,ILI incidence,2024-11-10,2,MT,respicast,quantileBaseline,WIS,1268.21739130435,0.0,6,5,0.809588427845082
2024-11-06,ILI incidence,2024-11-10,2,NL,ISI,FluBcast,WIS,0.688150082731214,1.9893005440665177,11,1,1.0
2024-11-06,ILI incidence,2024-11-10,2,NL,ISI,RC_AdaptEns2,WIS,1.72664458703459,0.6621245456290316,11,3,0.9334802082333826
2024-11-06,ILI incidence,2024-11-10,2,NL,ISI,SEIR_BRW,WIS,14.5418140110292,-2.412039649276268,11,10,0.11261654645610968
2024-11-06,ILI incidence,2024-11-10,2,NL,ItaLuxColab,EpiEKF,WIS,2.56861364304082,0.08910579015831281,11,7,0.8795486697925126
2024-11-06,ILI incidence,2024-11-10,2,NL,ItaLuxColab,EpiNetEKF,WIS,1.91324174152156,0.5140765220333336,11,5,0.9215279024587432
2024-11-06,ILI incidence,2024-11-10,2,NL,NotreDame,Rt_cocirc,WIS,13.9064760869565,-2.3475892865728207,11,9,0.15331252148112984
2024-11-06,ILI incidence,2024-11-10,2,NL,QMUL,SEIR,WIS,16.2999623978825,-2.576701036880442,11,11,0.0
2024-11-06,ILI incidence,2024-11-10,2,NL,RIVM,KFdlm,WIS,2.12529977826264,0.3624293433884211,11,6,0.9079447237437853
2024-11-06,ILI incidence,2024-11-10,2,NL,fjordhest,ensemble,WIS,1.71959565217391,0.6680263266094931,11,2,0.9339317211467065
2024-11-06,ILI incidence,2024-11-10,2,NL,respicast,hubEnsemble,WIS,1.78289269733631,0.615875816769446,11,4,0.9298772882669972
2024-11-06,ILI incidence,2024-11-10,2,NL,respicast,quantileBaseline,WIS,2.73226173913043,0.0,11,8,0.8690663444361676
2024-11-06,ILI incidence,2024-11-10,2,NO,ISI,FluBcast,WIS,2.56895819691705,0.2754386845612217,11,5,0.8490120092815093
2024-11-06,ILI incidence,2024-11-10,2,NO,ISI,RC_AdaptEns2,WIS,0.930333606595475,1.7408020514600384,11,1,1.0
2024-11-06,ILI incidence,2024-11-10,2,NO,ISI,SEIR_BRW,WIS,5.45959851347718,-0.8121727636181271,11,10,0.5826593767962226
2024-11-06,ILI incidence,2024-11-10,2,NO,ItaLuxColab,EpiEKF,WIS,3.87959205009836,-0.31928285809066786,11,9,0.7282461101071023
2024-11-06,ILI incidence,2024-11-10,2,NO,ItaLuxColab,EpiNetEKF,WIS,2.2113577428775,0.4916896625611456,11,4,0.8819624326758364
2024-11-06,ILI incidence,2024-11-10,2,NO,NotreDame,Rt_cocirc,WIS,11.7830152173913,-1.9220147611805367,11,11,0.0
2024-11-06,ILI incidence,2024-11-10,2,NO,QMUL,ARIMA,WIS,1.89823565568525,0.7119629926382467,11,3,0.9108144803467796
2024-11-06,ILI incidence,2024-11-10,2,NO,RIVM,KFdlm,WIS,2.83658300041021,0.1324680200020835,11,7,0.8243522235169535
2024-11-06,ILI incidence,2024-11-10,2,NO,fjordhest,ensemble,WIS,2.61592173913044,0.24930271871119974,11,6,0.8446846417333198
2024-11-06,ILI incidence,2024-11-10,2,NO,respicast,hubEnsemble,WIS,1.87303965570866,0.731240654475671,11,2,0.9131361185261884
2024-11-06,ILI incidence,2024-11-10,2,NO,respicast,quantileBaseline,WIS,3.10936956521739,0.0,11,8,0.7992168169335867
2024-11-06,ILI incidence,2024-11-10,2,PL,ISI,FluBcast,WIS,14.0520532154122,1.3561884855555129,12,1,1.0
2024-11-06,ILI incidence,2024-11-10,2,PL,ISI,RC_AdaptEns2,WIS,15.4767866872581,1.2168634626036077,12,2,0.9949442217928105
2024-11-06,ILI incidence,2024-11-10,2,PL,ItaLuxColab,EpiEKF,WIS,39.7120113657041,-0.14260600273054863,12,7,0.9089436306668901
2024-11-06,ILI incidence,2024-11-10,2,PL,ItaLuxColab,EpiNetEKF,WIS,22.8156024846578,0.6569486796597188,12,4,0.9689018596891105
2024-11-06,ILI incidence,2024-11-10,2,PL,NotreDame,Rt_cocirc,WIS,295.855054347826,-3.0398492062388933,12,12,0.0
2024-11-06,ILI incidence,2024-11-10,2,PL,QMUL,ARIMA,WIS,19.8236133485292,0.8597494770654938,12,3,0.9795191672554082
2024-11-06,ILI incidence,2024-11-10,2,PL,QMUL,SEIR,WIS,144.471767017617,-2.0057462498462444,12,10,0.5371954405094392
2024-11-06,ILI incidence,2024-11-10,2,PL,QMUL,SEIR_agumented,WIS,78.1006228048081,-1.1183646222713797,12,9,0.7727186391485565
2024-11-06,ILI incidence,2024-11-10,2,PL,RIVM,KFdlm,WIS,187.687173310482,-2.383288722753243,12,11,0.3838421897661694
2024-11-06,ILI incidence,2024-11-10,2,PL,fjordhest,ensemble,WIS,41.9003043478261,-0.21999129239475199,12,8,0.9011783017905883
2024-11-06,ILI incidence,2024-11-10,2,PL,respicast,hubEnsemble,WIS,23.3144910787384,0.6257424926567824,12,5,0.9671315144760508
2024-11-06,ILI incidence,2024-11-10,2,PL,respicast,quantileBaseline,WIS,35.9743702173913,0.0,12,6,0.9222069427440973
2024-11-06,ILI incidence,2024-11-10,2,RO,ISI,FluBcast,WIS,0.597423251155045,-0.07617925330045597,9,9,0.0
2024-11-06,ILI incidence,2024-11-10,2,RO,ISI,RC_AdaptEns2,WIS,0.173808742482429,1.70507348305448,9,1,1.0
2024-11-06,ILI incidence,2024-11-10,2,RO,ItaLuxColab,EpiEKF,WIS,0.195753603068327,1.5335352715762967,9,2,0.9481961544361132
2024-11-06,ILI incidence,2024-11-10,2,RO,ItaLuxColab,EpiNetEKF,WIS,0.293339309196825,0.9500037200940379,9,5,0.7178317449774286
2024-11-06,ILI incidence,2024-11-10,2,RO,NotreDame,Rt_cocirc,WIS,0.378278260869565,0.5831262647112674,9,7,0.5173217295417114
2024-11-06,ILI incidence,2024-11-10,2,RO,QMUL,SEIR,WIS,0.197675883176044,1.5194372634492328,9,3,0.9436583492656991
2024-11-06,ILI incidence,2024-11-10,2,RO,RIVM,KFdlm,WIS,0.337693096966637,0.7468614453299681,9,6,0.6131285611587408
2024-11-06,ILI incidence,2024-11-10,2,RO,respicast,hubEnsemble,WIS,0.283799656993218,0.9977012880594954,9,4,0.7403513990693038
2024-11-06,ILI incidence,2024-11-10,2,RO,respicast,quantileBaseline,WIS,0.566695652173913,0.0,9,8,0.07253670106204821
2024-11-06,ILI incidence,2024-11-10,2,SI,ISI,FluBcast,WIS,8.50010889828521,-1.7797233675096578,9,8,0.8425354963394064
2024-11-06,ILI incidence,2024-11-10,2,SI,ItaLuxColab,EpiEKF,WIS,3.122057064456,-0.3347389501036829,9,4,0.9700030394693928
2024-11-06,ILI incidence,2024-11-10,2,SI,ItaLuxColab,EpiNetEKF,WIS,2.79613195240779,-0.17567448781559517,9,3,0.9777279321555926
2024-11-06,ILI incidence,2024-11-10,2,SI,NotreDame,Rt_cocirc,WIS,44.0479782608696,-4.153245941115412,9,9,0.0
2024-11-06,ILI incidence,2024-11-10,2,SI,QMUL,SEIR,WIS,7.58687210973371,-1.615747261927593,9,7,0.8641805182412677
2024-11-06,ILI incidence,2024-11-10,2,SI,RIVM,KFdlm,WIS,7.5802666106462,-1.6144906344839671,9,6,0.8643370780450494
2024-11-06,ILI incidence,2024-11-10,2,SI,fjordhest,ensemble,WIS,1.85643913043478,0.4152199444140967,9,1,1.0
2024-11-06,ILI incidence,2024-11-10,2,SI,respicast,hubEnsemble,WIS,5.68412290762129,-1.199179793469468,9,5,0.9092784037730112
2024-11-06,ILI incidence,2024-11-10,2,SI,respicast,quantileBaseline,WIS,2.47556521739131,0.0,9,2,0.9853258236196953
2024-11-06,ILI incidence,2024-11-17,3,AT,ItaLuxColab,EpiEKF,WIS,226.994956274298,1.545007783629765,5,2,0.9778737959346023
2024-11-06,ILI incidence,2024-11-17,3,AT,ItaLuxColab,EpiNetEKF,WIS,130.213437872361,2.346789684864318,5,1,1.0
2024-11-06,ILI incidence,2024-11-17,3,AT,NotreDame,Rt_cocirc,WIS,4504.28131304348,-2.7655570025788423,5,5,0.0
2024-11-06,ILI incidence,2024-11-17,3,AT,respicast,hubEnsemble,WIS,2095.9949175324,-1.6618952879838143,5,4,0.550582767400898
2024-11-06,ILI incidence,2024-11-17,3,AT,respicast,quantileBaseline,WIS,662.384092173913,0.0,5,3,0.878335071725257
2024-11-06,ILI incidence,2024-11-17,3,BE,ISI,FluBcast,WIS,36.4526155748885,0.662920338961993,13,1,1.0
2024-11-06,ILI incidence,2024-11-17,3,BE,ISI,RC_AdaptEns2,WIS,169.137178896706,-1.551179241027152,13,11,0.32794442866050083
2024-11-06,ILI incidence,2024-11-17,3,BE,ISI,SEIR_BRW,WIS,44.3729351306222,0.3792626884731494,13,2,0.9598830884998303
2024-11-06,ILI incidence,2024-11-17,3,BE,ItaLuxColab,EpiEKF,WIS,67.2274561968316,-0.22010788627560082,13,8,0.8441235168638402
2024-11-06,ILI incidence,2024-11-17,3,BE,ItaLuxColab,EpiNetEKF,WIS,85.3510946411374,-0.56446698161712,13,9,0.7523261601517679
2024-11-06,ILI incidence,2024-11-17,3,BE,NotreDame,Rt_cocirc,WIS,184.17605,-1.6740708878924324,13,12,0.25177161052255664
2024-11-06,ILI incidence,2024-11-17,3,BE,QMUL,ARIMA,WIS,57.7826731513332,-0.0016942730926947929,13,5,0.8919619308202914
2024-11-06,ILI incidence,2024-11-17,3,BE,QMUL,SEIR,WIS,233.883555783239,-2.0187758505502447,13,13,0.0
2024-11-06,ILI incidence,2024-11-17,3,BE,QMUL,SEIR_agumented,WIS,131.920254216947,-1.1926515043796913,13,10,0.5164504684964235
2024-11-06,ILI incidence,2024-11-17,3,BE,RIVM,KFdlm,WIS,64.2863947326345,-0.15557077018446958,13,7,0.8590201762278356
2024-11-06,ILI incidence,2024-11-17,3,BE,fjordhest,ensemble,WIS,56.5176260869565,0.030241805200977075,13,3,0.8983694729362417
2024-11-06,ILI incidence,2024-11-17,3,BE,respicast,hubEnsemble,WIS,61.9420220480996,-0.10197580487066865,13,6,0.8708945697857088
2024-11-06,ILI incidence,2024-11-17,3,BE,respicast,quantileBaseline,WIS,57.7148541304348,0.0,13,4,0.8923054383821094
2024-11-06,ILI incidence,2024-11-17,3,CH,ECDC,SARIMA,WIS,6.54949565483871,-0.021067213541369888,9,5,0.8604752271460281
2024-11-06,ILI incidence,2024-11-17,3,CH,ECDC,soca_simplex,WIS,2.92079989356524,1.1439530810661032,9,1,1.0
2024-11-06,ILI incidence,2024-11-17,3,CH,ISI,FluBcast,WIS,28.9283373870776,-2.1640949014186144,9,9,0.0
2024-11-06,ILI incidence,2024-11-17,3,CH,ISI,SEIR_BRW,WIS,23.1027250303243,-1.8396745240570265,9,8,0.2239970761632666
2024-11-06,ILI incidence,2024-11-17,3,CH,ItaLuxColab,EpiEKF,WIS,7.11044810889057,-0.13962388068655035,9,7,0.8389063856441447
2024-11-06,ILI incidence,2024-11-17,3,CH,ItaLuxColab,EpiNetEKF,WIS,6.22095996953822,0.053179379510603045,9,3,0.8731075528855351
2024-11-06,ILI incidence,2024-11-17,3,CH,RIVM,KFdlm,WIS,6.71361028121885,-0.05677218999251889,9,6,0.8541649555018527
2024-11-06,ILI incidence,2024-11-17,3,CH,respicast,hubEnsemble,WIS,4.90767036413153,0.3952782523197525,9,2,0.9236040524381858
2024-11-06,ILI incidence,2024-11-17,3,CH,respicast,quantileBaseline,WIS,6.45455038265669,0.0,9,4,0.8641259100376978
2024-11-06,ILI incidence,2024-11-17,3,CZ,ItaLuxColab,EpiEKF,WIS,8.25897492649069,-0.6814558271813991,7,4,0.826363268016266
2024-11-06,ILI incidence,2024-11-17,3,CZ,ItaLuxColab,EpiNetEKF,WIS,7.47597518755738,-0.5377548772609916,7,3,0.8508956674345747
2024-11-06,ILI incidence,2024-11-17,3,CZ,NotreDame,Rt_cocirc,WIS,34.6339826086957,-2.7496094858369116,7,7,0.0
2024-11-06,ILI incidence,2024-11-17,3,CZ,RIVM,KFdlm,WIS,30.285128911706,-2.556030743681187,7,6,0.13625523815842117
2024-11-06,ILI incidence,2024-11-17,3,CZ,fjordhest,ensemble,WIS,2.71701739130435,0.9224831034783748,7,1,1.0
2024-11-06,ILI incidence,2024-11-17,3,CZ,respicast,hubEnsemble,WIS,12.8493492755755,-1.3191164907453403,7,5,0.682540873944052
2024-11-06,ILI incidence,2024-11-17,3,CZ,respicast,quantileBaseline,WIS,5.14976608695652,0.0,7,2,0.9237788217306269
2024-11-06,ILI incidence,2024-11-17,3,DK,ItaLuxColab,EpiEKF,WIS,19.0591193866377,-0.16172040475251065,7,6,0.9521417746275685
2024-11-06,ILI incidence,2024-11-17,3,DK,ItaLuxColab,EpiNetEKF,WIS,12.5357599231975,0.4427116016925815,7,1,1.0
2024-11-06,ILI incidence,2024-11-17,3,DK,NotreDame,Rt_cocirc,WIS,148.841680434783,-3.12694562138722,7,7,0.0
2024-11-06,ILI incidence,2024-11-17,3,DK,RIVM,KFdlm,WIS,17.7597307595022,-0.05984865304116665,7,5,0.9616746593493665
2024-11-06,ILI incidence,2024-11-17,3,DK,fjordhest,ensemble,WIS,14.2347608695652,0.2593427999336513,7,2,0.9875353840831639
2024-11-06,ILI incidence,2024-11-17,3,DK,respicast,hubEnsemble,WIS,15.3681399634214,0.1488184939724022,7,3,0.9792204180890062
2024-11-06,ILI incidence,2024-11-17,3,DK,respicast,quantileBaseline,WIS,17.0380597826087,0.0,7,4,0.9669691540725956
2024-11-06,ILI incidence,2024-11-17,3,EE,ISI,FluBcast,WIS,71.1269070332607,-1.0675459102526224,9,6,0.8119227332297924
2024-11-06,ILI incidence,2024-11-17,3,EE,ISI,RC_AdaptEns2,WIS,82.7843574415884,-1.2865086695441768,9,8,0.7660129491261795
2024-11-06,ILI incidence,2024-11-17,3,EE,ItaLuxColab,EpiEKF,WIS,36.0401520971914,-0.0867555808564619,9,3,0.950102634287797
2024-11-06,ILI incidence,2024-11-17,3,EE,ItaLuxColab,EpiNetEKF,WIS,23.3701716637521,0.5381811874288696,9,1,1.0
2024-11-06,ILI incidence,2024-11-17,3,EE,NotreDame,Rt_cocirc,WIS,277.291,-3.0304793678574007,9,9,0.0
2024-11-06,ILI incidence,2024-11-17,3,EE,QMUL,SEIR,WIS,81.7863165371231,-1.2690099708874327,9,7,0.7699434691666374
2024-11-06,ILI incidence,2024-11-17,3,EE,RIVM,KFdlm,WIS,45.0421713701517,-0.408426859014241,9,4,0.9146505631365497
2024-11-06,ILI incidence,2024-11-17,3,EE,respicast,hubEnsemble,WIS,69.3072863566206,-1.0301575137730132,9,5,0.819088827829289
2024-11-06,ILI incidence,2024-11-17,3,EE,respicast,quantileBaseline,WIS,33.9367760869565,0.0,9,2,0.9583862241926374
2024-11-06,ILI incidence,2024-11-17,3,FR,ItaLuxColab,EpiEKF,WIS,20.8955282716555,0.09632544541999007,7,2,0.9927333393631227
2024-11-06,ILI incidence,2024-11-17,3,FR,ItaLuxColab,EpiNetEKF,WIS,34.8227270559209,-0.6405095103846936,7,4,0.9618023151161684
2024-11-06,ILI incidence,2024-11-17,3,FR,NotreDame,Rt_cocirc,WIS,467.889926086957,-4.3885775838168986,7,7,0.0
2024-11-06,ILI incidence,2024-11-17,3,FR,RIVM,KFdlm,WIS,107.836208837879,-2.27125009892658,7,6,0.799646104787372
2024-11-06,ILI incidence,2024-11-17,3,FR,fjordhest,ensemble,WIS,17.6235956521739,0.3420113781426377,7,1,1.0
2024-11-06,ILI incidence,2024-11-17,3,FR,respicast,hubEnsemble,WIS,67.8129730728314,-1.6020416187931867,7,5,0.8885340208045447
2024-11-06,ILI incidence,2024-11-17,3,FR,respicast,quantileBaseline,WIS,22.3383043478261,0.0,7,3,0.9895290667390128
2024-11-06,ILI incidence,2024-11-17,3,GB-ENG,ECDC,SARIMA,WIS,0.238710558414399,0.5205469628119073,8,1,1.0
2024-11-06,ILI incidence,2024-11-17,3,GB-ENG,ECDC,soca_simplex,WIS,0.480951874290562,-0.4900831976238446,8,6,0.7258927263636505
2024-11-06,ILI incidence,2024-11-17,3,GB-ENG,ISI,FluBcast,WIS,1.12245695690486,-1.7127788750478965,8,8,0.0
2024-11-06,ILI incidence,2024-11-17,3,GB-ENG,ISI,SEIR_BRW,WIS,0.239109960683579,0.5181351124026595,8,2,0.999548057825342
2024-11-06,ILI incidence,2024-11-17,3,GB-ENG,ItaLuxColab,EpiEKF,WIS,0.3627196771093,-0.0830456693804562,8,4,0.8596779359930377
2024-11-06,ILI incidence,2024-11-17,3,GB-ENG,RIVM,KFdlm,WIS,0.661270938081489,-0.9494321560360148,8,7,0.5218533502497198
2024-11-06,ILI incidence,2024-11-17,3,GB-ENG,respicast,hubEnsemble,WIS,0.382074588936747,-0.15804496741501042,8,5,0.8377769564128013
2024-11-06,ILI incidence,2024-11-17,3,GB-ENG,respicast,quantileBaseline,WIS,0.34243005743423,0.0,8,3,0.8826365808143652
2024-11-06,ILI incidence,2024-11-17,3,GB-NIR,ECDC,SARIMA,WIS,0.539935736868931,0.07199113921097244,9,5,0.505297312316039
2024-11-06,ILI incidence,2024-11-17,3,GB-NIR,ECDC,soca_simplex,WIS,0.462047190205256,0.29673864144499895,9,4,0.6038299164090185
2024-11-06,ILI incidence,2024-11-17,3,GB-NIR,ISI,FluBcast,WIS,0.939365688524513,-0.7269080511699078,9,9,0.0
2024-11-06,ILI incidence,2024-11-17,3,GB-NIR,ISI,SEIR_BRW,WIS,0.148880677185767,1.9306223245527945,9,1,1.0
2024-11-06,ILI incidence,2024-11-17,3,GB-NIR,ItaLuxColab,EpiEKF,WIS,0.814899000437667,-0.5218424138697181,9,8,0.1574561013826843
2024-11-06,ILI incidence,2024-11-17,3,GB-NIR,QMUL,ARIMA,WIS,0.337859354631782,0.7483560462591778,9,3,0.7609332565003789
2024-11-06,ILI incidence,2024-11-17,3,GB-NIR,RIVM,KFdlm,WIS,0.760857360345163,-0.422847166571666,9,7,0.22582126873858444
2024-11-06,ILI incidence,2024-11-17,3,GB-NIR,respicast,hubEnsemble,WIS,0.262930840847691,1.1100954723430347,9,2,0.8557212824709081
2024-11-06,ILI incidence,2024-11-17,3,GB-NIR,respicast,quantileBaseline,WIS,0.567562333362329,0.0,9,6,0.47034839349136676
2024-11-06,ILI incidence,2024-11-17,3,GB-SCT,ISI,FluBcast,WIS,4.18046843227803,-1.606610240119268,6,6,0.0
2024-11-06,ILI incidence,2024-11-17,3,GB-SCT,ISI,SEIR_BRW,WIS,1.52163205968431,-0.14856517922217338,6,4,0.9404424054138063
2024-11-06,ILI incidence,2024-11-17,3,GB-SCT,ItaLuxColab,EpiEKF,WIS,1.35324971342007,0.02062628641704277,6,1,1.0
2024-11-06,ILI incidence,2024-11-17,3,GB-SCT,RIVM,KFdlm,WIS,1.68833187471736,-0.29854415295737996,6,5,0.8814799297053875
2024-11-06,ILI incidence,2024-11-17,3,GB-SCT,respicast,hubEnsemble,WIS,1.4961628536246,-0.1242128486103055,6,3,0.9494509783585972
2024-11-06,ILI incidence,2024-11-17,3,GB-SCT,respicast,quantileBaseline,WIS,1.37273616277976,0.0,6,2,0.993107555057657
2024-11-06,ILI incidence,2024-11-17,3,GR,ISI,FluBcast,WIS,28.4879605976393,1.3364289488573557,12,1,1.0
2024-11-06,ILI incidence,2024-11-17,3,GR,ISI,RC_AdaptEns2,WIS,223.504555446009,-1.6354510372047684,12,10,0.7842475695049301
2024-11-06,ILI incidence,2024-11-17,3,GR,ItaLuxColab,EpiEKF,WIS,91.3834489943549,-0.3451515995263772,12,9,0.9304169242657695
2024-11-06,ILI incidence,2024-11-17,3,GR,ItaLuxColab,EpiNetEKF,WIS,54.0335910890108,0.41292472714141215,12,4,0.971738139150016
2024-11-06,ILI incidence,2024-11-17,3,GR,NotreDame,Rt_cocirc,WIS,932.378565217391,-3.6960626388584257,12,12,0.0
2024-11-06,ILI incidence,2024-11-17,3,GR,QMUL,ARIMA,WIS,30.9218284173555,1.2181556654547294,12,2,0.9973073424955666
2024-11-06,ILI incidence,2024-11-17,3,GR,QMUL,SEIR,WIS,286.497126775354,-1.9936674711833886,12,11,0.7145570881486772
2024-11-06,ILI incidence,2024-11-17,3,GR,QMUL,SEIR_agumented,WIS,55.0984165691133,0.384770435354897,12,5,0.970560092299368
2024-11-06,ILI incidence,2024-11-17,3,GR,RIVM,KFdlm,WIS,74.9356389382337,-0.058870724715976215,12,8,0.9486136064439634
2024-11-06,ILI incidence,2024-11-17,3,GR,fjordhest,ensemble,WIS,66.6238304347826,0.11074299231543208,12,6,0.9578091976592829
2024-11-06,ILI incidence,2024-11-17,3,GR,respicast,hubEnsemble,WIS,48.6469127893386,0.5644330420638105,12,3,0.9776975752500717
2024-11-06,ILI incidence,2024-11-17,3,GR,respicast,quantileBaseline,WIS,71.9393584782608,0.0,12,7,0.9519284771204137
2024-11-06,ILI incidence,2024-11-17,3,HU,ISI,FluBcast,WIS,55.2498213926273,-0.8728114649449504,11,7,0.8446855811948297
2024-11-06,ILI incidence,2024-11-17,3,HU,ISI,RC_AdaptEns2,WIS,56.35920270053,-0.9014928666148072,11,8,0.8401110718058536
2024-11-06,ILI incidence,2024-11-17,3,HU,ItaLuxColab,EpiEKF,WIS,32.2781491091689,-0.09739951836025376,11,4,0.939408765903814
2024-11-06,ILI incidence,2024-11-17,3,HU,ItaLuxColab,EpiNetEKF,WIS,26.0710688216249,0.21070860625244311,11,2,0.9650035247583492
2024-11-06,ILI incidence,2024-11-17,3,HU,NotreDame,Rt_cocirc,WIS,260.097667391304,-3.107823220111103,11,11,0.0
2024-11-06,ILI incidence,2024-11-17,3,HU,QMUL,ARIMA,WIS,17.5839432800032,0.7788996979838037,11,1,1.0
2024-11-06,ILI incidence,2024-11-17,3,HU,QMUL,SEIR,WIS,127.915037203686,-2.083955631067311,11,10,0.5450521642517571
2024-11-06,ILI incidence,2024-11-17,3,HU,QMUL,SEIR_agumented,WIS,43.5078898221566,-0.5281187106342895,11,6,0.8931031774092271
2024-11-06,ILI incidence,2024-11-17,3,HU,RIVM,KFdlm,WIS,105.570865323816,-1.806981504340969,11,9,0.6371878648672621
2024-11-06,ILI incidence,2024-11-17,3,HU,respicast,hubEnsemble,WIS,42.241079846655,-0.4854883803434964,11,5,0.8983268404416754
2024-11-06,ILI incidence,2024-11-17,3,HU,respicast,quantileBaseline,WIS,30.1709126086957,0.0,11,3,0.9480979092015603
2024-11-06,ILI incidence,2024-11-17,3,IE,ISI,FluBcast,WIS,6.41086629580004,-2.3490882596710967,11,10,0.5308738773757442
2024-11-06,ILI incidence,2024-11-17,3,IE,ISI,RC_AdaptEns2,WIS,2.4539589325705,-0.9636800447504451,11,6,0.890687872108313
2024-11-06,ILI incidence,2024-11-17,3,IE,ISI,SEIR_BRW,WIS,3.87633688881694,-1.6232628987797342,11,9,0.7613465842094562
2024-11-06,ILI incidence,2024-11-17,3,IE,ItaLuxColab,EpiEKF,WIS,3.10749892616898,-1.3043228320384443,11,8,0.8312594310992115
2024-11-06,ILI incidence,2024-11-17,3,IE,ItaLuxColab,EpiNetEKF,WIS,2.70742240684593,-1.105488930923942,11,7,0.8676396435737428
2024-11-06,ILI incidence,2024-11-17,3,IE,NotreDame,Rt_cocirc,WIS,2.10943695652174,-0.7454269105394005,11,4,0.9220163357532356
2024-11-06,ILI incidence,2024-11-17,3,IE,QMUL,SEIR,WIS,12.2489348119943,-3.283153329678866,11,11,0.0
2024-11-06,ILI incidence,2024-11-17,3,IE,RIVM,KFdlm,WIS,1.38073970445371,-0.13401030923011328,11,3,0.9882790619554598
2024-11-06,ILI incidence,2024-11-17,3,IE,fjordhest,ensemble,WIS,1.25184347826087,0.007376871634963754,11,1,1.0
2024-11-06,ILI incidence,2024-11-17,3,IE,respicast,hubEnsemble,WIS,2.36734272545224,-0.9118375226507028,11,5,0.8985641554353931
2024-11-06,ILI incidence,2024-11-17,3,IE,respicast,quantileBaseline,WIS,1.25826086956522,0.0,11,2,0.9994164464848387
2024-11-06,ILI incidence,2024-11-17,3,IS,respicast,quantileBaseline,WIS,0.977782608695652,0.0,1,1,0.0
2024-11-06,ILI incidence,2024-11-17,3,IT,respicast,quantileBaseline,WIS,182.688030652174,0.0,1,1,0.0
2024-11-06,ILI incidence,2024-11-17,3,LT,ItaLuxColab,EpiEKF,WIS,2.79671320654799,0.7070491375344724,7,2,0.9983015110211405
2024-11-06,ILI incidence,2024-11-17,3,LT,ItaLuxColab,EpiNetEKF,WIS,2.15583893116109,1.0825320611713714,7,1,1.0
2024-11-06,ILI incidence,2024-11-17,3,LT,NotreDame,Rt_cocirc,WIS,379.476082608696,-6.377083693510478,7,7,0.0
2024-11-06,ILI incidence,2024-11-17,3,LT,RIVM,KFdlm,WIS,3.31161655219665,0.4632458207390445,7,4,0.9969368788438945
2024-11-06,ILI incidence,2024-11-17,3,LT,fjordhest,ensemble,WIS,3.46696086956522,0.39710990203791713,7,5,0.9965251746748985
2024-11-06,ILI incidence,2024-11-17,3,LT,respicast,hubEnsemble,WIS,3.16202038677899,0.5299347861072194,7,3,0.9973333488661749
2024-11-06,ILI incidence,2024-11-17,3,LT,respicast,quantileBaseline,WIS,4.56552717391304,0.0,7,6,0.9936136788758906
2024-11-06,ILI incidence,2024-11-17,3,LU,ItaLuxColab,EpiEKF,WIS,1247.07180577004,-0.1409178778856859,8,6,0.9995144496077781
2024-11-06,ILI incidence,2024-11-17,3,LU,ItaLuxColab,EpiNetEKF,WIS,969.795039020588,0.2218748805616408,8,4,0.9996711238024332
2024-11-06,ILI incidence,2024-11-17,3,LU,NotreDame,Rt_cocirc,WIS,3759.5773,-1.7329438053706736,8,7,0.9980947678238004
2024-11-06,ILI incidence,2024-11-17,3,LU,QMUL,ARIMA,WIS,387.760908109199,1.5443873879060521,8,1,1.0
2024-11-06,ILI incidence,2024-11-17,3,LU,RIVM,KFdlm,WIS,1770154.42452631,-10.612032848791557,8,8,0.0
2024-11-06,ILI incidence,2024-11-17,3,LU,fjordhest,ensemble,WIS,792.725547826087,0.5127332821409049,8,3,0.9997711762527558
2024-11-06,ILI incidence,2024-11-17,3,LU,respicast,hubEnsemble,WIS,488.779302309584,1.210371559666842,8,2,0.9999429199361266
2024-11-06,ILI incidence,2024-11-17,3,LU,respicast,quantileBaseline,WIS,1131.02173913043,0.0,8,5,0.9995800232616532
2024-11-06,ILI incidence,2024-11-17,3,LV,ItaLuxColab,EpiEKF,WIS,417.580600570085,1.9589828018878261,6,4,0.7511525000470723
2024-11-06,ILI incidence,2024-11-17,3,LV,ItaLuxColab,EpiNetEKF,WIS,620.681607344603,1.3871840972794396,6,5,0.624643595303765
2024-11-06,ILI incidence,2024-11-17,3,LV,NotreDame,Rt_cocirc,WIS,166.107154347826,3.288923279963366,6,3,0.9077919513173576
2024-11-06,ILI incidence,2024-11-17,3,LV,RIVM,KFdlm,WIS,18.0737209847159,6.489072031137718,6,1,1.0
2024-11-06,ILI incidence,2024-11-17,3,LV,respicast,hubEnsemble,WIS,119.589547040356,3.7629461990076836,6,2,0.9367671476751024
2024-11-06,ILI incidence,2024-11-17,3,LV,respicast,quantileBaseline,WIS,1623.50226521739,0.0,6,6,0.0
2024-11-06,ILI incidence,2024-11-17,3,MT,ItaLuxColab,EpiEKF,WIS,1114.16385190822,-0.3009337193942178,6,5,0.6663382903576456
2024-11-06,ILI incidence,2024-11-17,3,MT,ItaLuxColab,EpiNetEKF,WIS,907.757925118201,-0.005351830075627223,6,4,0.8170402135122727
2024-11-06,ILI incidence,2024-11-17,3,MT,NotreDame,Rt_cocirc,WIS,2026.80099347826,-1.1641767456725463,6,6,0.0
2024-11-06,ILI incidence,2024-11-17,3,MT,RIVM,KFdlm,WIS,657.170649887773,0.4606877413006576,6,1,1.0
2024-11-06,ILI incidence,2024-11-17,3,MT,respicast,hubEnsemble,WIS,688.424073592854,0.39365824230006785,6,2,0.9771811249280954
2024-11-06,ILI incidence,2024-11-17,3,MT,respicast,quantileBaseline,WIS,904.396739130435,0.0,6,3,0.8194942961072558
2024-11-06,ILI incidence,2024-11-17,3,NL,ISI,FluBcast,WIS,3.9179530750477,-0.24772600004901044,11,4,0.95362321396535
2024-11-06,ILI incidence,2024-11-17,3,NL,ISI,RC_AdaptEns2,WIS,5.05862717562993,-0.6163717967887163,11,8,0.9088817939632434
2024-11-06,ILI incidence,2024-11-17,3,NL,ISI,SEIR_BRW,WIS,24.7860399550545,-2.9090817679007093,11,9,0.135100342917199
2024-11-06,ILI incidence,2024-11-17,3,NL,ItaLuxColab,EpiEKF,WIS,4.11229987091577,-0.3175713517566001,11,5,0.9460002201448025
2024-11-06,ILI incidence,2024-11-17,3,NL,ItaLuxColab,EpiNetEKF,WIS,4.66829157997977,-0.5005205554860722,11,6,0.9241921870175278
2024-11-06,ILI incidence,2024-11-17,3,NL,NotreDame,Rt_cocirc,WIS,28.230397826087,-3.0968034358081247,11,11,0.0
2024-11-06,ILI incidence,2024-11-17,3,NL,QMUL,SEIR,WIS,26.2179163607015,-2.990107009805229,11,10,0.07893690094594773
2024-11-06,ILI incidence,2024-11-17,3,NL,RIVM,KFdlm,WIS,2.73558562458506,0.2705244054581461,11,1,1.0
2024-11-06,ILI incidence,2024-11-17,3,NL,fjordhest,ensemble,WIS,3.04024782608696,0.11818518875435687,11,2,0.9880500315478318
2024-11-06,ILI incidence,2024-11-17,3,NL,respicast,hubEnsemble,WIS,4.83596989359558,-0.5514311444566653,11,7,0.9176152288391132
2024-11-06,ILI incidence,2024-11-17,3,NL,respicast,quantileBaseline,WIS,3.2997897826087,0.0,11,3,0.9778698445172151
2024-11-06,ILI incidence,2024-11-17,3,NO,ISI,FluBcast,WIS,1.4342680911799,1.1131291308767628,11,2,0.9862361083357715
2024-11-06,ILI incidence,2024-11-17,3,NO,ISI,RC_AdaptEns2,WIS,1.07933381609081,1.5233027162560624,11,1,1.0
2024-11-06,ILI incidence,2024-11-17,3,NO,ISI,SEIR_BRW,WIS,5.46597124699354,-0.8170340243230159,11,10,0.829891879689443
2024-11-06,ILI incidence,2024-11-17,3,NO,ItaLuxColab,EpiEKF,WIS,4.46787433635814,-0.5261447626290097,11,9,0.8685967856750334
2024-11-06,ILI incidence,2024-11-17,3,NO,ItaLuxColab,EpiNetEKF,WIS,2.57244490356309,0.2703036685416638,11,5,0.9420990851180302
2024-11-06,ILI incidence,2024-11-17,3,NO,NotreDame,Rt_cocirc,WIS,26.8666826086957,-3.1143024425246026,11,11,0.0
2024-11-06,ILI incidence,2024-11-17,3,NO,QMUL,ARIMA,WIS,1.98264208351665,0.6460195879204457,11,3,0.964970874877805
2024-11-06,ILI incidence,2024-11-17,3,NO,RIVM,KFdlm,WIS,3.3520288955058,-0.11159073910483759,11,8,0.9118678272166257
2024-11-06,ILI incidence,2024-11-17,3,NO,fjordhest,ensemble,WIS,2.71372173913044,0.19317104985348307,11,6,0.9366205523419947
2024-11-06,ILI incidence,2024-11-17,3,NO,respicast,hubEnsemble,WIS,2.02013233295056,0.6189940436569101,11,4,0.9635170515423616
2024-11-06,ILI incidence,2024-11-17,3,NO,respicast,quantileBaseline,WIS,3.10252717391304,0.0,11,7,0.9215431809569185
2024-11-06,ILI incidence,2024-11-17,3,PL,ISI,FluBcast,WIS,17.4374798054721,1.2910899153447253,12,1,1.0
2024-11-06,ILI incidence,2024-11-17,3,PL,ISI,RC_AdaptEns2,WIS,33.4180662413129,0.35265320818346374,12,5,0.958756665651251
2024-11-06,ILI incidence,2024-11-17,3,PL,ItaLuxColab,EpiEKF,WIS,45.8781087294037,-0.10452445770102545,12,7,0.9265992914272736
2024-11-06,ILI incidence,2024-11-17,3,PL,ItaLuxColab,EpiNetEKF,WIS,23.3368604593689,0.8706709751789067,12,3,0.9847746433001032
2024-11-06,ILI incidence,2024-11-17,3,PL,NotreDame,Rt_cocirc,WIS,404.908247826087,-3.2462416638597467,12,12,0.0
2024-11-06,ILI incidence,2024-11-17,3,PL,QMUL,ARIMA,WIS,20.0301487213137,1.0911083284692091,12,2,0.9933087367362287
2024-11-06,ILI incidence,2024-11-17,3,PL,QMUL,SEIR,WIS,136.765857311701,-1.6803547493330777,12,10,0.6920325677319734
2024-11-06,ILI incidence,2024-11-17,3,PL,QMUL,SEIR_agumented,WIS,65.0899108916552,-0.6091524776856684,12,9,0.8770167067579978
2024-11-06,ILI incidence,2024-11-17,3,PL,RIVM,KFdlm,WIS,252.043524615039,-2.5623195231737528,12,11,0.39451936978872953
2024-11-06,ILI incidence,2024-11-17,3,PL,fjordhest,ensemble,WIS,51.1379043478261,-0.26111157807256835,12,8,0.9130246012763444
2024-11-06,ILI incidence,2024-11-17,3,PL,respicast,hubEnsemble,WIS,30.5354813731527,0.48279487292357326,12,4,0.9661961555588013
2024-11-06,ILI incidence,2024-11-17,3,PL,respicast,quantileBaseline,WIS,42.6717554347826,0.0,12,6,0.9348743757929942
2024-11-06,ILI incidence,2024-11-17,3,RO,ISI,FluBcast,WIS,2.44003017214959,-1.0183864816464148,9,9,0.0
2024-11-06,ILI incidence,2024-11-17,3,RO,ISI,RC_AdaptEns2,WIS,1.02094335753206,0.23860967890631551,9,3,0.6790702203439609
2024-11-06,ILI incidence,2024-11-17,3,RO,ItaLuxColab,EpiEKF,WIS,0.717442121718679,0.7475781509604034,9,2,0.8243035133007447
2024-11-06,ILI incidence,2024-11-17,3,RO,ItaLuxColab,EpiNetEKF,WIS,1.83764463993043,-0.6093453022256852,9,8,0.28825725944492603
2024-11-06,ILI incidence,2024-11-17,3,RO,NotreDame,Rt_cocirc,WIS,0.350280434782609,1.7819301933511849,9,1,1.0
2024-11-06,ILI incidence,2024-11-17,3,RO,QMUL,SEIR,WIS,1.52473005625485,-0.3400413394430665,9,6,0.4379950859800032
2024-11-06,ILI incidence,2024-11-17,3,RO,RIVM,KFdlm,WIS,1.57862858375079,-0.3901592711454442,9,7,0.41220322845171825
2024-11-06,ILI incidence,2024-11-17,3,RO,respicast,hubEnsemble,WIS,1.50628910133176,-0.32248618646841315,9,5,0.4468195660568975
2024-11-06,ILI incidence,2024-11-17,3,RO,respicast,quantileBaseline,WIS,1.2045652173913,0.0,9,4,0.5912023495765273
2024-11-06,ILI incidence,2024-11-17,3,SI,ISI,FluBcast,WIS,12.4969714653588,-2.060970710185979,9,8,0.8884396250224578
2024-11-06,ILI incidence,2024-11-17,3,SI,ItaLuxColab,EpiEKF,WIS,3.65990299677687,-0.2892695142862562,9,4,0.9837012699559813
2024-11-06,ILI incidence,2024-11-17,3,SI,ItaLuxColab,EpiNetEKF,WIS,3.08710499534443,-0.043718654117235696,9,3,0.989875905812327
2024-11-06,ILI incidence,2024-11-17,3,SI,NotreDame,Rt_cocirc,WIS,94.9142108695652,-4.986016306293382,9,9,0.0
2024-11-06,ILI incidence,2024-11-17,3,SI,QMUL,SEIR,WIS,10.5326322300215,-1.8142582258690318,9,7,0.9096147678235996
2024-11-06,ILI incidence,2024-11-17,3,SI,RIVM,KFdlm,WIS,10.3269043737468,-1.7858000498794815,9,6,0.9118324686445282
2024-11-06,ILI incidence,2024-11-17,3,SI,fjordhest,ensemble,WIS,2.14793043478261,0.47958862770039773,9,1,1.0
2024-11-06,ILI incidence,2024-11-17,3,SI,respicast,hubEnsemble,WIS,7.54220506634119,-1.3324504796167806,9,5,0.9418509117076121
2024-11-06,ILI incidence,2024-11-17,3,SI,respicast,quantileBaseline,WIS,2.99495826086957,0.0,9,2,0.9908692272438104
2024-11-13,ILI incidence,2024-11-10,1,AT,ECDC,soca_simplex,WIS,482.489157713691,-1.1585182810568777,9,7,0.8587605793889593
2024-11-13,ILI incidence,2024-11-10,1,AT,ISI,FluABCaster,WIS,108.219971835955,0.9980114710988193,9,1,1.0
2024-11-13,ILI incidence,2024-11-10,1,AT,ISI,SEIR_BRW,WIS,116.362545888685,0.8933514755446733,9,2,0.9969272051109604
2024-11-13,ILI incidence,2024-11-10,1,AT,ItaLuxColab,EpiEKF,WIS,207.200601080778,0.06095005384119275,9,4,0.9626472943705765
2024-11-13,ILI incidence,2024-11-10,1,AT,ItaLuxColab,EpiNetEKF,WIS,222.228072985399,-0.04006283477343536,9,6,0.9569763187595874
2024-11-13,ILI incidence,2024-11-10,1,AT,NotreDame,Rt_cocirc,WIS,2758.11179565217,-3.6736307881882504,9,9,0.0
2024-11-13,ILI incidence,2024-11-10,1,AT,RIVM,KFdlm,WIS,488.805966571547,-1.1772836533343667,9,8,0.8563767806236351
2024-11-13,ILI incidence,2024-11-10,1,AT,respicast,hubEnsemble,WIS,159.485514026109,0.438552851260353,9,3,0.980653722642789
2024-11-13,ILI incidence,2024-11-10,1,AT,respicast,quantileBaseline,WIS,216.141820652174,0.0,9,5,0.9592731115110968
2024-11-13,ILI incidence,2024-11-10,1,BE,ECDC,SARIMA,WIS,26.6561798192754,0.12869657763286846,16,7,0.8502762435410818
2024-11-13,ILI incidence,2024-11-10,1,BE,ECDC,soca_simplex,WIS,25.8409516475392,0.17350741442570328,16,6,0.8571858297052568
2024-11-13,ILI incidence,2024-11-10,1,BE,ISI,FluABCaster,WIS,13.0633444115471,1.1576423200433503,16,2,0.9654843174538417
2024-11-13,ILI incidence,2024-11-10,1,BE,ISI,GLEAM,WIS,42.3940434782609,-0.5406949592527499,16,10,0.7168876674811911
2024-11-13,ILI incidence,2024-11-10,1,BE,ISI,LSTFlu,WIS,89.9767152049081,-1.6263850834443598,16,15,0.3135937411725281
2024-11-13,ILI incidence,2024-11-10,1,BE,ISI,RC_AdaptEns2,WIS,42.5442215626716,-0.5457965799014767,16,11,0.71561481105868
2024-11-13,ILI incidence,2024-11-10,1,BE,ISI,SEIR_BRW,WIS,8.99100836858363,1.6966117832163725,16,1,1.0
2024-11-13,ILI incidence,2024-11-10,1,BE,ItaLuxColab,EpiEKF,WIS,42.1649777198958,-0.5328785763919112,16,9,0.7188291479765412
2024-11-13,ILI incidence,2024-11-10,1,BE,ItaLuxColab,EpiNetEKF,WIS,44.7800329756661,-0.6196889748570521,16,12,0.6966648628840105
2024-11-13,ILI incidence,2024-11-10,1,BE,NotreDame,Rt_cocirc,WIS,126.976102173913,-2.1233184760087163,16,16,0.0
2024-11-13,ILI incidence,2024-11-10,1,BE,QMUL,SEIR,WIS,63.8247862761323,-1.1309501859044149,16,14,0.5352482577331151
2024-11-13,ILI incidence,2024-11-10,1,BE,QMUL,SEIR_agumented,WIS,62.4315818466978,-1.0991094045077727,16,13,0.5470565666007864
2024-11-13,ILI incidence,2024-11-10,1,BE,RIVM,KFdlm,WIS,13.7251500729832,1.086344691748463,16,3,0.9598750863205593
2024-11-13,ILI incidence,2024-11-10,1,BE,fjordhest,ensemble,WIS,20.787547826087,0.4874470329861576,16,4,0.9000166963721097
2024-11-13,ILI incidence,2024-11-10,1,BE,respicast,hubEnsemble,WIS,21.762769371225,0.42130446060958293,16,5,0.8917510628612606
2024-11-13,ILI incidence,2024-11-10,1,BE,respicast,quantileBaseline,WIS,29.143347826087,0.0,16,8,0.8291958856196368
2024-11-13,ILI incidence,2024-11-10,1,CH,ECDC,SARIMA,WIS,1.47559164882432,0.7503085589543306,11,1,1.0
2024-11-13,ILI incidence,2024-11-10,1,CH,ECDC,soca_simplex,WIS,1.96407126061436,0.33775481353037745,11,3,0.985786833761014
2024-11-13,ILI incidence,2024-11-10,1,CH,ISI,FluABCaster,WIS,7.46836299024318,-1.5891899614908926,11,9,0.8256298661152138
2024-11-13,ILI incidence,2024-11-10,1,CH,ISI,FluBcast,WIS,9.77825157479734,-1.9779744353459,11,10,0.7584196291812803
2024-11-13,ILI incidence,2024-11-10,1,CH,ISI,GLEAM,WIS,35.8436982041507,-3.8520455031274348,11,11,0.0
2024-11-13,ILI incidence,2024-11-10,1,CH,ISI,SEIR_BRW,WIS,1.85155214913801,0.42286690440550706,11,2,0.9890607735486253
2024-11-13,ILI incidence,2024-11-10,1,CH,ItaLuxColab,EpiEKF,WIS,5.18161495605075,-1.0617997252229785,11,8,0.8921667883780443
2024-11-13,ILI incidence,2024-11-10,1,CH,ItaLuxColab,EpiNetEKF,WIS,2.80887946312147,-0.1783926275840728,11,6,0.9612056657194425
2024-11-13,ILI incidence,2024-11-10,1,CH,RIVM,KFdlm,WIS,4.02937525073721,-0.6989540800223382,11,7,0.925693212170366
2024-11-13,ILI incidence,2024-11-10,1,CH,respicast,hubEnsemble,WIS,2.43885115760603,0.025400374575072306,11,4,0.9719722846171046
2024-11-13,ILI incidence,2024-11-10,1,CH,respicast,quantileBaseline,WIS,2.48217027754177,0.0,11,5,0.9707118392717666
2024-11-13,ILI incidence,2024-11-10,1,CZ,ECDC,SARIMA,WIS,2.09098125779839,-0.5630234872225817,15,12,0.9137358832090424
2024-11-13,ILI incidence,2024-11-10,1,CZ,ECDC,soca_simplex,WIS,0.858684962894042,0.7209558104357136,15,5,0.9691537460356886
2024-11-13,ILI incidence,2024-11-10,1,CZ,ISI,FluABCaster,WIS,1.0499010508774,0.430903277521157,15,6,0.9605545260445808
2024-11-13,ILI incidence,2024-11-10,1,CZ,ISI,FluBcast,WIS,0.23605564934296,2.5839577279720016,15,2,0.9971541433694331
2024-11-13,ILI incidence,2024-11-10,1,CZ,ISI,GLEAM,WIS,0.172773913043478,3.0341993353710923,15,1,1.0
2024-11-13,ILI incidence,2024-11-10,1,CZ,ISI,RC_AdaptEns2,WIS,1.21093246771484,0.2250382335156884,15,8,0.9533127474187914
2024-11-13,ILI incidence,2024-11-10,1,CZ,ISI,SEIR_BRW,WIS,0.383460924270481,1.884005167665785,15,3,0.9905251489144172
2024-11-13,ILI incidence,2024-11-10,1,CZ,ItaLuxColab,EpiEKF,WIS,1.78844322619408,-0.33754767758858717,15,11,0.927341386369784
2024-11-13,ILI incidence,2024-11-10,1,CZ,ItaLuxColab,EpiNetEKF,WIS,1.19306152467808,0.24648820046381775,15,7,0.9541164254578225
2024-11-13,ILI incidence,2024-11-10,1,CZ,NotreDame,Rt_cocirc,WIS,22.4092195652174,-3.984863857206457,15,15,0.0
2024-11-13,ILI incidence,2024-11-10,1,CZ,QMUL,SEIR,WIS,9.23431666916822,-2.705848563689368,15,14,0.5924914036232742
2024-11-13,ILI incidence,2024-11-10,1,CZ,RIVM,KFdlm,WIS,2.40090274679449,-0.7624203222222593,15,13,0.8997983369912727
2024-11-13,ILI incidence,2024-11-10,1,CZ,fjordhest,ensemble,WIS,1.39414782608696,0.021773100353845488,15,9,0.9450733299670095
2024-11-13,ILI incidence,2024-11-10,1,CZ,respicast,hubEnsemble,WIS,0.617189513943511,1.1973711875537651,15,4,0.9800140900280713
2024-11-13,ILI incidence,2024-11-10,1,CZ,respicast,quantileBaseline,WIS,1.41534782608696,0.0,15,10,0.9441199401882826
2024-11-13,ILI incidence,2024-11-10,1,DK,ECDC,SARIMA,WIS,6.25969638913982,0.3350769684896194,17,5,0.8927263507410562
2024-11-13,ILI incidence,2024-11-10,1,DK,ECDC,soca_simplex,WIS,2.61565933158127,1.59399499930273,17,1,1.0
2024-11-13,ILI incidence,2024-11-10,1,DK,ISI,FluABCaster,WIS,26.1592408122456,-1.7280791137086455,17,15,0.30692090608203976
2024-11-13,ILI incidence,2024-11-10,1,DK,ISI,FluBcast,WIS,11.2003512264108,-0.5043024156144599,17,12,0.7472826942273091
2024-11-13,ILI incidence,2024-11-10,1,DK,ISI,GLEAM,WIS,28.3694695652174,-1.8450976180899559,17,16,0.24185589705955118
2024-11-13,ILI incidence,2024-11-10,1,DK,ISI,RC_AdaptEns2,WIS,7.37608689331169,0.09831400163964166,17,6,0.859861898078002
2024-11-13,ILI incidence,2024-11-10,1,DK,ISI,SEIR_BRW,WIS,3.89468423279593,1.0196632886189734,17,2,0.9623478942504821
2024-11-13,ILI incidence,2024-11-10,1,DK,ItaLuxColab,EpiEKF,WIS,9.68703660250539,-0.29488573986922223,17,10,0.7918318521033336
2024-11-13,ILI incidence,2024-11-10,1,DK,ItaLuxColab,EpiNetEKF,WIS,8.75831492931278,-0.14948367375025742,17,9,0.8191716846724327
2024-11-13,ILI incidence,2024-11-10,1,DK,NotreDame,Rt_cocirc,WIS,36.5852043478261,-2.2120187589413622,17,17,0.0
2024-11-13,ILI incidence,2024-11-10,1,DK,QMUL,ARIMA,WIS,4.20552267122489,0.9088845402380368,17,3,0.95319739081335
2024-11-13,ILI incidence,2024-11-10,1,DK,QMUL,SEIR,WIS,17.3956827140284,-1.1394877421770575,17,14,0.5649036990227846
2024-11-13,ILI incidence,2024-11-10,1,DK,QMUL,SEIR_agumented,WIS,10.5438134219832,-0.41715518832340404,17,11,0.7666099417401513
2024-11-13,ILI incidence,2024-11-10,1,DK,RIVM,KFdlm,WIS,13.7316464988829,-0.7982630646605451,17,13,0.6727660861519996
2024-11-13,ILI incidence,2024-11-10,1,DK,fjordhest,ensemble,WIS,8.23030869565217,-0.059776890038283445,17,8,0.8347152026503188
2024-11-13,ILI incidence,2024-11-10,1,DK,respicast,hubEnsemble,WIS,5.33841030197197,0.5647594599887177,17,4,0.9198472935363534
2024-11-13,ILI incidence,2024-11-10,1,DK,respicast,quantileBaseline,WIS,7.89626086956522,0.0,17,7,0.8445489471390132
2024-11-13,ILI incidence,2024-11-10,1,EE,ECDC,SARIMA,WIS,8.83395182221267,-0.5123496204696462,14,4,0.9571418059835637
2024-11-13,ILI incidence,2024-11-10,1,EE,ECDC,soca_simplex,WIS,7.35054917277392,-0.24714269642837505,14,3,0.9676134561433879
2024-11-13,ILI incidence,2024-11-10,1,EE,ISI,FluABCaster,WIS,31.4754470394925,-2.3454456193934683,14,12,0.7973107465605583
2024-11-13,ILI incidence,2024-11-10,1,EE,ISI,FluBcast,WIS,2.76270635623459,1.164627115408349,14,1,1.0
2024-11-13,ILI incidence,2024-11-10,1,EE,ISI,GLEAM,WIS,9.98339130434782,-0.6888206306743759,14,6,0.949027671806061
2024-11-13,ILI incidence,2024-11-10,1,EE,ISI,RC_AdaptEns2,WIS,11.0929854390517,-0.8408664391701911,14,7,0.9411948142859481
2024-11-13,ILI incidence,2024-11-10,1,EE,ISI,SEIR_BRW,WIS,11.4476239922863,-0.8862669423070084,14,8,0.9386913464216672
2024-11-13,ILI incidence,2024-11-10,1,EE,ItaLuxColab,EpiEKF,WIS,20.7441442893496,-1.7439228972382466,14,10,0.8730652614936235
2024-11-13,ILI incidence,2024-11-10,1,EE,ItaLuxColab,EpiNetEKF,WIS,17.0602637931602,-1.4618587053958376,14,9,0.899070545899237
2024-11-13,ILI incidence,2024-11-10,1,EE,NotreDame,Rt_cocirc,WIS,144.421626086957,-4.543433637360635,14,14,0.0
2024-11-13,ILI incidence,2024-11-10,1,EE,QMUL,SEIR,WIS,41.1841043235031,-2.733306364162315,14,13,0.7287753002754557
2024-11-13,ILI incidence,2024-11-10,1,EE,RIVM,KFdlm,WIS,24.1182752114526,-1.9613454893738336,14,11,0.8492465642416832
2024-11-13,ILI incidence,2024-11-10,1,EE,respicast,hubEnsemble,WIS,9.14571669701897,-0.5623868861921711,14,5,0.9549409923997885
2024-11-13,ILI incidence,2024-11-10,1,EE,respicast,quantileBaseline,WIS,6.19330434782609,0.0,14,2,0.9757826898714697
2024-11-13,ILI incidence,2024-11-10,1,FR,ECDC,soca_simplex,WIS,3.48961112377559,1.468671178910537,13,2,0.9902129154235014
2024-11-13,ILI incidence,2024-11-10,1,FR,ISI,FluABCaster,WIS,27.8296516515162,-1.5268134923464016,13,12,0.8580670020623425
2024-11-13,ILI incidence,2024-11-10,1,FR,ISI,FluBcast,WIS,5.48595892916642,0.815993631427198,13,6,0.9793744287813264
2024-11-13,ILI incidence,2024-11-10,1,FR,ISI,GLEAM,WIS,1.68692173913044,2.517344408217671,13,1,1.0
2024-11-13,ILI incidence,2024-11-10,1,FR,ISI,RC_AdaptEns2,WIS,25.2674787699755,-1.387472359035575,13,11,0.871977442155263
2024-11-13,ILI incidence,2024-11-10,1,FR,ISI,SEIR_BRW,WIS,3.93555871310415,1.2951689898364154,13,3,0.9877917957283282
2024-11-13,ILI incidence,2024-11-10,1,FR,ItaLuxColab,EpiEKF,WIS,7.26590976798121,0.41059400317118777,13,8,0.969710795351256
2024-11-13,ILI incidence,2024-11-10,1,FR,ItaLuxColab,EpiNetEKF,WIS,4.48709066251052,1.1059571186309427,13,4,0.9847974419137114
2024-11-13,ILI incidence,2024-11-10,1,FR,NotreDame,Rt_cocirc,WIS,185.877563043478,-4.2664713724746255,13,13,0.0
2024-11-13,ILI incidence,2024-11-10,1,FR,RIVM,KFdlm,WIS,17.045856777209,-0.8196117576151176,13,10,0.9166139227850333
2024-11-13,ILI incidence,2024-11-10,1,FR,fjordhest,ensemble,WIS,6.09917826086957,0.6631225706521715,13,7,0.9760451644530163
2024-11-13,ILI incidence,2024-11-10,1,FR,respicast,hubEnsemble,WIS,5.06653918829674,0.9307368339882287,13,5,0.9816515246093206
2024-11-13,ILI incidence,2024-11-10,1,FR,respicast,quantileBaseline,WIS,9.65808695652174,0.0,13,9,0.9567232886484165
2024-11-13,ILI incidence,2024-11-10,1,GB-ENG,ECDC,SARIMA,WIS,0.121315892479515,0.5960784906736578,10,7,0.8028683178030118
2024-11-13,ILI incidence,2024-11-10,1,GB-ENG,ECDC,soca_simplex,WIS,0.111831880319528,0.7135155266041413,10,6,0.826301003818527
2024-11-13,ILI incidence,2024-11-10,1,GB-ENG,ISI,FluABCaster,WIS,0.0855763482114565,1.0995630262764717,10,4,0.8911720341040428
2024-11-13,ILI incidence,2024-11-10,1,GB-ENG,ISI,FluBcast,WIS,0.0574110051690712,1.675447827643621,10,2,0.9607617424361327
2024-11-13,ILI incidence,2024-11-10,1,GB-ENG,ISI,GLEAM,WIS,0.0415299358103975,2.1426235007082046,10,1,1.0
2024-11-13,ILI incidence,2024-11-10,1,GB-ENG,ISI,SEIR_BRW,WIS,0.0945604048006118,0.955538931095033,10,5,0.8689746166347273
2024-11-13,ILI incidence,2024-11-10,1,GB-ENG,ItaLuxColab,EpiEKF,WIS,0.247680221242724,-0.4336316175732832,10,9,0.4906528134869919
2024-11-13,ILI incidence,2024-11-10,1,GB-ENG,RIVM,KFdlm,WIS,0.446264252384583,-1.2830511976451617,10,10,0.0
2024-11-13,ILI incidence,2024-11-10,1,GB-ENG,respicast,hubEnsemble,WIS,0.0785232243691521,1.2236557277552436,10,3,0.9085985866682151
2024-11-13,ILI incidence,2024-11-10,1,GB-ENG,respicast,quantileBaseline,WIS,0.183381365804104,0.0,10,8,0.6495196374886438
2024-11-13,ILI incidence,2024-11-10,1,GB-NIR,ECDC,soca_simplex,WIS,0.118763718352943,1.918064787205053,9,2,0.9876364467611216
2024-11-13,ILI incidence,2024-11-10,1,GB-NIR,ISI,FluABCaster,WIS,0.133431999749238,1.750054259358956,9,3,0.9686416596613261
2024-11-13,ILI incidence,2024-11-10,1,GB-NIR,ISI,FluBcast,WIS,0.248751068919206,0.8514562303034341,9,6,0.81930847547634
2024-11-13,ILI incidence,2024-11-10,1,GB-NIR,ISI,GLEAM,WIS,0.216571594980741,1.051314920564221,9,5,0.860979496090858
2024-11-13,ILI incidence,2024-11-10,1,GB-NIR,ISI,SEIR_BRW,WIS,0.109216252671272,2.0389713931077176,9,1,1.0
2024-11-13,ILI incidence,2024-11-10,1,GB-NIR,ItaLuxColab,EpiEKF,WIS,0.881442933561682,-0.9737082140668532,9,9,0.0
2024-11-13,ILI incidence,2024-11-10,1,GB-NIR,RIVM,KFdlm,WIS,0.583443346114322,-0.3784336178036043,9,8,0.3858965182396364
2024-11-13,ILI incidence,2024-11-10,1,GB-NIR,respicast,hubEnsemble,WIS,0.135299024992265,1.7300075126082741,9,4,0.9662239430902355
2024-11-13,ILI incidence,2024-11-10,1,GB-NIR,respicast,quantileBaseline,WIS,0.448826841012221,0.0,9,7,0.5602190435205325
2024-11-13,ILI incidence,2024-11-10,1,GB-SCT,ECDC,SARIMA,WIS,1.02690535383074,0.44942698293479166,11,2,0.8941303352485196
2024-11-13,ILI incidence,2024-11-10,1,GB-SCT,ECDC,soca_simplex,WIS,0.753623163860812,0.8958149883350357,11,1,1.0
2024-11-13,ILI incidence,2024-11-10,1,GB-SCT,ISI,FluABCaster,WIS,1.98753260684643,-0.5032483262902684,11,9,0.521982829993611
2024-11-13,ILI incidence,2024-11-10,1,GB-SCT,ISI,FluBcast,WIS,3.33493095029268,-1.2499266880243347,11,11,0.0
2024-11-13,ILI incidence,2024-11-10,1,GB-SCT,ISI,GLEAM,WIS,2.76335387605487,-0.9786901232975692,11,10,0.22142926048656095
2024-11-13,ILI incidence,2024-11-10,1,GB-SCT,ISI,SEIR_BRW,WIS,1.40875554781794,-0.006691089173306164,11,6,0.746201368391363
2024-11-13,ILI incidence,2024-11-10,1,GB-SCT,ItaLuxColab,EpiEKF,WIS,1.24881887763426,0.1671659517749663,11,4,0.8081609189046166
2024-11-13,ILI incidence,2024-11-10,1,GB-SCT,QMUL,ARIMA,WIS,1.47133354721181,-0.0693941359014837,11,7,0.7219586183703082
2024-11-13,ILI incidence,2024-11-10,1,GB-SCT,RIVM,KFdlm,WIS,1.05965676422563,0.404133168807797,11,3,0.8814424215611085
2024-11-13,ILI incidence,2024-11-10,1,GB-SCT,respicast,hubEnsemble,WIS,1.50374669456079,-0.1008313634550631,11,8,0.7094017479655649
2024-11-13,ILI incidence,2024-11-10,1,GB-SCT,respicast,quantileBaseline,WIS,1.40223699485948,0.0,11,5,0.7487266592507962
2024-11-13,ILI incidence,2024-11-10,1,GB-WLS,ECDC,soca_simplex,WIS,0.364698679822391,0.30600599086928176,9,1,1.0
2024-11-13,ILI incidence,2024-11-10,1,GB-WLS,ISI,FluABCaster,WIS,0.510472299099874,-0.17912170691755805,9,5,0.7785327086133025
2024-11-13,ILI incidence,2024-11-10,1,GB-WLS,ISI,FluBcast,WIS,1.02291605524038,-1.1819048831317958,9,9,0.0
2024-11-13,ILI incidence,2024-11-10,1,GB-WLS,ISI,GLEAM,WIS,0.640552816227312,-0.506606563518893,9,7,0.580907240211116
2024-11-13,ILI incidence,2024-11-10,1,GB-WLS,ISI,SEIR_BRW,WIS,0.48084282139208,-0.09285441265922136,9,4,0.8235474390266077
2024-11-13,ILI incidence,2024-11-10,1,GB-WLS,ItaLuxColab,EpiEKF,WIS,0.703586181809705,-0.6420161809326044,9,8,0.4851434880883999
2024-11-13,ILI incidence,2024-11-10,1,GB-WLS,RIVM,KFdlm,WIS,0.429528877379502,0.06995584059569739,9,2,0.9015064020211533
2024-11-13,ILI incidence,2024-11-10,1,GB-WLS,respicast,hubEnsemble,WIS,0.51251401172178,-0.18488047916012068,9,6,0.7754308266239226
2024-11-13,ILI incidence,2024-11-10,1,GB-WLS,respicast,quantileBaseline,WIS,0.450869827812441,0.0,9,3,0.8690840576256004
2024-11-13,ILI incidence,2024-11-10,1,GR,ECDC,SARIMA,WIS,58.5305745599325,-0.254130597749927,16,10,0.8698941439113255
2024-11-13,ILI incidence,2024-11-10,1,GR,ECDC,soca_simplex,WIS,82.9843980852598,-0.7577802774767506,16,14,0.7955128947275849
2024-11-13,ILI incidence,2024-11-10,1,GR,ISI,FluABCaster,WIS,34.1707972842018,0.5222959334774088,16,3,0.9439893324093499
2024-11-13,ILI incidence,2024-11-10,1,GR,ISI,FluBcast,WIS,71.8243028880211,-0.5494122422539066,16,12,0.8294585810093364
2024-11-13,ILI incidence,2024-11-10,1,GR,ISI,RC_AdaptEns2,WIS,20.8703253989089,1.2336067486695097,16,2,0.9844454072042246
2024-11-13,ILI incidence,2024-11-10,1,GR,ISI,SEIR_BRW,WIS,344.519827420897,-2.8114552655131417,16,16,0.0
2024-11-13,ILI incidence,2024-11-10,1,GR,ItaLuxColab,EpiEKF,WIS,46.6223251165767,0.0740388877120149,16,7,0.9061154926207001
2024-11-13,ILI incidence,2024-11-10,1,GR,ItaLuxColab,EpiNetEKF,WIS,42.6999010963494,0.20082711486205868,16,5,0.9180463384514408
2024-11-13,ILI incidence,2024-11-10,1,GR,NotreDame,Rt_cocirc,WIS,332.731093478261,-2.7612249431391835,16,15,0.035857818146100846
2024-11-13,ILI incidence,2024-11-10,1,GR,QMUL,ARIMA,WIS,41.901086933681,0.22807217447883146,16,4,0.9204760932594526
2024-11-13,ILI incidence,2024-11-10,1,GR,QMUL,SEIR,WIS,15.7565464370013,1.6391084874756172,16,1,1.0
2024-11-13,ILI incidence,2024-11-10,1,GR,QMUL,SEIR_agumented,WIS,55.2665373748098,-0.1713463828594508,16,9,0.8798223730473603
2024-11-13,ILI incidence,2024-11-10,1,GR,RIVM,KFdlm,WIS,72.2345072801774,-0.5576283512318426,16,13,0.8282108614010861
2024-11-13,ILI incidence,2024-11-10,1,GR,fjordhest,ensemble,WIS,63.4657130434783,-0.37091755225687245,16,11,0.8548829222542831
2024-11-13,ILI incidence,2024-11-10,1,GR,respicast,hubEnsemble,WIS,44.5687123676573,0.1390285623436161,16,6,0.9123619710679693
2024-11-13,ILI incidence,2024-11-10,1,GR,respicast,quantileBaseline,WIS,49.0774347826087,0.0,16,8,0.8986477801113087
2024-11-13,ILI incidence,2024-11-10,1,HR,ECDC,SARIMA,WIS,0.661802707512124,-1.2740578764296495,13,12,0.7880789178670025
2024-11-13,ILI incidence,2024-11-10,1,HR,ECDC,soca_simplex,WIS,0.17607634124316,0.6361422451186135,13,2,0.954366987280345
2024-11-13,ILI incidence,2024-11-10,1,HR,ISI,FluABCaster,WIS,0.200100449096235,0.45161891230107015,13,5,0.9461423513707233
2024-11-13,ILI incidence,2024-11-10,1,HR,ISI,FluBcast,WIS,0.187035164400004,0.5490337813847952,13,4,0.9506152421161042
2024-11-13,ILI incidence,2024-11-10,1,HR,ISI,GLEAM,WIS,0.0427826086956522,2.67724695795918,13,1,1.0
2024-11-13,ILI incidence,2024-11-10,1,HR,ISI,SEIR_BRW,WIS,0.208624110219506,0.39143742095079803,13,6,0.9432242821635487
2024-11-13,ILI incidence,2024-11-10,1,HR,ItaLuxColab,EpiEKF,WIS,0.520410147444653,-0.9273057758829307,13,11,0.8364845583176804
2024-11-13,ILI incidence,2024-11-10,1,HR,ItaLuxColab,EpiNetEKF,WIS,0.289974866382276,-0.08358454236996911,13,9,0.9153739097583334
2024-11-13,ILI incidence,2024-11-10,1,HR,NotreDame,Rt_cocirc,WIS,2.96377608695652,-3.4370212336879518,13,13,0.0
2024-11-13,ILI incidence,2024-11-10,1,HR,QMUL,SEIR,WIS,0.425657019479136,-0.6373481045420523,13,10,0.8689232229948547
2024-11-13,ILI incidence,2024-11-10,1,HR,RIVM,KFdlm,WIS,0.220089053476905,0.31425592547352243,13,7,0.9392992671497442
2024-11-13,ILI incidence,2024-11-10,1,HR,respicast,hubEnsemble,WIS,0.185572989767492,0.5603565766360349,13,3,0.9511158165416872
2024-11-13,ILI incidence,2024-11-10,1,HR,respicast,quantileBaseline,WIS,0.273652173913043,0.0,13,8,0.9209619716936691
2024-11-13,ILI incidence,2024-11-10,1,HU,ECDC,SARIMA,WIS,40.8572871560932,-0.619025689407077,14,12,0.4609675521317871
2024-11-13,ILI incidence,2024-11-10,1,HU,ECDC,soca_simplex,WIS,16.9156662702937,0.6532077229320998,14,3,0.8372416135679153
2024-11-13,ILI incidence,2024-11-10,1,HU,ISI,FluABCaster,WIS,6.55965190919514,2.0198765609746063,14,1,1.0
2024-11-13,ILI incidence,2024-11-10,1,HU,ISI,RC_AdaptEns2,WIS,12.2943012162308,1.1135779883857968,14,2,0.9098724436426925
2024-11-13,ILI incidence,2024-11-10,1,HU,ISI,SEIR_BRW,WIS,52.7545832296286,-0.9877287124711063,14,13,0.2739858964180547
2024-11-13,ILI incidence,2024-11-10,1,HU,ItaLuxColab,EpiEKF,WIS,31.8919392555967,-0.26162410060862284,14,10,0.601869786061511
2024-11-13,ILI incidence,2024-11-10,1,HU,ItaLuxColab,EpiNetEKF,WIS,31.518307080379,-0.24462232074198506,14,9,0.6077419071147586
2024-11-13,ILI incidence,2024-11-10,1,HU,NotreDame,Rt_cocirc,WIS,70.187797826087,-1.3996525135603273,14,14,0.0
2024-11-13,ILI incidence,2024-11-10,1,HU,QMUL,ARIMA,WIS,32.3293948695678,-0.2812787781330333,14,11,0.5949945957244785
2024-11-13,ILI incidence,2024-11-10,1,HU,QMUL,SEIR,WIS,30.6662198266831,-0.20508261325799304,14,8,0.6211335790143115
2024-11-13,ILI incidence,2024-11-10,1,HU,QMUL,SEIR_agumented,WIS,30.1066448806031,-0.17851421569623968,14,7,0.6299280352728814
2024-11-13,ILI incidence,2024-11-10,1,HU,RIVM,KFdlm,WIS,20.6292985765159,0.3668729572014074,14,5,0.7788769975209103
2024-11-13,ILI incidence,2024-11-10,1,HU,respicast,hubEnsemble,WIS,17.9610460061456,0.5666963542605185,14,4,0.8208120960833523
2024-11-13,ILI incidence,2024-11-10,1,HU,respicast,quantileBaseline,WIS,26.6026086956522,0.0,14,6,0.6849985726028188
2024-11-13,ILI incidence,2024-11-10,1,IE,ECDC,SARIMA,WIS,1.82680545550559,-1.9105529385571465,15,14,0.4717808904832902
2024-11-13,ILI incidence,2024-11-10,1,IE,ECDC,soca_simplex,WIS,0.58518361960295,-0.2681912266991868,15,10,0.8517250007701004
2024-11-13,ILI incidence,2024-11-10,1,IE,ISI,FluABCaster,WIS,0.533092891725109,-0.13368878570397208,15,9,0.8676650919359026
2024-11-13,ILI incidence,2024-11-10,1,IE,ISI,FluBcast,WIS,0.198428408568675,1.2920795715185323,15,2,0.9700745338615332
2024-11-13,ILI incidence,2024-11-10,1,IE,ISI,GLEAM,WIS,0.100634782608696,2.271569126561061,15,1,1.0
2024-11-13,ILI incidence,2024-11-10,1,IE,ISI,RC_AdaptEns2,WIS,0.235627220070067,1.0441919481184936,15,4,0.958691463001356
2024-11-13,ILI incidence,2024-11-10,1,IE,ISI,SEIR_BRW,WIS,0.235362148017346,1.045815841149743,15,3,0.9587725767207839
2024-11-13,ILI incidence,2024-11-10,1,IE,ItaLuxColab,EpiEKF,WIS,0.910917433477609,-0.9066221329669011,15,12,0.7520483999531015
2024-11-13,ILI incidence,2024-11-10,1,IE,ItaLuxColab,EpiNetEKF,WIS,0.515796013308538,-0.08610246271142266,15,8,0.8729580457892353
2024-11-13,ILI incidence,2024-11-10,1,IE,NotreDame,Rt_cocirc,WIS,3.36854130434783,-2.7933539247676613,15,15,0.0
2024-11-13,ILI incidence,2024-11-10,1,IE,QMUL,SEIR,WIS,1.68007857691201,-1.78975864442693,15,13,0.5166802404547496
2024-11-13,ILI incidence,2024-11-10,1,IE,RIVM,KFdlm,WIS,0.636719880352948,-0.38996065072356767,15,11,0.8359545800413669
2024-11-13,ILI incidence,2024-11-10,1,IE,fjordhest,ensemble,WIS,0.465260869565217,0.06265830422149639,15,6,0.8884221184018225
2024-11-13,ILI incidence,2024-11-10,1,IE,respicast,hubEnsemble,WIS,0.404931747569872,0.26301940155699627,15,5,0.9068832101111529
2024-11-13,ILI incidence,2024-11-10,1,IE,respicast,quantileBaseline,WIS,0.485913043478261,0.0,15,7,0.8821024229712283
2024-11-13,ILI incidence,2024-11-10,1,IS,ECDC,SARIMA,WIS,0.661750086954574,-0.2423165237671747,12,10,0.19076404576242578
2024-11-13,ILI incidence,2024-11-10,1,IS,ECDC,soca_simplex,WIS,0.485056713571014,0.20581651625782,12,6,0.5442836300507397
2024-11-13,ILI incidence,2024-11-10,1,IS,ISI,FluABCaster,WIS,0.257284147944847,1.1206073845235223,12,1,1.0
2024-11-13,ILI incidence,2024-11-10,1,IS,ISI,FluBcast,WIS,0.279974300870598,0.9986755487408546,12,2,0.954602635763045
2024-11-13,ILI incidence,2024-11-10,1,IS,ISI,GLEAM,WIS,0.590386956521739,-0.07769089261914479,12,9,0.3335439572046274
2024-11-13,ILI incidence,2024-11-10,1,IS,ISI,RC_AdaptEns2,WIS,0.512628463783293,0.12605636878209797,12,7,0.4891194012712749
2024-11-13,ILI incidence,2024-11-10,1,IS,ISI,SEIR_BRW,WIS,0.757096269356082,-0.4365068037244123,12,12,0.0
2024-11-13,ILI incidence,2024-11-10,1,IS,ItaLuxColab,EpiEKF,WIS,0.700130832222235,-0.3236545856202343,12,11,0.11397370070378299
2024-11-13,ILI incidence,2024-11-10,1,IS,ItaLuxColab,EpiNetEKF,WIS,0.463644386767155,0.2709512668693246,12,5,0.5871243813782597
2024-11-13,ILI incidence,2024-11-10,1,IS,RIVM,KFdlm,WIS,0.389058437357275,0.5239830883503601,12,4,0.7363523536797002
2024-11-13,ILI incidence,2024-11-10,1,IS,respicast,hubEnsemble,WIS,0.342271892553309,0.708827132762135,12,3,0.8299606172645504
2024-11-13,ILI incidence,2024-11-10,1,IS,respicast,quantileBaseline,WIS,0.559434782608696,0.0,12,8,0.39547157477750383
2024-11-13,ILI incidence,2024-11-10,1,IT,respicast,quantileBaseline,WIS,163.677236086957,0.0,1,1,0.0
2024-11-13,ILI incidence,2024-11-10,1,LT,ECDC,SARIMA,WIS,1.79697145209927,-0.7406766144000441,14,13,0.9551324671452541
2024-11-13,ILI incidence,2024-11-10,1,LT,ECDC,soca_simplex,WIS,0.626936787608618,0.7784989826861395,14,5,0.987070756050868
2024-11-13,ILI incidence,2024-11-10,1,LT,ISI,FluABCaster,WIS,0.637514687802536,0.7543603890551025,14,6,0.9867820124412459
2024-11-13,ILI incidence,2024-11-10,1,LT,ISI,FluBcast,WIS,0.153283873676795,2.810613044520072,14,1,1.0
2024-11-13,ILI incidence,2024-11-10,1,LT,ISI,GLEAM,WIS,0.600278260869565,0.8411875483085133,14,4,0.9877984504984173
2024-11-13,ILI incidence,2024-11-10,1,LT,ISI,SEIR_BRW,WIS,0.230765240880738,2.2203930361389204,14,2,0.9978850008759026
2024-11-13,ILI incidence,2024-11-10,1,LT,ItaLuxColab,EpiEKF,WIS,1.45922431971528,-0.44031080404757206,14,11,0.9643519080887567
2024-11-13,ILI incidence,2024-11-10,1,LT,ItaLuxColab,EpiNetEKF,WIS,0.843502212847627,0.3504271165998804,14,7,0.9811591969080784
2024-11-13,ILI incidence,2024-11-10,1,LT,NotreDame,Rt_cocirc,WIS,36.7875152173913,-5.096253453829999,14,14,0.0
2024-11-13,ILI incidence,2024-11-10,1,LT,QMUL,SEIR,WIS,0.918947172083436,0.22683704283098263,14,9,0.9790997853558622
2024-11-13,ILI incidence,2024-11-10,1,LT,RIVM,KFdlm,WIS,0.843902138411703,0.34974326078501317,14,8,0.9811482801903145
2024-11-13,ILI incidence,2024-11-10,1,LT,fjordhest,ensemble,WIS,1.47654782608696,-0.45733721180461134,14,12,0.9638790305167083
2024-11-13,ILI incidence,2024-11-10,1,LT,respicast,hubEnsemble,WIS,0.563421990551936,0.9326030962006441,14,3,0.9888045114683289
2024-11-13,ILI incidence,2024-11-10,1,LT,respicast,quantileBaseline,WIS,1.07541304347826,0.0,14,10,0.9748287561666099
2024-11-13,ILI incidence,2024-11-10,1,LU,ECDC,SARIMA,WIS,450.983105094655,-0.012377638685589117,11,9,0.8742538279967204
2024-11-13,ILI incidence,2024-11-10,1,LU,ECDC,soca_simplex,WIS,134.74974391211,1.7304132178206506,11,1,1.0
2024-11-13,ILI incidence,2024-11-10,1,LU,ISI,FluABCaster,WIS,360.032705775533,0.31256778045541306,11,6,0.9104190969417242
2024-11-13,ILI incidence,2024-11-10,1,LU,ISI,GLEAM,WIS,732.540191304348,-0.7122121671265237,11,10,0.7622962354806387
2024-11-13,ILI incidence,2024-11-10,1,LU,ItaLuxColab,EpiEKF,WIS,425.501937217976,0.07153004879830782,11,7,0.8843860901549047
2024-11-13,ILI incidence,2024-11-10,1,LU,ItaLuxColab,EpiNetEKF,WIS,287.441826198805,0.6374257426725336,11,4,0.9392839364861374
2024-11-13,ILI incidence,2024-11-10,1,LU,NotreDame,Rt_cocirc,WIS,2649.60451956522,-2.5670093847157416,11,11,0.0
2024-11-13,ILI incidence,2024-11-10,1,LU,QMUL,ARIMA,WIS,337.588131814735,0.40543156318251605,11,5,0.9193438961699298
2024-11-13,ILI incidence,2024-11-10,1,LU,fjordhest,ensemble,WIS,279.21762173913,0.6793057544693717,11,3,0.9425541867364878
2024-11-13,ILI incidence,2024-11-10,1,LU,respicast,hubEnsemble,WIS,270.567065909507,0.7247095073987203,11,2,0.9459939701837752
2024-11-13,ILI incidence,2024-11-10,1,LU,respicast,quantileBaseline,WIS,447.130434782609,0.0,11,8,0.8757857933210582
2024-11-13,ILI incidence,2024-11-10,1,LV,ECDC,SARIMA,WIS,976.578011263439,-1.6566437699577288,11,11,0.0
2024-11-13,ILI incidence,2024-11-10,1,LV,ECDC,soca_simplex,WIS,2.73042758171822,6.825820821112242,11,1,1.0
2024-11-13,ILI incidence,2024-11-10,1,LV,ISI,FluABCaster,WIS,10.3746158381395,4.899961703527835,11,3,0.9921505291130654
2024-11-13,ILI incidence,2024-11-10,1,LV,ISI,FluBcast,WIS,22.1294402006596,3.8070526630546127,11,5,0.9800800320871551
2024-11-13,ILI incidence,2024-11-10,1,LV,ISI,GLEAM,WIS,60.1475,2.364514845624674,11,7,0.9410410074631892
2024-11-13,ILI incidence,2024-11-10,1,LV,ItaLuxColab,EpiEKF,WIS,164.121309816985,0.9163289512762969,11,8,0.8342750088005418
2024-11-13,ILI incidence,2024-11-10,1,LV,ItaLuxColab,EpiNetEKF,WIS,356.6624318946,-0.2034677367895689,11,10,0.6365632464016503
2024-11-13,ILI incidence,2024-11-10,1,LV,NotreDame,Rt_cocirc,WIS,22.4293695652174,3.78763054903146,11,6,0.9797720481997547
2024-11-13,ILI incidence,2024-11-10,1,LV,RIVM,KFdlm,WIS,9.74994680474778,4.9895533666725695,11,2,0.992791973466226
2024-11-13,ILI incidence,2024-11-10,1,LV,respicast,hubEnsemble,WIS,16.1059672279426,4.2654243164454195,11,4,0.9862652638150449
2024-11-13,ILI incidence,2024-11-10,1,LV,respicast,quantileBaseline,WIS,309.747260869565,0.0,11,9,0.6847383117929591
2024-11-13,ILI incidence,2024-11-10,1,MT,ECDC,SARIMA,WIS,1177.03798089931,0.18257131927493625,9,3,0.9081840609244831
2024-11-13,ILI incidence,2024-11-10,1,MT,ECDC,soca_simplex,WIS,1809.36918565818,-0.4377546134840972,9,7,0.5529096259324987
2024-11-13,ILI incidence,2024-11-10,1,MT,ISI,FluABCaster,WIS,2793.45916076872,-1.064320535256845,9,9,0.0
2024-11-13,ILI incidence,2024-11-10,1,MT,ItaLuxColab,EpiEKF,WIS,1262.62324644304,0.08130797533362369,9,4,0.8600980948502917
2024-11-13,ILI incidence,2024-11-10,1,MT,ItaLuxColab,EpiNetEKF,WIS,1164.95911517683,0.19745286991384928,9,2,0.9149705553479784
2024-11-13,ILI incidence,2024-11-10,1,MT,NotreDame,Rt_cocirc,WIS,2517.15068043478,-0.9140593874067543,9,8,0.15524354720334918
2024-11-13,ILI incidence,2024-11-10,1,MT,RIVM,KFdlm,WIS,1013.62041505898,0.398214706756595,9,1,1.0
2024-11-13,ILI incidence,2024-11-10,1,MT,respicast,hubEnsemble,WIS,1444.11547817309,-0.11245391784882555,9,6,0.7581269291098375
2024-11-13,ILI incidence,2024-11-10,1,MT,respicast,quantileBaseline,WIS,1335.82608695652,0.0,9,5,0.8189691775874589
2024-11-13,ILI incidence,2024-11-10,1,NL,ECDC,SARIMA,WIS,2.90707856467132,0.2381446701132888,16,6,0.8065637447143608
2024-11-13,ILI incidence,2024-11-10,1,NL,ECDC,soca_simplex,WIS,3.33615206317229,0.039529682471173354,16,8,0.7534939179650955
2024-11-13,ILI incidence,2024-11-10,1,NL,ISI,FluABCaster,WIS,3.31467181448613,0.04884869514631299,16,7,0.7561506960702179
2024-11-13,ILI incidence,2024-11-10,1,NL,ISI,FluBcast,WIS,5.76863056325611,-0.7505141413739735,16,14,0.45263354550732404
2024-11-13,ILI incidence,2024-11-10,1,NL,ISI,GLEAM,WIS,6.98534782608696,-1.0266172231193953,16,15,0.30214423641025473
2024-11-13,ILI incidence,2024-11-10,1,NL,ISI,LSTFlu,WIS,9.42820646176636,-1.4592686201328762,16,16,0.0
2024-11-13,ILI incidence,2024-11-10,1,NL,ISI,RC_AdaptEns2,WIS,2.81267222811866,0.2857732919242232,16,5,0.8182403640869998
2024-11-13,ILI incidence,2024-11-10,1,NL,ISI,SEIR_BRW,WIS,4.339807306073,-0.33991625489592026,16,12,0.6293571207897464
2024-11-13,ILI incidence,2024-11-10,1,NL,ItaLuxColab,EpiEKF,WIS,3.66523002730033,-0.09618901236180756,16,11,0.7127920088416251
2024-11-13,ILI incidence,2024-11-10,1,NL,ItaLuxColab,EpiNetEKF,WIS,4.66403075116474,-0.44386256925137774,16,13,0.5892556413947666
2024-11-13,ILI incidence,2024-11-10,1,NL,NotreDame,Rt_cocirc,WIS,2.68153043478261,0.35465810365418177,16,4,0.834460597394922
2024-11-13,ILI incidence,2024-11-10,1,NL,QMUL,SEIR,WIS,1.34313204597489,1.3521135854329063,16,1,1.0
2024-11-13,ILI incidence,2024-11-10,1,NL,RIVM,KFdlm,WIS,2.66726719997924,0.36235237376792856,16,3,0.8362247413062646
2024-11-13,ILI incidence,2024-11-10,1,NL,fjordhest,ensemble,WIS,2.29628260869565,0.5784145226979189,16,2,0.8821098590188482
2024-11-13,ILI incidence,2024-11-10,1,NL,respicast,hubEnsemble,WIS,3.52720820686636,-0.040812007453091444,16,10,0.7298631962340862
2024-11-13,ILI incidence,2024-11-10,1,NL,respicast,quantileBaseline,WIS,3.42882608695652,0.0,16,9,0.7420315591767555
2024-11-13,ILI incidence,2024-11-10,1,NO,ECDC,SARIMA,WIS,2.34846058269591,-0.3668211928002759,15,13,0.8258943650131563
2024-11-13,ILI incidence,2024-11-10,1,NO,ECDC,soca_simplex,WIS,0.953710583493071,0.9332707541118564,15,5,0.9436963157006695
2024-11-13,ILI incidence,2024-11-10,1,NO,ISI,FluABCaster,WIS,1.78555904470626,0.02851834472652109,15,9,0.8734375801112612
2024-11-13,ILI incidence,2024-11-10,1,NO,ISI,FluBcast,WIS,0.825998700041785,1.140682770106312,15,4,0.9544829864338737
2024-11-13,ILI incidence,2024-11-10,1,NO,ISI,GLEAM,WIS,0.287086956521739,2.6653344964558374,15,1,1.0
2024-11-13,ILI incidence,2024-11-10,1,NO,ISI,RC_AdaptEns2,WIS,0.659524956854472,1.4653950282058674,15,2,0.9685435217964304
2024-11-13,ILI incidence,2024-11-10,1,NO,ISI,SEIR_BRW,WIS,0.806848971723997,1.1745236302070825,15,3,0.9561003912392227
2024-11-13,ILI incidence,2024-11-10,1,NO,ItaLuxColab,EpiEKF,WIS,2.37319202514383,-0.381934653547954,15,14,0.8238055231666992
2024-11-13,ILI incidence,2024-11-10,1,NO,ItaLuxColab,EpiNetEKF,WIS,1.93667565662061,-0.0886881734947586,15,11,0.8606741230938939
2024-11-13,ILI incidence,2024-11-10,1,NO,NotreDame,Rt_cocirc,WIS,12.1268739130435,-2.7352416064492457,15,15,0.0
2024-11-13,ILI incidence,2024-11-10,1,NO,QMUL,ARIMA,WIS,1.57443241429848,0.2100623581547552,15,7,0.8912695420530665
2024-11-13,ILI incidence,2024-11-10,1,NO,RIVM,KFdlm,WIS,2.18726782570268,-0.2642356994027192,15,12,0.8395088631105599
2024-11-13,ILI incidence,2024-11-10,1,NO,fjordhest,ensemble,WIS,1.65000434782609,0.14242436031540498,15,8,0.8848866625464397
2024-11-13,ILI incidence,2024-11-10,1,NO,respicast,hubEnsemble,WIS,0.989179546572064,0.8805898720428496,15,6,0.9407005723474113
2024-11-13,ILI incidence,2024-11-10,1,NO,respicast,quantileBaseline,WIS,1.82120608695652,0.0,15,10,0.8704267960168205
2024-11-13,ILI incidence,2024-11-10,1,PL,ECDC,SARIMA,WIS,20.5473097068857,-0.5360212229537962,16,7,0.9359757374419908
2024-11-13,ILI incidence,2024-11-10,1,PL,ECDC,soca_simplex,WIS,29.6363160728576,-1.0644378364386464,16,9,0.8880790609136183
2024-11-13,ILI incidence,2024-11-10,1,PL,ISI,FluABCaster,WIS,73.7560659215389,-2.3798334169575757,16,15,0.655579566257468
2024-11-13,ILI incidence,2024-11-10,1,PL,ISI,FluBcast,WIS,8.39788782326726,0.754829866598546,16,1,1.0
2024-11-13,ILI incidence,2024-11-10,1,PL,ISI,LSTFlu,WIS,15.5571801462388,-0.13465229601341022,16,5,0.9622724096828421
2024-11-13,ILI incidence,2024-11-10,1,PL,ISI,RC_AdaptEns2,WIS,11.9266690889517,0.24873710920201889,16,2,0.9814042494837888
2024-11-13,ILI incidence,2024-11-10,1,PL,ISI,SEIR_BRW,WIS,38.3125316157405,-1.4348880704453926,16,11,0.8423576836128265
2024-11-13,ILI incidence,2024-11-10,1,PL,ItaLuxColab,EpiEKF,WIS,27.7481496375961,-0.9694632808654625,16,8,0.898029202143581
2024-11-13,ILI incidence,2024-11-10,1,PL,ItaLuxColab,EpiNetEKF,WIS,31.6710795312854,-1.1602377546119302,16,10,0.8773563918719351
2024-11-13,ILI incidence,2024-11-10,1,PL,NotreDame,Rt_cocirc,WIS,198.160665217391,-3.805670422782209,16,16,0.0
2024-11-13,ILI incidence,2024-11-10,1,PL,QMUL,ARIMA,WIS,38.3172134459982,-1.4350643584729212,16,12,0.8423330115969444
2024-11-13,ILI incidence,2024-11-10,1,PL,QMUL,SEIR,WIS,71.1531361214134,-2.3279990570093094,16,14,0.6692963227039623
2024-11-13,ILI incidence,2024-11-10,1,PL,RIVM,KFdlm,WIS,50.8306957497218,-1.842771689060208,16,13,0.77639024623715
2024-11-13,ILI incidence,2024-11-10,1,PL,fjordhest,ensemble,WIS,15.8596086956522,-0.16242888696654983,16,6,0.9606786906533967
2024-11-13,ILI incidence,2024-11-10,1,PL,respicast,hubEnsemble,WIS,13.6621056192825,0.052748438312032075,16,3,0.9722589547417836
2024-11-13,ILI incidence,2024-11-10,1,PL,respicast,quantileBaseline,WIS,14.1708695652174,0.0,16,4,0.9695779023619576
2024-11-13,ILI incidence,2024-11-10,1,RO,ECDC,SARIMA,WIS,0.490886547086643,-1.334813454551093,11,10,0.23536438423707234
2024-11-13,ILI incidence,2024-11-10,1,RO,ECDC,soca_simplex,WIS,0.313031335585825,-0.6857309083118613,11,9,0.5419040493256232
2024-11-13,ILI incidence,2024-11-10,1,RO,ISI,FluABCaster,WIS,0.120714474310516,0.6889775018353264,11,2,0.8733688725868938
2024-11-13,ILI incidence,2024-11-10,1,RO,ISI,FluBcast,WIS,0.0472427232986558,2.042412138992476,11,1,1.0
2024-11-13,ILI incidence,2024-11-10,1,RO,ItaLuxColab,EpiEKF,WIS,0.258077493638128,-0.4072281575602588,11,8,0.6366189140958283
2024-11-13,ILI incidence,2024-11-10,1,RO,ItaLuxColab,EpiNetEKF,WIS,0.194980700147513,-0.002755153038103451,11,5,0.7453684400813833
2024-11-13,ILI incidence,2024-11-10,1,RO,NotreDame,Rt_cocirc,WIS,0.627445652173914,-1.6889143265724473,11,11,0.0
2024-11-13,ILI incidence,2024-11-10,1,RO,QMUL,SEIR,WIS,0.197675883176044,-0.02256069519077041,11,6,0.7407231980558807
2024-11-13,ILI incidence,2024-11-10,1,RO,RIVM,KFdlm,WIS,0.207098943591998,-0.08974401927097322,11,7,0.7244822245154319
2024-11-13,ILI incidence,2024-11-10,1,RO,respicast,hubEnsemble,WIS,0.133387260234374,0.5449552932876529,11,3,0.851526883701342
2024-11-13,ILI incidence,2024-11-10,1,RO,respicast,quantileBaseline,WIS,0.194608695652174,0.0,11,4,0.7460096028139812
2024-11-13,ILI incidence,2024-11-10,1,SI,ECDC,SARIMA,WIS,1.59155960244108,-0.08711048001249842,13,9,0.9720570856262024
2024-11-13,ILI incidence,2024-11-10,1,SI,ECDC,soca_simplex,WIS,1.12796003304208,0.40961475588056406,13,4,0.9909858543996923
2024-11-13,ILI incidence,2024-11-10,1,SI,ISI,FluABCaster,WIS,0.950567219918017,0.6564701489542243,13,2,0.9982288023300739
2024-11-13,ILI incidence,2024-11-10,1,SI,ISI,FluBcast,WIS,2.15141860988767,-0.5219575572866414,13,11,0.9491980443388035
2024-11-13,ILI incidence,2024-11-10,1,SI,ISI,GLEAM,WIS,1.93446956521739,-0.36860732563456095,13,10,0.9580560730628529
2024-11-13,ILI incidence,2024-11-10,1,SI,ItaLuxColab,EpiEKF,WIS,1.58797014950876,-0.0838530875369376,13,8,0.9722036429766919
2024-11-13,ILI incidence,2024-11-10,1,SI,ItaLuxColab,EpiNetEKF,WIS,1.47599801016547,0.021639929111614192,13,6,0.9767754650287482
2024-11-13,ILI incidence,2024-11-10,1,SI,NotreDame,Rt_cocirc,WIS,25.3989847826087,-4.0833682218087874,13,13,0.0
2024-11-13,ILI incidence,2024-11-10,1,SI,QMUL,SEIR,WIS,3.16121992857011,-1.0771507025953684,13,12,0.9079678600802538
2024-11-13,ILI incidence,2024-11-10,1,SI,RIVM,KFdlm,WIS,0.907187405471331,0.7238581890498431,13,1,1.0
2024-11-13,ILI incidence,2024-11-10,1,SI,fjordhest,ensemble,WIS,1.30693043478261,0.19714835408434098,13,5,0.9836784935316983
2024-11-13,ILI incidence,2024-11-10,1,SI,respicast,hubEnsemble,WIS,1.05468613942082,0.5065169696445381,13,3,0.9939776272162378
2024-11-13,ILI incidence,2024-11-10,1,SI,respicast,quantileBaseline,WIS,1.49830434782609,0.0,13,7,0.9758646973412186
2024-11-13,ILI incidence,2024-11-17,2,AT,ECDC,soca_simplex,WIS,549.723052789875,-1.0660184303024447,9,8,0.8853005359838056
2024-11-13,ILI incidence,2024-11-17,2,AT,ISI,FluABCaster,WIS,94.5615373121829,1.4733611550640346,9,1,1.0
2024-11-13,ILI incidence,2024-11-17,2,AT,ISI,SEIR_BRW,WIS,266.814417015766,-0.02315007286466553,9,4,0.9565927427838188
2024-11-13,ILI incidence,2024-11-17,2,AT,ItaLuxColab,EpiEKF,WIS,288.830972966317,-0.1375389086456667,9,5,0.951044630561808
2024-11-13,ILI incidence,2024-11-17,2,AT,ItaLuxColab,EpiNetEKF,WIS,324.498803143039,-0.3055266069448281,9,6,0.9420564343616151
2024-11-13,ILI incidence,2024-11-17,2,AT,NotreDame,Rt_cocirc,WIS,4062.8583326087,-3.951736604986089,9,9,0.0
2024-11-13,ILI incidence,2024-11-17,2,AT,RIVM,KFdlm,WIS,526.6008936149,-1.0040234194044706,9,7,0.8911272572115073
2024-11-13,ILI incidence,2024-11-17,2,AT,respicast,hubEnsemble,WIS,169.307153837249,0.6330436165767527,9,2,0.9811643079182838
2024-11-13,ILI incidence,2024-11-17,2,AT,respicast,quantileBaseline,WIS,262.56717173913,0.0,9,3,0.9576630370424716
2024-11-13,ILI incidence,2024-11-17,2,BE,ECDC,SARIMA,WIS,27.0840940951649,0.22240066968879965,16,5,0.9387447374496494
2024-11-13,ILI incidence,2024-11-17,2,BE,ECDC,soca_simplex,WIS,41.976438105672,-0.409733246246032,16,9,0.8534151106888037
2024-11-13,ILI incidence,2024-11-17,2,BE,ISI,FluABCaster,WIS,23.3543976270308,0.4361522716333744,16,3,0.960115020551664
2024-11-13,ILI incidence,2024-11-17,2,BE,ISI,GLEAM,WIS,52.1649565217391,-0.7232344493915449,16,12,0.7950372976947158
2024-11-13,ILI incidence,2024-11-17,2,BE,ISI,LSTFlu,WIS,98.8325729936575,-1.6451400937740528,16,15,0.5276428369867471
2024-11-13,ILI incidence,2024-11-17,2,BE,ISI,RC_AdaptEns2,WIS,37.3904839862799,-0.24282463945917396,16,8,0.8796915486406803
2024-11-13,ILI incidence,2024-11-17,2,BE,ISI,SEIR_BRW,WIS,25.9691784618259,0.2830461313490535,16,4,0.9451329416702563
2024-11-13,ILI incidence,2024-11-17,2,BE,ItaLuxColab,EpiEKF,WIS,44.2345464107031,-0.48532702328124244,16,11,0.8404766814718904
2024-11-13,ILI incidence,2024-11-17,2,BE,ItaLuxColab,EpiNetEKF,WIS,43.2498444083666,-0.452848436401546,16,10,0.8461187922283132
2024-11-13,ILI incidence,2024-11-17,2,BE,NotreDame,Rt_cocirc,WIS,190.920619565217,-2.5950545119021116,16,16,0.0
2024-11-13,ILI incidence,2024-11-17,2,BE,QMUL,SEIR,WIS,87.7040442060224,-1.4727968634593498,16,14,0.5914066882096476
2024-11-13,ILI incidence,2024-11-17,2,BE,QMUL,SEIR_agumented,WIS,86.0395343198011,-1.4451532100912976,16,13,0.6009439381704861
2024-11-13,ILI incidence,2024-11-17,2,BE,RIVM,KFdlm,WIS,16.3933823578397,0.946732957643834,16,1,1.0
2024-11-13,ILI incidence,2024-11-17,2,BE,fjordhest,ensemble,WIS,18.2403434782609,0.7927136095490239,16,2,0.9894173474010443
2024-11-13,ILI incidence,2024-11-17,2,BE,respicast,hubEnsemble,WIS,27.2273179941927,0.2147916284248225,16,6,0.9379240982112158
2024-11-13,ILI incidence,2024-11-17,2,BE,respicast,quantileBaseline,WIS,31.5982904347826,0.0,16,7,0.912879454690066
2024-11-13,ILI incidence,2024-11-17,2,CH,ECDC,SARIMA,WIS,2.49435161683427,1.2183881887884818,11,1,1.0
2024-11-13,ILI incidence,2024-11-17,2,CH,ECDC,soca_simplex,WIS,2.62463390759045,1.1449368330705054,11,2,0.9984745255747458
2024-11-13,ILI incidence,2024-11-17,2,CH,ISI,FluABCaster,WIS,3.31382731732202,0.8085546120655529,11,5,0.9904047647922402
2024-11-13,ILI incidence,2024-11-17,2,CH,ISI,FluBcast,WIS,8.67162927292721,-0.5792500421937258,11,10,0.9276702994139157
2024-11-13,ILI incidence,2024-11-17,2,CH,ISI,GLEAM,WIS,87.8987927528923,-3.9207184075574104,11,11,0.0
2024-11-13,ILI incidence,2024-11-17,2,CH,ISI,SEIR_BRW,WIS,2.72772249622113,1.0893561583079394,11,3,0.9972674620162307
2024-11-13,ILI incidence,2024-11-17,2,CH,ItaLuxColab,EpiEKF,WIS,6.36914454389277,-0.1340465753085383,11,9,0.9546300768962873
2024-11-13,ILI incidence,2024-11-17,2,CH,ItaLuxColab,EpiNetEKF,WIS,5.38861355734226,0.10713891008631518,11,6,0.9661111073146988
2024-11-13,ILI incidence,2024-11-17,2,CH,RIVM,KFdlm,WIS,5.58543115083098,0.05538438853903709,11,7,0.9638065714981694
2024-11-13,ILI incidence,2024-11-17,2,CH,respicast,hubEnsemble,WIS,3.08141220329858,0.9134613522132857,11,4,0.9931261117260978
2024-11-13,ILI incidence,2024-11-17,2,CH,respicast,quantileBaseline,WIS,5.804022201983,0.0,11,8,0.9612470904191494
2024-11-13,ILI incidence,2024-11-17,2,CZ,ECDC,SARIMA,WIS,3.50392050881266,-0.3199605350518144,15,13,0.9219890160511087
2024-11-13,ILI incidence,2024-11-17,2,CZ,ECDC,soca_simplex,WIS,2.83774651921148,-0.015736216121002324,15,11,0.938399176362706
2024-11-13,ILI incidence,2024-11-17,2,CZ,ISI,FluABCaster,WIS,1.14273028063136,1.29652458727823,15,3,0.9801532655947285
2024-11-13,ILI incidence,2024-11-17,2,CZ,ISI,FluBcast,WIS,0.555828559880318,2.336297639881731,15,2,0.9946106768341597
2024-11-13,ILI incidence,2024-11-17,2,CZ,ISI,GLEAM,WIS,0.337047826086956,3.0579842855724366,15,1,1.0
2024-11-13,ILI incidence,2024-11-17,2,CZ,ISI,RC_AdaptEns2,WIS,1.37957538869207,1.024785213972567,15,5,0.9743189546595018
2024-11-13,ILI incidence,2024-11-17,2,CZ,ISI,SEIR_BRW,WIS,1.39138799874377,1.012484728693332,15,6,0.9740279693798711
2024-11-13,ILI incidence,2024-11-17,2,CZ,ItaLuxColab,EpiEKF,WIS,3.00204775986462,-0.0969374183488912,15,12,0.9343518707929906
2024-11-13,ILI incidence,2024-11-17,2,CZ,ItaLuxColab,EpiNetEKF,WIS,2.01307130085708,0.4796112388683118,15,7,0.9587137679700711
2024-11-13,ILI incidence,2024-11-17,2,CZ,NotreDame,Rt_cocirc,WIS,40.9322630434783,-3.8661570161446703,15,15,0.0
2024-11-13,ILI incidence,2024-11-17,2,CZ,QMUL,SEIR,WIS,14.6313865088208,-2.381985073667934,15,14,0.6478811947125723
2024-11-13,ILI incidence,2024-11-17,2,CZ,RIVM,KFdlm,WIS,2.79266090821288,0.0073691021096297295,15,9,0.9395097902800644
2024-11-13,ILI incidence,2024-11-17,2,CZ,fjordhest,ensemble,WIS,2.50894782608696,0.1619270407471076,15,8,0.9464986208751631
2024-11-13,ILI incidence,2024-11-17,2,CZ,respicast,hubEnsemble,WIS,1.22010352443094,1.2020059467095894,15,4,0.9782472960516373
2024-11-13,ILI incidence,2024-11-17,2,CZ,respicast,quantileBaseline,WIS,2.80696195652174,0.0,15,10,0.9391575061935711
2024-11-13,ILI incidence,2024-11-17,2,DK,ECDC,SARIMA,WIS,11.4786480403013,0.35808024088373513,17,4,0.9313605324531966
2024-11-13,ILI incidence,2024-11-17,2,DK,ECDC,soca_simplex,WIS,17.4372893642108,-0.24514281813087588,17,9,0.8582276890632495
2024-11-13,ILI incidence,2024-11-17,2,DK,ISI,FluABCaster,WIS,71.950452761898,-2.2899707937152054,17,15,0.18916532656515755
2024-11-13,ILI incidence,2024-11-17,2,DK,ISI,FluBcast,WIS,43.1867097016093,-1.5535544333261133,17,14,0.54219451597047
2024-11-13,ILI incidence,2024-11-17,2,DK,ISI,GLEAM,WIS,78.5754260869565,-2.4170452185624156,17,16,0.10785431784577494
2024-11-13,ILI incidence,2024-11-17,2,DK,ISI,RC_AdaptEns2,WIS,9.43978822889044,0.6402065719013685,17,3,0.9563842932698884
2024-11-13,ILI incidence,2024-11-17,2,DK,ISI,SEIR_BRW,WIS,21.9019505071526,-0.5740263849499917,17,11,0.8034310758075088
2024-11-13,ILI incidence,2024-11-17,2,DK,ItaLuxColab,EpiEKF,WIS,14.2741311553216,0.043630038106495767,17,6,0.8970504242025651
2024-11-13,ILI incidence,2024-11-17,2,DK,ItaLuxColab,EpiNetEKF,WIS,9.08248287776345,0.6958743257148292,17,2,0.9607696480623489
2024-11-13,ILI incidence,2024-11-17,2,DK,NotreDame,Rt_cocirc,WIS,87.3630673913044,-2.569990539680428,17,17,0.0
2024-11-13,ILI incidence,2024-11-17,2,DK,QMUL,ARIMA,WIS,5.88611329370685,1.3216457555989942,17,1,1.0
2024-11-13,ILI incidence,2024-11-17,2,DK,QMUL,SEIR,WIS,41.9308541814633,-1.5109792481890558,17,13,0.5576081446959825
2024-11-13,ILI incidence,2024-11-17,2,DK,QMUL,SEIR_agumented,WIS,32.9474624336789,-1.1631343834966708,17,12,0.6678649878399174
2024-11-13,ILI incidence,2024-11-17,2,DK,RIVM,KFdlm,WIS,19.2890355192851,-0.39074803656228646,17,10,0.835500450722256
2024-11-13,ILI incidence,2024-11-17,2,DK,fjordhest,ensemble,WIS,13.3421739130435,0.1410392198783192,17,5,0.9084887168167165
2024-11-13,ILI incidence,2024-11-17,2,DK,respicast,hubEnsemble,WIS,15.6560997279018,-0.08969187922844128,17,8,0.8800889583759853
2024-11-13,ILI incidence,2024-11-17,2,DK,respicast,quantileBaseline,WIS,14.7124036956522,0.0,17,7,0.8916713259632567
2024-11-13,ILI incidence,2024-11-17,2,EE,ECDC,SARIMA,WIS,11.9512373655444,-0.33253542278487763,14,3,0.961453715474592
2024-11-13,ILI incidence,2024-11-17,2,EE,ECDC,soca_simplex,WIS,37.0158791939741,-1.9635197237218798,14,11,0.8276310266419249
2024-11-13,ILI incidence,2024-11-17,2,EE,ISI,FluABCaster,WIS,59.2203392741401,-2.641468183875881,14,13,0.7090791409878061
2024-11-13,ILI incidence,2024-11-17,2,EE,ISI,FluBcast,WIS,4.73161845133941,1.0042189245706905,14,1,1.0
2024-11-13,ILI incidence,2024-11-17,2,EE,ISI,GLEAM,WIS,25.8135260869565,-1.4435026528772943,14,7,0.8874415367739182
2024-11-13,ILI incidence,2024-11-17,2,EE,ISI,RC_AdaptEns2,WIS,18.8116205691962,-0.9869995665280056,14,5,0.9248254271862743
2024-11-13,ILI incidence,2024-11-17,2,EE,ISI,SEIR_BRW,WIS,30.5086270694821,-1.6845926862171885,14,10,0.8623739119451521
2024-11-13,ILI incidence,2024-11-17,2,EE,ItaLuxColab,EpiEKF,WIS,29.428782437412,-1.6326032827348993,14,9,0.8681393129899512
2024-11-13,ILI incidence,2024-11-17,2,EE,ItaLuxColab,EpiNetEKF,WIS,23.6678186897105,-1.318302176413797,14,6,0.8988976882447087
2024-11-13,ILI incidence,2024-11-17,2,EE,NotreDame,Rt_cocirc,WIS,192.029019565217,-4.338627871550904,14,14,0.0
2024-11-13,ILI incidence,2024-11-17,2,EE,QMUL,SEIR,WIS,47.5795662532863,-2.325717547986667,14,12,0.7712304199250734
2024-11-13,ILI incidence,2024-11-17,2,EE,RIVM,KFdlm,WIS,27.5340512199268,-1.5365923244615867,14,8,0.8782554769421311
2024-11-13,ILI incidence,2024-11-17,2,EE,respicast,hubEnsemble,WIS,14.136644241517,-0.5748151217653411,14,4,0.9497856044224592
2024-11-13,ILI incidence,2024-11-17,2,EE,respicast,quantileBaseline,WIS,9.49095108695652,0.0,14,2,0.9745894357993605
2024-11-13,ILI incidence,2024-11-17,2,FR,ECDC,soca_simplex,WIS,8.59916543118537,0.3678170396938794,13,3,0.990859653678861
2024-11-13,ILI incidence,2024-11-17,2,FR,ISI,FluABCaster,WIS,20.827139779686,-0.9083791311105611,13,12,0.9495535371150675
2024-11-13,ILI incidence,2024-11-17,2,FR,ISI,FluBcast,WIS,13.3351989660022,-0.2651537560442712,13,9,0.9748613249562327
2024-11-13,ILI incidence,2024-11-17,2,FR,ISI,GLEAM,WIS,12.2095956521739,-0.13792982853390995,13,6,0.9786636147190735
2024-11-13,ILI incidence,2024-11-17,2,FR,ISI,RC_AdaptEns2,WIS,12.8395221832283,-0.21050591970454433,13,8,0.9765357219073298
2024-11-13,ILI incidence,2024-11-17,2,FR,ISI,SEIR_BRW,WIS,12.3000490031806,-0.14857846870973376,13,7,0.9783580631572381
2024-11-13,ILI incidence,2024-11-17,2,FR,ItaLuxColab,EpiEKF,WIS,13.6586587190486,-0.2997302233223067,13,10,0.97376867740217
2024-11-13,ILI incidence,2024-11-17,2,FR,ItaLuxColab,EpiNetEKF,WIS,12.1513573698572,-0.13103188483888634,13,5,0.9788603437282528
2024-11-13,ILI incidence,2024-11-17,2,FR,NotreDame,Rt_cocirc,WIS,301.926339130435,-4.766039118993908,13,13,0.0
2024-11-13,ILI incidence,2024-11-17,2,FR,RIVM,KFdlm,WIS,14.2253496980154,-0.3583785238209273,13,11,0.9718543943847442
2024-11-13,ILI incidence,2024-11-17,2,FR,fjordhest,ensemble,WIS,7.0563652173913,0.6530884568061498,13,2,0.9960712352253529
2024-11-13,ILI incidence,2024-11-17,2,FR,respicast,hubEnsemble,WIS,5.89332112411563,0.9129328093640875,13,1,1.0
2024-11-13,ILI incidence,2024-11-17,2,FR,respicast,quantileBaseline,WIS,11.0963530434783,0.0,13,4,0.9824241500005529
2024-11-13,ILI incidence,2024-11-17,2,GB-ENG,ECDC,SARIMA,WIS,0.182046277428812,0.5608128399291898,10,5,0.7515579735338621
2024-11-13,ILI incidence,2024-11-17,2,GB-ENG,ECDC,soca_simplex,WIS,0.137971010935816,0.9607529056311994,10,4,0.84644756502877
2024-11-13,ILI incidence,2024-11-17,2,GB-ENG,ISI,FluABCaster,WIS,0.232345645757475,0.20884547161211173,10,6,0.6432685202206939
2024-11-13,ILI incidence,2024-11-17,2,GB-ENG,ISI,FluBcast,WIS,0.315929464602716,-0.2344844136802369,10,8,0.46332101095107536
2024-11-13,ILI incidence,2024-11-17,2,GB-ENG,ISI,GLEAM,WIS,0.0666474401902449,2.0104967099425446,10,1,1.0
2024-11-13,ILI incidence,2024-11-17,2,GB-ENG,ISI,SEIR_BRW,WIS,0.130310881092938,1.0431605246210844,10,3,0.8629390499232323
2024-11-13,ILI incidence,2024-11-17,2,GB-ENG,ItaLuxColab,EpiEKF,WIS,0.368931261708522,-0.4582339621400141,10,9,0.3492135017732209
2024-11-13,ILI incidence,2024-11-17,2,GB-ENG,RIVM,KFdlm,WIS,0.531137441660651,-0.9839671533498655,10,10,0.0
2024-11-13,ILI incidence,2024-11-17,2,GB-ENG,respicast,hubEnsemble,WIS,0.125420821038704,1.0983412110807285,10,2,0.8734668546956792
2024-11-13,ILI incidence,2024-11-17,2,GB-ENG,respicast,quantileBaseline,WIS,0.268536478528178,0.0,10,7,0.5653533171891193
2024-11-13,ILI incidence,2024-11-17,2,GB-NIR,ECDC,soca_simplex,WIS,0.943157901323574,-0.7714049587046092,9,8,0.1676802103879121
2024-11-13,ILI incidence,2024-11-17,2,GB-NIR,ISI,FluABCaster,WIS,0.201792532479481,1.4532215779383444,9,2,0.9826587484838795
2024-11-13,ILI incidence,2024-11-17,2,GB-NIR,ISI,FluBcast,WIS,0.798066730475134,-0.5304150175664554,9,7,0.3271780710622765
2024-11-13,ILI incidence,2024-11-17,2,GB-NIR,ISI,GLEAM,WIS,0.757627208945323,-0.4553937786782803,9,5,0.3716329964239123
2024-11-13,ILI incidence,2024-11-17,2,GB-NIR,ISI,SEIR_BRW,WIS,0.186017634460077,1.5706549698815406,9,1,1.0
2024-11-13,ILI incidence,2024-11-17,2,GB-NIR,ItaLuxColab,EpiEKF,WIS,1.0956923488104,-0.9876765014899274,9,9,0.0
2024-11-13,ILI incidence,2024-11-17,2,GB-NIR,RIVM,KFdlm,WIS,0.760857360345163,-0.4615316486695302,9,6,0.36808211021273846
2024-11-13,ILI incidence,2024-11-17,2,GB-NIR,respicast,hubEnsemble,WIS,0.276882753513607,0.9968191712527313,9,3,0.9001125153638851
2024-11-13,ILI incidence,2024-11-17,2,GB-NIR,respicast,quantileBaseline,WIS,0.552545919497042,0.0,9,4,0.597077637473155
2024-11-13,ILI incidence,2024-11-17,2,GB-SCT,ECDC,SARIMA,WIS,1.647856635814,-0.4656024942467011,11,9,0.2697183218249282
2024-11-13,ILI incidence,2024-11-17,2,GB-SCT,ECDC,soca_simplex,WIS,0.853634745447055,0.4832974342835784,11,4,0.7159734200278126
2024-11-13,ILI incidence,2024-11-17,2,GB-SCT,ISI,FluABCaster,WIS,0.67421307973597,0.8237117176940083,11,3,0.8167863465194666
2024-11-13,ILI incidence,2024-11-17,2,GB-SCT,ISI,FluBcast,WIS,0.348138834770844,1.7772535783875643,11,1,1.0
2024-11-13,ILI incidence,2024-11-17,2,GB-SCT,ISI,GLEAM,WIS,0.380515092621284,1.648962656146811,11,2,0.981808521898314
2024-11-13,ILI incidence,2024-11-17,2,GB-SCT,ISI,SEIR_BRW,WIS,2.12788744395281,-0.8344336018374479,11,11,0.0
2024-11-13,ILI incidence,2024-11-17,2,GB-SCT,ItaLuxColab,EpiEKF,WIS,1.11307332370727,0.10043960533999784,11,6,0.5702008221891426
2024-11-13,ILI incidence,2024-11-17,2,GB-SCT,QMUL,ARIMA,WIS,1.70758496781813,-0.5169691287577437,11,10,0.23615833942292863
2024-11-13,ILI incidence,2024-11-17,2,GB-SCT,RIVM,KFdlm,WIS,1.48238544279193,-0.31293238041514665,11,8,0.3626927970785576
2024-11-13,ILI incidence,2024-11-17,2,GB-SCT,respicast,hubEnsemble,WIS,1.06487191769095,0.1643083245048291,11,5,0.5972840887626588
2024-11-13,ILI incidence,2024-11-17,2,GB-SCT,respicast,quantileBaseline,WIS,1.1933260146169,0.0,11,7,0.5251086723789978
2024-11-13,ILI incidence,2024-11-17,2,GR,ECDC,SARIMA,WIS,54.3890929801789,-0.012864233426415718,16,9,0.9347152869268593
2024-11-13,ILI incidence,2024-11-17,2,GR,ECDC,soca_simplex,WIS,89.1398693211473,-0.7256177124937561,16,14,0.8793299917284162
2024-11-13,ILI incidence,2024-11-17,2,GR,ISI,FluABCaster,WIS,13.4270568592127,2.0053100252756826,16,1,1.0
2024-11-13,ILI incidence,2024-11-17,2,GR,ISI,FluBcast,WIS,48.2124893168309,0.16104621229624697,16,7,0.9445594703736336
2024-11-13,ILI incidence,2024-11-17,2,GR,ISI,RC_AdaptEns2,WIS,21.1024059796001,1.3530456370522381,16,2,0.9877671372687404
2024-11-13,ILI incidence,2024-11-17,2,GR,ISI,SEIR_BRW,WIS,423.067430420771,-2.972362586418375,16,15,0.34712097386555296
2024-11-13,ILI incidence,2024-11-17,2,GR,ItaLuxColab,EpiEKF,WIS,69.6838167391483,-0.37037051227789136,16,12,0.9103387728007422
2024-11-13,ILI incidence,2024-11-17,2,GR,ItaLuxColab,EpiNetEKF,WIS,55.1758864556761,-0.033584769555985196,16,10,0.9334613066280295
2024-11-13,ILI incidence,2024-11-17,2,GR,NotreDame,Rt_cocirc,WIS,640.86392826087,-3.5714930298636145,16,16,0.0
2024-11-13,ILI incidence,2024-11-17,2,GR,QMUL,ARIMA,WIS,38.0002397071506,0.5044446143031476,16,4,0.9608356091776327
2024-11-13,ILI incidence,2024-11-17,2,GR,QMUL,SEIR,WIS,43.9080590576385,0.29596737149098656,16,6,0.9514198103622233
2024-11-13,ILI incidence,2024-11-17,2,GR,QMUL,SEIR_agumented,WIS,23.7032336995042,1.1853692421108828,16,3,0.983621974881178
2024-11-13,ILI incidence,2024-11-17,2,GR,RIVM,KFdlm,WIS,69.822184638871,-0.3732323640439227,16,13,0.9101182440017035
2024-11-13,ILI incidence,2024-11-17,2,GR,fjordhest,ensemble,WIS,62.7154347826087,-0.21836741233138998,16,11,0.9214448812781936
2024-11-13,ILI incidence,2024-11-17,2,GR,respicast,hubEnsemble,WIS,43.7309718734661,0.30179772236111674,16,5,0.9517020494084829
2024-11-13,ILI incidence,2024-11-17,2,GR,respicast,quantileBaseline,WIS,53.9062717391305,0.0,16,8,0.9354848005832211
2024-11-13,ILI incidence,2024-11-17,2,HU,ECDC,SARIMA,WIS,36.6329592914406,-0.4286987274935059,14,11,0.8123264263999542
2024-11-13,ILI incidence,2024-11-17,2,HU,ECDC,soca_simplex,WIS,29.6492063227481,-0.1235499635435598,14,9,0.8642421947584654
2024-11-13,ILI incidence,2024-11-17,2,HU,ISI,FluABCaster,WIS,16.6704994395639,0.7071461949844845,14,3,0.9607232047771451
2024-11-13,ILI incidence,2024-11-17,2,HU,ISI,RC_AdaptEns2,WIS,11.3869518024736,1.2570619217543135,14,1,1.0
2024-11-13,ILI incidence,2024-11-17,2,HU,ISI,SEIR_BRW,WIS,71.7672126960024,-1.398881367871596,14,13,0.5511456874223044
2024-11-13,ILI incidence,2024-11-17,2,HU,ItaLuxColab,EpiEKF,WIS,31.8412114391985,-0.2264517037294455,14,10,0.8479472842173189
2024-11-13,ILI incidence,2024-11-17,2,HU,ItaLuxColab,EpiNetEKF,WIS,28.6064793011864,-0.071898428739024,14,8,0.8719936107600387
2024-11-13,ILI incidence,2024-11-17,2,HU,NotreDame,Rt_cocirc,WIS,145.907795652174,-2.4225415390520633,14,14,0.0
2024-11-13,ILI incidence,2024-11-17,2,HU,QMUL,ARIMA,WIS,20.5541440590262,0.4050142276859496,14,4,0.9318529976901195
2024-11-13,ILI incidence,2024-11-17,2,HU,QMUL,SEIR,WIS,50.5682832139363,-0.8937892776484743,14,12,0.7087341240942567
2024-11-13,ILI incidence,2024-11-17,2,HU,QMUL,SEIR_agumented,WIS,13.2393878520163,1.0396071043853783,14,2,0.986229375340431
2024-11-13,ILI incidence,2024-11-17,2,HU,RIVM,KFdlm,WIS,24.2364196357113,0.1672669322623348,14,6,0.9044797262229907
2024-11-13,ILI incidence,2024-11-17,2,HU,respicast,hubEnsemble,WIS,20.8850227929545,0.38197480436285236,14,5,0.9293933139380759
2024-11-13,ILI incidence,2024-11-17,2,HU,respicast,quantileBaseline,WIS,27.2157826086957,0.0,14,7,0.882331760987854
2024-11-13,ILI incidence,2024-11-17,2,IE,ECDC,SARIMA,WIS,2.40893800693342,-1.0124368361812293,15,14,0.6708023818744383
2024-11-13,ILI incidence,2024-11-17,2,IE,ECDC,soca_simplex,WIS,1.43369078048651,-0.2637734653448227,15,12,0.8418977375261054
2024-11-13,ILI incidence,2024-11-17,2,IE,ISI,FluABCaster,WIS,0.53250446607503,1.1650949004097682,15,1,1.0
2024-11-13,ILI incidence,2024-11-17,2,IE,ISI,FluBcast,WIS,1.08332910372661,0.14048884592333516,15,7,0.9033644652094501
2024-11-13,ILI incidence,2024-11-17,2,IE,ISI,GLEAM,WIS,2.04418695652174,-0.7755667171114604,15,13,0.7347935515000849
2024-11-13,ILI incidence,2024-11-17,2,IE,ISI,RC_AdaptEns2,WIS,1.11715646238708,0.09612917530227798,15,8,0.8974298633938103
2024-11-13,ILI incidence,2024-11-17,2,IE,ISI,SEIR_BRW,WIS,1.30172456639437,-0.1244637883746699,15,10,0.865049617092438
2024-11-13,ILI incidence,2024-11-17,2,IE,ItaLuxColab,EpiEKF,WIS,1.33515005804633,-0.1610414654082769,15,11,0.8591855179933207
2024-11-13,ILI incidence,2024-11-17,2,IE,ItaLuxColab,EpiNetEKF,WIS,0.91089178383565,0.3906088570541224,15,4,0.9336165118436686
2024-11-13,ILI incidence,2024-11-17,2,IE,NotreDame,Rt_cocirc,WIS,6.23252608695652,-2.3838565856090863,15,15,0.0
2024-11-13,ILI incidence,2024-11-17,2,IE,QMUL,SEIR,WIS,0.825386203613855,0.5328192017726916,15,2,0.9486174339293942
2024-11-13,ILI incidence,2024-11-17,2,IE,RIVM,KFdlm,WIS,1.06672744336537,0.16276882653534205,15,6,0.9062770261549072
2024-11-13,ILI incidence,2024-11-17,2,IE,fjordhest,ensemble,WIS,1.01058695652174,0.24076696612373583,15,5,0.9161261970138325
2024-11-13,ILI incidence,2024-11-17,2,IE,respicast,hubEnsemble,WIS,0.877047790634178,0.4452330678158398,15,3,0.9395540319887655
2024-11-13,ILI incidence,2024-11-17,2,IE,respicast,quantileBaseline,WIS,1.19413043478261,0.0,15,9,0.8839257089334932
2024-11-13,ILI incidence,2024-11-17,2,IS,ECDC,SARIMA,WIS,0.881006351951316,-0.6261011528432301,12,10,0.27196544395576433
2024-11-13,ILI incidence,2024-11-17,2,IS,ECDC,soca_simplex,WIS,1.12419474152841,-0.9777687986574063,12,12,0.0
2024-11-13,ILI incidence,2024-11-17,2,IS,ISI,FluABCaster,WIS,0.242745324421173,1.2336077602005389,12,2,0.9857534007482861
2024-11-13,ILI incidence,2024-11-17,2,IS,ISI,FluBcast,WIS,0.23000617830547,1.3113786533915526,12,1,1.0
2024-11-13,ILI incidence,2024-11-17,2,IS,ISI,GLEAM,WIS,0.355334782608696,0.6838723515207297,12,5,0.8598409670422289
2024-11-13,ILI incidence,2024-11-17,2,IS,ISI,RC_AdaptEns2,WIS,0.456656598083756,0.3219415895271569,12,6,0.7465295027243852
2024-11-13,ILI incidence,2024-11-17,2,IS,ISI,SEIR_BRW,WIS,0.262064475601839,1.1231294669723912,12,3,0.9641481689490405
2024-11-13,ILI incidence,2024-11-17,2,IS,ItaLuxColab,EpiEKF,WIS,1.06780359446625,-0.9035231374453829,12,11,0.06306404418650607
2024-11-13,ILI incidence,2024-11-17,2,IS,ItaLuxColab,EpiNetEKF,WIS,0.485178348576709,0.2345360973808697,12,8,0.7146327063818426
2024-11-13,ILI incidence,2024-11-17,2,IS,RIVM,KFdlm,WIS,0.459987523084906,0.3114565386297065,12,7,0.7428044215299399
2024-11-13,ILI incidence,2024-11-17,2,IS,respicast,hubEnsemble,WIS,0.33846978318462,0.7540242247332147,12,4,0.8787016415327292
2024-11-13,ILI incidence,2024-11-17,2,IS,respicast,quantileBaseline,WIS,0.570826086956522,0.0,12,9,0.6188500695841728
2024-11-13,ILI incidence,2024-11-17,2,IT,respicast,quantileBaseline,WIS,182.78202326087,0.0,1,1,0.0
2024-11-13,ILI incidence,2024-11-17,2,LT,ECDC,SARIMA,WIS,3.48342297238094,-0.28932322849092684,14,13,0.9754062988375751
2024-11-13,ILI incidence,2024-11-17,2,LT,ECDC,soca_simplex,WIS,2.44353398277654,0.22221326477362818,14,9,0.9837337038448706
2024-11-13,ILI incidence,2024-11-17,2,LT,ISI,FluABCaster,WIS,0.644783162037901,2.1442964586616093,14,3,0.99813805540666
2024-11-13,ILI incidence,2024-11-17,2,LT,ISI,FluBcast,WIS,0.412271871885508,2.789514494585514,14,1,1.0
2024-11-13,ILI incidence,2024-11-17,2,LT,ISI,GLEAM,WIS,0.506769565217391,2.4917806443360804,14,2,0.9992432648364425
2024-11-13,ILI incidence,2024-11-17,2,LT,ISI,SEIR_BRW,WIS,1.74998538203099,0.7038395623870197,14,8,0.9892876236847646
2024-11-13,ILI incidence,2024-11-17,2,LT,ItaLuxColab,EpiEKF,WIS,2.53149059827789,0.17119530716043185,14,10,0.9830293494689007
2024-11-13,ILI incidence,2024-11-17,2,LT,ItaLuxColab,EpiNetEKF,WIS,1.61790195345831,0.8170582517856401,14,7,0.990345344475611
2024-11-13,ILI incidence,2024-11-17,2,LT,NotreDame,Rt_cocirc,WIS,125.287786956522,-5.457919544108976,14,14,0.0
2024-11-13,ILI incidence,2024-11-17,2,LT,QMUL,SEIR,WIS,0.773650088184359,1.8814293264796023,14,4,0.9971060922867552
2024-11-13,ILI incidence,2024-11-17,2,LT,RIVM,KFdlm,WIS,1.44452414384184,0.9805881160078878,14,6,0.9917337496365344
2024-11-13,ILI incidence,2024-11-17,2,LT,fjordhest,ensemble,WIS,2.7692347826087,0.041695059219978695,14,11,0.9811254999899242
2024-11-13,ILI incidence,2024-11-17,2,LT,respicast,hubEnsemble,WIS,1.15780192245422,1.299793976200072,14,5,0.9940298140106696
2024-11-13,ILI incidence,2024-11-17,2,LT,respicast,quantileBaseline,WIS,2.85043565217391,0.0,14,12,0.9804752454583598
2024-11-13,ILI incidence,2024-11-17,2,LU,ECDC,SARIMA,WIS,708.690501567233,0.34320028876502207,11,4,0.8943348152786945
2024-11-13,ILI incidence,2024-11-17,2,LU,ECDC,soca_simplex,WIS,1286.23531347725,-0.5167266972987382,11,8,0.6708369736020483
2024-11-13,ILI incidence,2024-11-17,2,LU,ISI,FluABCaster,WIS,1984.5495551062,-1.1423836806401297,11,9,0.4006038720354626
2024-11-13,ILI incidence,2024-11-17,2,LU,ISI,GLEAM,WIS,3019.75726086957,-1.7480046782088776,11,11,0.0
2024-11-13,ILI incidence,2024-11-17,2,LU,ItaLuxColab,EpiEKF,WIS,838.169019087243,0.10111480510396319,11,6,0.844229319371785
2024-11-13,ILI incidence,2024-11-17,2,LU,ItaLuxColab,EpiNetEKF,WIS,759.013937736644,0.2442296237629398,11,5,0.8748606911281892
2024-11-13,ILI incidence,2024-11-17,2,LU,NotreDame,Rt_cocirc,WIS,2329.52472826087,-1.3736077380563037,11,10,0.26710564810178705
2024-11-13,ILI incidence,2024-11-17,2,LU,QMUL,ARIMA,WIS,435.639188062399,1.0452222638011752,11,1,1.0
2024-11-13,ILI incidence,2024-11-17,2,LU,fjordhest,ensemble,WIS,685.024439130435,0.39220054278923133,11,3,0.9034930896957334
2024-11-13,ILI incidence,2024-11-17,2,LU,respicast,hubEnsemble,WIS,665.145973090126,0.43468501223635897,11,2,0.9111856430080186
2024-11-13,ILI incidence,2024-11-17,2,LU,respicast,quantileBaseline,WIS,899.021739130434,0.0,11,7,0.820680581145174
2024-11-13,ILI incidence,2024-11-17,2,LV,ECDC,SARIMA,WIS,2110.63299062325,-1.4926105254478075,11,11,0.0
2024-11-13,ILI incidence,2024-11-17,2,LV,ECDC,soca_simplex,WIS,19.680243373823,5.252173338718078,11,2,0.9980078629907253
2024-11-13,ILI incidence,2024-11-17,2,LV,ISI,FluABCaster,WIS,40.6511499361326,4.205625236746788,11,3,0.9879984882352411
2024-11-13,ILI incidence,2024-11-17,2,LV,ISI,FluBcast,WIS,50.6976697992796,3.887001961830516,11,5,0.9832033029627366
2024-11-13,ILI incidence,2024-11-17,2,LV,ISI,GLEAM,WIS,225.397613043478,1.7345210680892023,11,7,0.8998193445011706
2024-11-13,ILI incidence,2024-11-17,2,LV,ItaLuxColab,EpiEKF,WIS,300.333195775957,1.32042936102608,11,8,0.8640527300316736
2024-11-13,ILI incidence,2024-11-17,2,LV,ItaLuxColab,EpiNetEKF,WIS,683.236347673185,0.1346085782473123,11,9,0.6812937667504337
2024-11-13,ILI incidence,2024-11-17,2,LV,NotreDame,Rt_cocirc,WIS,108.569017391304,2.788380849138607,11,6,0.9555814162344566
2024-11-13,ILI incidence,2024-11-17,2,LV,RIVM,KFdlm,WIS,15.5064642815848,5.596051633804651,11,1,1.0
2024-11-13,ILI incidence,2024-11-17,2,LV,respicast,hubEnsemble,WIS,46.8397904358888,4.001186779307019,11,4,0.9850446616181143
2024-11-13,ILI incidence,2024-11-17,2,LV,respicast,quantileBaseline,WIS,750.05339673913,0.0,11,10,0.6494021133224113
2024-11-13,ILI incidence,2024-11-17,2,MT,ECDC,SARIMA,WIS,554.690680958714,0.4326121060483463,9,1,1.0
2024-11-13,ILI incidence,2024-11-17,2,MT,ECDC,soca_simplex,WIS,961.077542535082,-0.36035724271261127,9,6,0.7010457965469957
2024-11-13,ILI incidence,2024-11-17,2,MT,ISI,FluABCaster,WIS,1803.27314919126,-1.2682504453343055,9,8,0.08149349172376656
2024-11-13,ILI incidence,2024-11-17,2,MT,ItaLuxColab,EpiEKF,WIS,1055.72465672171,-0.49586611589716156,9,7,0.6314196464272982
2024-11-13,ILI incidence,2024-11-17,2,MT,ItaLuxColab,EpiNetEKF,WIS,758.101931917238,-0.01809624769609038,9,5,0.850362661165272
2024-11-13,ILI incidence,2024-11-17,2,MT,NotreDame,Rt_cocirc,WIS,1914.05227173913,-1.3542627306557977,9,9,0.0
2024-11-13,ILI incidence,2024-11-17,2,MT,RIVM,KFdlm,WIS,608.693888119129,0.29857871399809144,9,2,0.9602731109024409
2024-11-13,ILI incidence,2024-11-17,2,MT,respicast,hubEnsemble,WIS,716.48787022612,0.06335331321630447,9,3,0.8809756062222434
2024-11-13,ILI incidence,2024-11-17,2,MT,respicast,quantileBaseline,WIS,748.652173913043,0.0,9,4,0.8573142758557899
2024-11-13,ILI incidence,2024-11-17,2,NL,ECDC,SARIMA,WIS,2.0400246922081,0.26221009603870504,16,10,0.8449684321497594
2024-11-13,ILI incidence,2024-11-17,2,NL,ECDC,soca_simplex,WIS,4.70508395303771,-0.9434237547154122,16,14,0.5619980567442419
2024-11-13,ILI incidence,2024-11-17,2,NL,ISI,FluABCaster,WIS,0.698409461111403,1.8086517026414999,16,2,0.9874183097840055
2024-11-13,ILI incidence,2024-11-17,2,NL,ISI,FluBcast,WIS,1.56108343238377,0.6482490660732696,16,7,0.8958214056958312
2024-11-13,ILI incidence,2024-11-17,2,NL,ISI,GLEAM,WIS,3.31515217391304,-0.43827838468343855,16,12,0.7095780836155892
2024-11-13,ILI incidence,2024-11-17,2,NL,ISI,LSTFlu,WIS,7.9069148348256,-1.6923181749583436,16,15,0.2220344019313801
2024-11-13,ILI incidence,2024-11-17,2,NL,ISI,RC_AdaptEns2,WIS,0.95711596195404,1.3540310765399648,16,3,0.9599493987773134
2024-11-13,ILI incidence,2024-11-17,2,NL,ISI,SEIR_BRW,WIS,0.579913134494267,2.076887991087919,16,1,1.0
2024-11-13,ILI incidence,2024-11-17,2,NL,ItaLuxColab,EpiEKF,WIS,2.02366604900406,0.273825478415857,16,9,0.8467053584075008
2024-11-13,ILI incidence,2024-11-17,2,NL,ItaLuxColab,EpiNetEKF,WIS,1.98151981013481,0.3041893199026374,16,8,0.8511803572227429
2024-11-13,ILI incidence,2024-11-17,2,NL,NotreDame,Rt_cocirc,WIS,9.99806956521739,-2.030852854588973,16,16,0.0
2024-11-13,ILI incidence,2024-11-17,2,NL,QMUL,SEIR,WIS,3.39831273712673,-0.47402191523846327,16,13,0.7007482702837134
2024-11-13,ILI incidence,2024-11-17,2,NL,RIVM,KFdlm,WIS,1.50931626079277,0.6969015719622728,16,6,0.9013179348702808
2024-11-13,ILI incidence,2024-11-17,2,NL,fjordhest,ensemble,WIS,1.16712608695652,1.0678362838602864,16,5,0.9376509663242909
2024-11-13,ILI incidence,2024-11-17,2,NL,respicast,hubEnsemble,WIS,1.00338432767583,1.2859224012752626,16,4,0.9550367212207105
2024-11-13,ILI incidence,2024-11-17,2,NL,respicast,quantileBaseline,WIS,2.44663130434782,0.0,16,11,0.8017957990415088
2024-11-13,ILI incidence,2024-11-17,2,NO,ECDC,SARIMA,WIS,2.83049746763041,-0.6859435945644429,15,12,0.9148481891992452
2024-11-13,ILI incidence,2024-11-17,2,NO,ECDC,soca_simplex,WIS,1.16668663452641,0.5926949250597598,15,4,0.9802281799012369
2024-11-13,ILI incidence,2024-11-17,2,NO,ISI,FluABCaster,WIS,3.88664431429893,-1.1434130473313537,15,14,0.8733465535317431
2024-11-13,ILI incidence,2024-11-17,2,NO,ISI,FluBcast,WIS,0.663527057455632,1.4068848359047827,15,1,1.0
2024-11-13,ILI incidence,2024-11-17,2,NO,ISI,GLEAM,WIS,0.748978260869565,1.2321162882447327,15,2,0.9966421670219239
2024-11-13,ILI incidence,2024-11-17,2,NO,ISI,RC_AdaptEns2,WIS,1.80058954114448,-0.03335730643970479,15,7,0.9553187579188497
2024-11-13,ILI incidence,2024-11-17,2,NO,ISI,SEIR_BRW,WIS,0.933733997015226,0.9140285210432726,15,3,0.9893821299606146
2024-11-13,ILI incidence,2024-11-17,2,NO,ItaLuxColab,EpiEKF,WIS,3.40580662358898,-0.9528844850024768,15,13,0.8922412278073845
2024-11-13,ILI incidence,2024-11-17,2,NO,ItaLuxColab,EpiNetEKF,WIS,2.33870841265594,-0.4105999610696343,15,10,0.9341732009144216
2024-11-13,ILI incidence,2024-11-17,2,NO,NotreDame,Rt_cocirc,WIS,26.1118456521739,-3.891520491169809,15,15,0.0
2024-11-13,ILI incidence,2024-11-17,2,NO,QMUL,ARIMA,WIS,1.81302852349634,-0.04328958412492896,15,8,0.9548299640401672
2024-11-13,ILI incidence,2024-11-17,2,NO,RIVM,KFdlm,WIS,2.57060710157765,-0.5469970833208936,15,11,0.9250606661094761
2024-11-13,ILI incidence,2024-11-17,2,NO,fjordhest,ensemble,WIS,1.89709565217391,-0.10868038337659044,15,9,0.9515265187314064
2024-11-13,ILI incidence,2024-11-17,2,NO,respicast,hubEnsemble,WIS,1.44564843326592,0.2833952919115342,15,5,0.969266284807806
2024-11-13,ILI incidence,2024-11-17,2,NO,respicast,quantileBaseline,WIS,1.7594347826087,0.0,15,6,0.9569359476118583
2024-11-13,ILI incidence,2024-11-17,2,PL,ECDC,SARIMA,WIS,23.3110709957569,-0.662208355529972,16,8,0.9584715637866872
2024-11-13,ILI incidence,2024-11-17,2,PL,ECDC,soca_simplex,WIS,17.0046272311161,-0.20712044704795204,16,6,0.9810431363044977
2024-11-13,ILI incidence,2024-11-17,2,PL,ISI,FluABCaster,WIS,107.576572983041,-2.868485097253288,16,15,0.6568745053113667
2024-11-13,ILI incidence,2024-11-17,2,PL,ISI,FluBcast,WIS,11.7081245282002,0.33129693762205326,16,1,1.0
2024-11-13,ILI incidence,2024-11-17,2,PL,ISI,LSTFlu,WIS,14.2527985279291,0.04756171379462827,16,2,0.9908922848022352
2024-11-13,ILI incidence,2024-11-17,2,PL,ISI,RC_AdaptEns2,WIS,16.2876569836702,-0.144972150701686,16,5,0.9836092649401122
2024-11-13,ILI incidence,2024-11-17,2,PL,ISI,SEIR_BRW,WIS,75.5319978080994,-2.3582810132792518,16,13,0.7715661571134538
2024-11-13,ILI incidence,2024-11-17,2,PL,ItaLuxColab,EpiEKF,WIS,34.1370513732179,-1.2125315161762757,16,10,0.9197239890384054
2024-11-13,ILI incidence,2024-11-17,2,PL,ItaLuxColab,EpiNetEKF,WIS,36.6018139812915,-1.3131082169258463,16,11,0.9109022869787994
2024-11-13,ILI incidence,2024-11-17,2,PL,NotreDame,Rt_cocirc,WIS,291.10575,-4.304664497994732,16,16,0.0
2024-11-13,ILI incidence,2024-11-17,2,PL,QMUL,ARIMA,WIS,24.9231385775893,-0.7586788256396096,16,9,0.952701766784618
2024-11-13,ILI incidence,2024-11-17,2,PL,QMUL,SEIR,WIS,81.1628630011265,-2.4620128235845606,16,14,0.7514125671052401
2024-11-13,ILI incidence,2024-11-17,2,PL,RIVM,KFdlm,WIS,65.5306395051954,-2.1533626777347528,16,12,0.8073623035052329
2024-11-13,ILI incidence,2024-11-17,2,PL,fjordhest,ensemble,WIS,22.3653695652174,-0.6024596644828649,16,7,0.9618563507151464
2024-11-13,ILI incidence,2024-11-17,2,PL,respicast,hubEnsemble,WIS,15.9352396157825,-0.11341377972567061,16,4,0.9848706119801689
2024-11-13,ILI incidence,2024-11-17,2,PL,respicast,quantileBaseline,WIS,14.7305054347826,0.0,16,3,0.9891825104043789
2024-11-13,ILI incidence,2024-11-17,2,RO,ECDC,SARIMA,WIS,0.723029090756712,0.4815463784707823,11,2,0.8749921881476198
2024-11-13,ILI incidence,2024-11-17,2,RO,ECDC,soca_simplex,WIS,1.80480763578618,-0.8381730984947392,11,11,0.0
2024-11-13,ILI incidence,2024-11-17,2,RO,ISI,FluABCaster,WIS,0.952155340028231,0.08440311081864967,11,3,0.6896643508251646
2024-11-13,ILI incidence,2024-11-17,2,RO,ISI,FluBcast,WIS,1.15927148304947,-0.19954648414921722,11,7,0.5221392986640381
2024-11-13,ILI incidence,2024-11-17,2,RO,ItaLuxColab,EpiEKF,WIS,1.09536988433471,-0.1177461430123922,11,6,0.5738258475815302
2024-11-13,ILI incidence,2024-11-17,2,RO,ItaLuxColab,EpiNetEKF,WIS,1.56504680103738,-0.6325338219163423,11,10,0.19392957864887006
2024-11-13,ILI incidence,2024-11-17,2,RO,NotreDame,Rt_cocirc,WIS,0.568478260869565,0.828494892823954,11,1,1.0
2024-11-13,ILI incidence,2024-11-17,2,RO,QMUL,SEIR,WIS,1.52473005625485,-0.5948818671883984,11,9,0.2265396141301099
2024-11-13,ILI incidence,2024-11-17,2,RO,RIVM,KFdlm,WIS,1.26323197346778,-0.32344761447593384,11,8,0.43805127768231417
2024-11-13,ILI incidence,2024-11-17,2,RO,respicast,hubEnsemble,WIS,1.06474417235715,-0.07683485550960775,11,5,0.5985973304880375
2024-11-13,ILI incidence,2024-11-17,2,RO,respicast,quantileBaseline,WIS,1.00952173913043,0.0,11,4,0.6432637716056762
2024-11-13,ILI incidence,2024-11-17,2,SI,ECDC,SARIMA,WIS,2.87929300508191,-0.6815029431478052,13,10,0.963008026142603
2024-11-13,ILI incidence,2024-11-17,2,SI,ECDC,soca_simplex,WIS,0.996887007090616,0.8487097703473461,13,2,0.9911759915587222
2024-11-13,ILI incidence,2024-11-17,2,SI,ISI,FluABCaster,WIS,0.407197046498647,2.140412663654416,13,1,1.0
2024-11-13,ILI incidence,2024-11-17,2,SI,ISI,FluBcast,WIS,2.83333397614579,-0.6582890018475426,13,9,0.9636957483125346
2024-11-13,ILI incidence,2024-11-17,2,SI,ISI,GLEAM,WIS,3.48080434782609,-0.9552090580502391,13,11,0.9540071247866246
2024-11-13,ILI incidence,2024-11-17,2,SI,ItaLuxColab,EpiEKF,WIS,2.12563666892654,-0.24368335480190081,13,8,0.9742855962497513
2024-11-13,ILI incidence,2024-11-17,2,SI,ItaLuxColab,EpiNetEKF,WIS,1.66930626760983,0.10496299575851707,13,5,0.9811140376042357
2024-11-13,ILI incidence,2024-11-17,2,SI,NotreDame,Rt_cocirc,WIS,67.235097826087,-5.226930969057164,13,13,0.0
2024-11-13,ILI incidence,2024-11-17,2,SI,QMUL,SEIR,WIS,3.68480127385505,-1.037375148997676,13,12,0.9509545535753609
2024-11-13,ILI incidence,2024-11-17,2,SI,RIVM,KFdlm,WIS,1.01001190611229,0.8298393662952405,13,3,0.9909795930654496
2024-11-13,ILI incidence,2024-11-17,2,SI,fjordhest,ensemble,WIS,1.74544347826087,0.04061802634842636,13,6,0.9799747348614762
2024-11-13,ILI incidence,2024-11-17,2,SI,respicast,hubEnsemble,WIS,1.31766562333938,0.44622735388174195,13,4,0.9863759213409437
2024-11-13,ILI incidence,2024-11-17,2,SI,respicast,quantileBaseline,WIS,1.79528347826087,0.0,13,7,0.9792289385785078
2024-11-20,ILI incidence,2024-11-17,1,AT,ECDC,SARIMA,WIS,78.8419494738717,0.5331732761551284,13,3,0.9818311187805437
2024-11-20,ILI incidence,2024-11-17,1,AT,ECDC,soca_simplex,WIS,85.1449559276711,0.42221565982591763,13,4,0.9782410366416426
2024-11-20,ILI incidence,2024-11-17,1,AT,ISI,FluABCaster,WIS,523.313894193174,-2.197467932914418,13,10,0.7286676797652593
2024-11-20,ILI incidence,2024-11-17,1,AT,ISI,GLEAM,WIS,1450.26626956522,-3.6680372682536317,13,12,0.20069183350397088
2024-11-20,ILI incidence,2024-11-17,1,AT,ISI,LSTFlu,WIS,230.164854608701,-1.0124589249794465,13,9,0.8956402409965463
2024-11-20,ILI incidence,2024-11-17,1,AT,ISI,RC_AdaptEns2,WIS,540.972141447541,-2.2453456705278834,13,11,0.7186098512453488
2024-11-20,ILI incidence,2024-11-17,1,AT,ItaLuxColab,EpiEKF,WIS,122.213085169901,-0.09919012992214184,13,7,0.9571276791208381
2024-11-20,ILI incidence,2024-11-17,1,AT,ItaLuxColab,EpiNetEKF,WIS,77.9599583616182,0.5494034055111938,13,2,0.9823334854784014
2024-11-20,ILI incidence,2024-11-17,1,AT,NotreDame,Rt_cocirc,WIS,1802.61528913043,-3.981810996485199,13,13,0.0
2024-11-20,ILI incidence,2024-11-17,1,AT,QMUL,SEIR,WIS,46.9433546357041,1.2812157830777287,13,1,1.0
2024-11-20,ILI incidence,2024-11-17,1,AT,RIVM,KFdlm,WIS,229.61865702574,-1.009031238274633,13,8,0.8959513455783474
2024-11-20,ILI incidence,2024-11-17,1,AT,respicast,hubEnsemble,WIS,100.065000640272,0.1892711743065854,13,5,0.9697428403559597
2024-11-20,ILI incidence,2024-11-17,1,AT,respicast,quantileBaseline,WIS,114.092869565217,0.0,13,6,0.961752811780956
2024-11-20,ILI incidence,2024-11-17,1,BE,ECDC,SARIMA,WIS,18.2546770593462,-0.2991639735513194,18,14,0.8791925070770016
2024-11-20,ILI incidence,2024-11-17,1,BE,ECDC,soca_simplex,WIS,78.1698791821226,-2.397510635017873,18,17,0.389999294473919
2024-11-20,ILI incidence,2024-11-17,1,BE,ISI,FluABCaster,WIS,6.46316574886205,1.198789277618373,18,2,0.9754673604539632
2024-11-20,ILI incidence,2024-11-17,1,BE,ISI,FluBcast,WIS,13.7779073162373,0.10674539476304064,18,8,0.9157442551329962
2024-11-20,ILI incidence,2024-11-17,1,BE,ISI,GLEAM,WIS,16.0619043478261,-0.11454078031815496,18,11,0.8970959687904205
2024-11-20,ILI incidence,2024-11-17,1,BE,ISI,LSTFlu,WIS,57.8797048215836,-1.963955391391485,18,16,0.5556636872830945
2024-11-20,ILI incidence,2024-11-17,1,BE,ISI,RC_AdaptEns2,WIS,7.82573940717385,0.9228031977552276,18,4,0.9643422743038408
2024-11-20,ILI incidence,2024-11-17,1,BE,ISI,SEIR_BRW,WIS,22.3857634536161,-0.5934793484133762,18,15,0.8454631804094119
2024-11-20,ILI incidence,2024-11-17,1,BE,ItaLuxColab,EpiEKF,WIS,16.6911682811927,-0.1699827652397735,18,12,0.8919581801452606
2024-11-20,ILI incidence,2024-11-17,1,BE,ItaLuxColab,EpiNetEKF,WIS,7.78996803266461,0.9294128598634603,18,3,0.9646343389718286
2024-11-20,ILI incidence,2024-11-17,1,BE,NotreDame,Rt_cocirc,WIS,125.93605,-3.0855172447964248,18,18,0.0
2024-11-20,ILI incidence,2024-11-17,1,BE,QMUL,ARIMA,WIS,17.2798563653392,-0.21998905254121973,18,13,0.887151683548376
2024-11-20,ILI incidence,2024-11-17,1,BE,QMUL,SEIR,WIS,14.0529500521751,0.07822915433006003,18,9,0.9134985973561796
2024-11-20,ILI incidence,2024-11-17,1,BE,QMUL,SEIR_agumented,WIS,3.45846736152235,2.100897426451728,18,1,1.0
2024-11-20,ILI incidence,2024-11-17,1,BE,RIVM,KFdlm,WIS,13.3444052737354,0.15286716329623415,18,7,0.9192836950301853
2024-11-20,ILI incidence,2024-11-17,1,BE,fjordhest,ensemble,WIS,9.91273913043478,0.581746503681948,18,6,0.9473024235956405
2024-11-20,ILI incidence,2024-11-17,1,BE,respicast,hubEnsemble,WIS,8.61876157220126,0.7835496841415086,18,5,0.9578674390895616
2024-11-20,ILI incidence,2024-11-17,1,BE,respicast,quantileBaseline,WIS,14.836,0.0,18,10,0.9071051828965208
2024-11-20,ILI incidence,2024-11-17,1,CH,ECDC,soca_simplex,WIS,2.60632009857129,1.151419455428505,10,1,1.0
2024-11-20,ILI incidence,2024-11-17,1,CH,ISI,FluABCaster,WIS,3.31382731732202,0.8049353106166857,10,3,0.9910427851379822
2024-11-20,ILI incidence,2024-11-17,1,CH,ISI,FluBcast,WIS,7.59257125922568,-0.39115480703660627,10,9,0.9368728377346741
2024-11-20,ILI incidence,2024-11-17,1,CH,ISI,GLEAM,WIS,81.593731883327,-3.8169526853118216,10,10,0.0
2024-11-20,ILI incidence,2024-11-17,1,CH,ISI,SEIR_BRW,WIS,2.89626484623399,0.9992402023180463,10,2,0.9963292284034725
2024-11-20,ILI incidence,2024-11-17,1,CH,ItaLuxColab,EpiEKF,WIS,7.27644137339023,-0.3297993197708931,10,8,0.9408751196007633
2024-11-20,ILI incidence,2024-11-17,1,CH,ItaLuxColab,EpiNetEKF,WIS,4.55693240777491,0.34537076520929827,10,5,0.9753047698977765
2024-11-20,ILI incidence,2024-11-17,1,CH,RIVM,KFdlm,WIS,5.58543115083098,0.05176508709016979,10,6,0.9622837236346228
2024-11-20,ILI incidence,2024-11-17,1,CH,respicast,hubEnsemble,WIS,3.63489913598797,0.6715184049973584,10,4,0.9869779371905538
2024-11-20,ILI incidence,2024-11-17,1,CH,respicast,quantileBaseline,WIS,5.78947985048811,0.0,10,7,0.9597004170665692
2024-11-20,ILI incidence,2024-11-17,1,CZ,ECDC,SARIMA,WIS,2.16702287191937,-0.4867278271484899,18,16,0.9241913013727892
2024-11-20,ILI incidence,2024-11-17,1,CZ,ECDC,soca_simplex,WIS,0.520329947721575,1.5714879038447969,18,3,0.9874534643873784
2024-11-20,ILI incidence,2024-11-17,1,CZ,ISI,FluABCaster,WIS,0.534651490131297,1.5323158638068994,18,4,0.9869032635957004
2024-11-20,ILI incidence,2024-11-17,1,CZ,ISI,FluBcast,WIS,0.419757203696405,1.881359563926882,18,2,0.9913172384000373
2024-11-20,ILI incidence,2024-11-17,1,CZ,ISI,GLEAM,WIS,0.193747826086956,2.9967345252521125,18,1,1.0
2024-11-20,ILI incidence,2024-11-17,1,CZ,ISI,LSTFlu,WIS,1.37616045100413,0.16833786500495343,18,8,0.9545744205681461
2024-11-20,ILI incidence,2024-11-17,1,CZ,ISI,RC_AdaptEns2,WIS,0.89526089180135,0.7886064826536943,18,5,0.9730494779761636
2024-11-20,ILI incidence,2024-11-17,1,CZ,ISI,SEIR_BRW,WIS,1.40302126948988,0.14044967328016292,18,9,0.9535424895670588
2024-11-20,ILI incidence,2024-11-17,1,CZ,ItaLuxColab,EpiEKF,WIS,1.92633282240245,-0.31687043320002156,18,14,0.9334380606955369
2024-11-20,ILI incidence,2024-11-17,1,CZ,ItaLuxColab,EpiNetEKF,WIS,1.42788894312945,0.11510277805268933,18,10,0.9525871306167273
2024-11-20,ILI incidence,2024-11-17,1,CZ,NotreDame,Rt_cocirc,WIS,26.2234130434783,-4.083797009733804,18,18,0.0
2024-11-20,ILI incidence,2024-11-17,1,CZ,QMUL,ARIMA,WIS,1.92334540956199,-0.3146313231781076,18,13,0.9335528302408044
2024-11-20,ILI incidence,2024-11-17,1,CZ,QMUL,SEIR,WIS,8.25641273430188,-2.416528538890885,18,17,0.6902509179093103
2024-11-20,ILI incidence,2024-11-17,1,CZ,QMUL,SEIR_agumented,WIS,1.22505894807191,0.336135382033871,18,7,0.960379393535346
2024-11-20,ILI incidence,2024-11-17,1,CZ,RIVM,KFdlm,WIS,2.08786092051737,-0.4330390589696338,18,15,0.9272325218702817
2024-11-20,ILI incidence,2024-11-17,1,CZ,fjordhest,ensemble,WIS,1.54449565217391,0.0018507436206055925,18,11,0.9481073684657122
2024-11-20,ILI incidence,2024-11-17,1,CZ,respicast,hubEnsemble,WIS,0.899959602218272,0.7810544056591431,18,6,0.9728689643054084
2024-11-20,ILI incidence,2024-11-17,1,CZ,respicast,quantileBaseline,WIS,1.54647826086957,0.0,18,12,0.9480312011896792
2024-11-20,ILI incidence,2024-11-17,1,DK,ECDC,SARIMA,WIS,21.6222117798421,0.26840803502526533,18,5,0.9322501707746857
2024-11-20,ILI incidence,2024-11-17,1,DK,ECDC,soca_simplex,WIS,44.8896367374708,-0.7854602796670114,18,15,0.417186042291731
2024-11-20,ILI incidence,2024-11-17,1,DK,ISI,FluABCaster,WIS,61.3377546285434,-1.235853213453767,18,17,0.053078904429337805
2024-11-20,ILI incidence,2024-11-17,1,DK,ISI,FluBcast,WIS,57.3925056883159,-1.139940220279782,18,16,0.1404137174027144
2024-11-20,ILI incidence,2024-11-17,1,DK,ISI,GLEAM,WIS,40.0369869565218,-0.6204112642364316,18,13,0.5246077202302692
2024-11-20,ILI incidence,2024-11-17,1,DK,ISI,LSTFlu,WIS,32.5117023427737,-0.32003695700693213,18,11,0.6911927277343131
2024-11-20,ILI incidence,2024-11-17,1,DK,ISI,RC_AdaptEns2,WIS,18.8227358685518,0.4684458040473554,18,2,0.994221343909812
2024-11-20,ILI incidence,2024-11-17,1,DK,ISI,SEIR_BRW,WIS,28.2254054003887,-0.1160721606748596,18,9,0.7860772198115009
2024-11-20,ILI incidence,2024-11-17,1,DK,ItaLuxColab,EpiEKF,WIS,22.0235094644754,0.24187775997347233,18,6,0.9233667622078039
2024-11-20,ILI incidence,2024-11-17,1,DK,ItaLuxColab,EpiNetEKF,WIS,18.561691778119,0.4885939330668976,18,1,1.0
2024-11-20,ILI incidence,2024-11-17,1,DK,NotreDame,Rt_cocirc,WIS,63.7355326086957,-1.291175758520937,18,18,0.0
2024-11-20,ILI incidence,2024-11-17,1,DK,QMUL,ARIMA,WIS,20.1461352486189,0.3704190372064627,18,3,0.9649256418899089
2024-11-20,ILI incidence,2024-11-17,1,DK,QMUL,SEIR,WIS,41.84504477263,-0.6841346492653427,18,14,0.4845832772591863
2024-11-20,ILI incidence,2024-11-17,1,DK,QMUL,SEIR_agumented,WIS,36.7989273025744,-0.4987415701495018,18,12,0.5962876924091164
2024-11-20,ILI incidence,2024-11-17,1,DK,RIVM,KFdlm,WIS,20.9410945125769,0.3145852933387898,18,4,0.9473278629687081
2024-11-20,ILI incidence,2024-11-17,1,DK,fjordhest,ensemble,WIS,24.3410608695652,0.09753009466755692,18,7,0.8720638098247705
2024-11-20,ILI incidence,2024-11-17,1,DK,respicast,hubEnsemble,WIS,29.8873078901142,-0.19861080975513262,18,10,0.7492881742229618
2024-11-20,ILI incidence,2024-11-17,1,DK,respicast,quantileBaseline,WIS,26.0434782608696,0.0,18,8,0.8343778978012775
2024-11-20,ILI incidence,2024-11-17,1,EE,ECDC,SARIMA,WIS,8.88825547615537,-0.5096220366652717,14,7,0.9571826783601147
2024-11-20,ILI incidence,2024-11-17,1,EE,ECDC,soca_simplex,WIS,6.59932763762867,-0.08004079697940625,14,3,0.9741000545723142
2024-11-20,ILI incidence,2024-11-17,1,EE,ISI,FluABCaster,WIS,32.165849609268,-2.3651796423399674,14,13,0.7851388897196526
2024-11-20,ILI incidence,2024-11-17,1,EE,ISI,FluBcast,WIS,3.09505455401649,1.012313409329061,14,1,1.0
2024-11-20,ILI incidence,2024-11-17,1,EE,ISI,GLEAM,WIS,15.749847826087,-1.3349877361419076,14,8,0.9064689174259731
2024-11-20,ILI incidence,2024-11-17,1,EE,ISI,LSTFlu,WIS,6.98366802016017,-0.16170673157074875,14,4,0.9712594098235435
2024-11-20,ILI incidence,2024-11-17,1,EE,ISI,RC_AdaptEns2,WIS,8.41818932558235,-0.4312317081335958,14,5,0.9606569189106524
2024-11-20,ILI incidence,2024-11-17,1,EE,ItaLuxColab,EpiEKF,WIS,20.6401036495779,-1.7251000623219923,14,10,0.8703252277266308
2024-11-20,ILI incidence,2024-11-17,1,EE,ItaLuxColab,EpiNetEKF,WIS,16.7704792233029,-1.4255737617713515,14,9,0.8989254706514352
2024-11-20,ILI incidence,2024-11-17,1,EE,NotreDame,Rt_cocirc,WIS,138.395458695652,-4.470374544766969,14,14,0.0
2024-11-20,ILI incidence,2024-11-17,1,EE,QMUL,SEIR,WIS,28.69492419078,-2.20044540962838,14,12,0.8107923638575019
2024-11-20,ILI incidence,2024-11-17,1,EE,RIVM,KFdlm,WIS,22.9461500137163,-1.8779019601414864,14,11,0.85328132916056
2024-11-20,ILI incidence,2024-11-17,1,EE,respicast,hubEnsemble,WIS,8.74576800846314,-0.4863068315763028,14,6,0.9582357976659748
2024-11-20,ILI incidence,2024-11-17,1,EE,respicast,quantileBaseline,WIS,6.24316782608695,0.0,14,2,0.9767324178220861
2024-11-20,ILI incidence,2024-11-17,1,FR,ECDC,soca_simplex,WIS,8.6263566295959,0.3733031485347517,7,2,0.989186994259039
2024-11-20,ILI incidence,2024-11-17,1,FR,ItaLuxColab,EpiEKF,WIS,14.4869173416926,-0.3746242231088173,7,6,0.9583364624113899
2024-11-20,ILI incidence,2024-11-17,1,FR,ItaLuxColab,EpiNetEKF,WIS,6.57225017405417,0.7656671117145333,7,1,1.0
2024-11-20,ILI incidence,2024-11-17,1,FR,NotreDame,Rt_cocirc,WIS,196.53852826087,-4.136613837930054,7,7,0.0
2024-11-20,ILI incidence,2024-11-17,1,FR,RIVM,KFdlm,WIS,14.2253496980154,-0.3483377037152801,7,5,0.9597133786004708
2024-11-20,ILI incidence,2024-11-17,1,FR,respicast,hubEnsemble,WIS,9.32375487676814,0.2611434332839324,7,3,0.9855158255958644
2024-11-20,ILI incidence,2024-11-17,1,FR,respicast,quantileBaseline,WIS,11.1738504347826,0.0,7,4,0.9757767520263494
2024-11-20,ILI incidence,2024-11-17,1,GB-ENG,ECDC,SARIMA,WIS,0.0930474401263515,0.773754877116429,10,4,0.8786058249149346
2024-11-20,ILI incidence,2024-11-17,1,GB-ENG,ECDC,soca_simplex,WIS,0.149442981818307,0.09019809599783651,10,5,0.744597654306955
2024-11-20,ILI incidence,2024-11-17,1,GB-ENG,ISI,FluABCaster,WIS,0.401725039310549,-1.3364151442391523,10,9,0.14512017811888733
2024-11-20,ILI incidence,2024-11-17,1,GB-ENG,ISI,FluBcast,WIS,0.162135689140836,-0.027408447987129783,10,7,0.7144369990969132
2024-11-20,ILI incidence,2024-11-17,1,GB-ENG,ISI,GLEAM,WIS,0.0419603293098211,1.9226953368501263,10,1,1.0
2024-11-20,ILI incidence,2024-11-17,1,GB-ENG,ISI,SEIR_BRW,WIS,0.0512513114666402,1.6341324151330927,10,2,0.9779225895410751
2024-11-20,ILI incidence,2024-11-17,1,GB-ENG,ItaLuxColab,EpiEKF,WIS,0.242089815178459,-0.6057491434489075,10,8,0.524448467354695
2024-11-20,ILI incidence,2024-11-17,1,GB-ENG,RIVM,KFdlm,WIS,0.462796920363154,-1.5405860218339338,10,10,0.0
2024-11-20,ILI incidence,2024-11-17,1,GB-ENG,respicast,hubEnsemble,WIS,0.0751230455228888,1.082465785558563,10,3,0.9211981160429441
2024-11-20,ILI incidence,2024-11-17,1,GB-ENG,respicast,quantileBaseline,WIS,0.159084496166349,0.0,10,6,0.7216873025148027
2024-11-20,ILI incidence,2024-11-17,1,GB-NIR,ECDC,SARIMA,WIS,0.129623814555467,0.5974697262631347,11,3,0.8618927655571177
2024-11-20,ILI incidence,2024-11-17,1,GB-NIR,ECDC,soca_simplex,WIS,0.234244064330081,-0.2562119693861231,11,6,0.6560609032357463
2024-11-20,ILI incidence,2024-11-17,1,GB-NIR,ISI,FluABCaster,WIS,0.481631369598166,-1.2961288391936432,11,9,0.1693464300081044
2024-11-20,ILI incidence,2024-11-17,1,GB-NIR,ISI,FluBcast,WIS,0.370671017507202,-0.9183387947792039,11,8,0.38765192979348256
2024-11-20,ILI incidence,2024-11-17,1,GB-NIR,ISI,GLEAM,WIS,0.236827208945323,-0.2720343193848053,11,7,0.6509787755602138
2024-11-20,ILI incidence,2024-11-17,1,GB-NIR,ISI,SEIR_BRW,WIS,0.0594266487710165,1.7226185906379317,11,1,1.0
2024-11-20,ILI incidence,2024-11-17,1,GB-NIR,ItaLuxColab,EpiEKF,WIS,0.567706798378113,-1.5333454966869704,11,11,0.0
2024-11-20,ILI incidence,2024-11-17,1,GB-NIR,QMUL,ARIMA,WIS,0.107679378594622,0.8650585320722483,11,2,0.9050666647892797
2024-11-20,ILI incidence,2024-11-17,1,GB-NIR,RIVM,KFdlm,WIS,0.536421275140197,-1.4515659359418367,11,10,0.06155173138691308
2024-11-20,ILI incidence,2024-11-17,1,GB-NIR,respicast,hubEnsemble,WIS,0.16548599201569,0.24509141993345898,11,4,0.7913368379098454
2024-11-20,ILI incidence,2024-11-17,1,GB-NIR,respicast,quantileBaseline,WIS,0.196128680614241,0.0,11,5,0.7310498315763541
2024-11-20,ILI incidence,2024-11-17,1,GB-SCT,ECDC,SARIMA,WIS,1.78880914691666,0.7509734424792458,10,1,1.0
2024-11-20,ILI incidence,2024-11-17,1,GB-SCT,ECDC,soca_simplex,WIS,3.74930814411088,-0.316651488284499,10,8,0.299159183958063
2024-11-20,ILI incidence,2024-11-17,1,GB-SCT,ISI,FluABCaster,WIS,1.9295971028673,0.6416732666214713,10,2,0.9496710041277578
2024-11-20,ILI incidence,2024-11-17,1,GB-SCT,ISI,FluBcast,WIS,4.58616191564711,-0.607314377659208,10,10,0.0
2024-11-20,ILI incidence,2024-11-17,1,GB-SCT,ISI,GLEAM,WIS,4.53461562734994,-0.5910073542929135,10,9,0.018426810116109877
2024-11-20,ILI incidence,2024-11-17,1,GB-SCT,ItaLuxColab,EpiEKF,WIS,2.21350091072519,0.44364294586487746,10,4,0.84818083419587
2024-11-20,ILI incidence,2024-11-17,1,GB-SCT,QMUL,ARIMA,WIS,2.18475292806348,0.4625027771461275,10,3,0.8584576870058062
2024-11-20,ILI incidence,2024-11-17,1,GB-SCT,RIVM,KFdlm,WIS,2.37977405897452,0.3391483055155789,10,5,0.7887413705329472
2024-11-20,ILI incidence,2024-11-17,1,GB-SCT,respicast,hubEnsemble,WIS,2.63171299930712,0.1939707479198356,10,6,0.6986780280940386
2024-11-20,ILI incidence,2024-11-17,1,GB-SCT,respicast,quantileBaseline,WIS,3.01043697226099,0.0,10,7,0.5632914664893147
2024-11-20,ILI incidence,2024-11-17,1,GR,ECDC,SARIMA,WIS,35.7187077922045,-0.38957682023858353,18,9,0.9502004449127053
2024-11-20,ILI incidence,2024-11-17,1,GR,ECDC,soca_simplex,WIS,22.4330450063646,0.28147760670412186,18,3,0.9819697376829739
2024-11-20,ILI incidence,2024-11-17,1,GR,ISI,FluABCaster,WIS,184.026958108108,-2.754742148742344,18,17,0.5955588812600451
2024-11-20,ILI incidence,2024-11-17,1,GR,ISI,FluBcast,WIS,29.3744704278072,-0.1074597742548203,18,6,0.9653710794141644
2024-11-20,ILI incidence,2024-11-17,1,GR,ISI,GLEAM,WIS,102.002617391304,-1.903431198875172,18,16,0.7916992873900108
2024-11-20,ILI incidence,2024-11-17,1,GR,ISI,LSTFlu,WIS,75.7057418994106,-1.4732996572196164,18,15,0.8545815951763925
2024-11-20,ILI incidence,2024-11-17,1,GR,ISI,RC_AdaptEns2,WIS,32.4505579479691,-0.2511402155310977,18,7,0.9580153963300543
2024-11-20,ILI incidence,2024-11-17,1,GR,ISI,SEIR_BRW,WIS,20.055810685409,0.44308278510763816,18,2,0.9876542905986525
2024-11-20,ILI incidence,2024-11-17,1,GR,ItaLuxColab,EpiEKF,WIS,53.034656327869,-0.9598323512396424,18,13,0.9087937460153982
2024-11-20,ILI incidence,2024-11-17,1,GR,ItaLuxColab,EpiNetEKF,WIS,41.4594928871019,-0.6045994018949394,18,10,0.9364728134538235
2024-11-20,ILI incidence,2024-11-17,1,GR,NotreDame,Rt_cocirc,WIS,433.084893478261,-3.989474876935791,18,18,0.0
2024-11-20,ILI incidence,2024-11-17,1,GR,QMUL,ARIMA,WIS,24.2068455299931,0.17168797883014397,18,4,0.9777281436383568
2024-11-20,ILI incidence,2024-11-17,1,GR,QMUL,SEIR,WIS,43.7512911990295,-0.682222526452245,18,12,0.9309925590837039
2024-11-20,ILI incidence,2024-11-17,1,GR,QMUL,SEIR_agumented,WIS,14.8929342832067,0.8724750391071007,18,1,1.0
2024-11-20,ILI incidence,2024-11-17,1,GR,RIVM,KFdlm,WIS,60.5144190475164,-1.1501758725994125,18,14,0.8909077906420702
2024-11-20,ILI incidence,2024-11-17,1,GR,fjordhest,ensemble,WIS,42.3566565217391,-0.6354856445013392,18,11,0.9343274741786158
2024-11-20,ILI incidence,2024-11-17,1,GR,respicast,hubEnsemble,WIS,33.3333287650306,-0.2898623281489011,18,8,0.9559044738274776
2024-11-20,ILI incidence,2024-11-17,1,GR,respicast,quantileBaseline,WIS,27.266,0.0,18,5,0.9704129516487852
2024-11-20,ILI incidence,2024-11-17,1,HU,ECDC,SARIMA,WIS,10.7921632110075,0.353492821145778,17,3,0.9026699050291094
2024-11-20,ILI incidence,2024-11-17,1,HU,ECDC,soca_simplex,WIS,14.871740712595,-0.10909662959968978,17,8,0.8440434006377778
2024-11-20,ILI incidence,2024-11-17,1,HU,ISI,FluABCaster,WIS,26.3173286708549,-0.9325361636274079,17,13,0.6795619531263183
2024-11-20,ILI incidence,2024-11-17,1,HU,ISI,FluBcast,WIS,4.01936190223069,1.7784385045178437,17,1,1.0
2024-11-20,ILI incidence,2024-11-17,1,HU,ISI,GLEAM,WIS,8.61847826086957,0.6779718282058474,17,2,0.9339073432748697
2024-11-20,ILI incidence,2024-11-17,1,HU,ISI,LSTFlu,WIS,17.4982585035116,-0.34373445369974853,17,10,0.8062984241682384
2024-11-20,ILI incidence,2024-11-17,1,HU,ISI,RC_AdaptEns2,WIS,10.9833380811674,0.3281603045820086,17,4,0.8999225826996328
2024-11-20,ILI incidence,2024-11-17,1,HU,ISI,SEIR_BRW,WIS,26.6550296275951,-0.9509308929360082,17,14,0.6747089440547706
2024-11-20,ILI incidence,2024-11-17,1,HU,ItaLuxColab,EpiEKF,WIS,14.4666566590418,-0.06925465119638675,17,7,0.8498647539605798
2024-11-20,ILI incidence,2024-11-17,1,HU,ItaLuxColab,EpiNetEKF,WIS,16.0313125476665,-0.21741565680357983,17,9,0.8273795075619801
2024-11-20,ILI incidence,2024-11-17,1,HU,NotreDame,Rt_cocirc,WIS,73.605252173913,-2.4163318221175913,17,17,0.0
2024-11-20,ILI incidence,2024-11-17,1,HU,QMUL,ARIMA,WIS,26.876633269547,-0.9628755359477356,17,15,0.671524338079526
2024-11-20,ILI incidence,2024-11-17,1,HU,QMUL,SEIR,WIS,34.2610317764806,-1.3130917063324148,17,16,0.5654051452646768
2024-11-20,ILI incidence,2024-11-17,1,HU,QMUL,SEIR_agumented,WIS,26.0207945571753,-0.9161881233617184,17,12,0.6838233646354884
2024-11-20,ILI incidence,2024-11-17,1,HU,RIVM,KFdlm,WIS,18.508571962025,-0.42471669491997804,17,11,0.7917794828344584
2024-11-20,ILI incidence,2024-11-17,1,HU,respicast,hubEnsemble,WIS,11.4020104173216,0.274188668050142,17,5,0.8939059558443955
2024-11-20,ILI incidence,2024-11-17,1,HU,respicast,quantileBaseline,WIS,13.7886086956522,0.0,17,6,0.8596087977709316
2024-11-20,ILI incidence,2024-11-17,1,IE,ECDC,SARIMA,WIS,1.95510725216931,-0.5812285923304733,16,13,0.2926020460315544
2024-11-20,ILI incidence,2024-11-17,1,IE,ECDC,soca_simplex,WIS,2.00044694872191,-0.6143032094103482,16,14,0.2730066600579204
2024-11-20,ILI incidence,2024-11-17,1,IE,ISI,FluABCaster,WIS,0.932267684186204,0.4872029960685453,16,3,0.7346635869702218
2024-11-20,ILI incidence,2024-11-17,1,IE,ISI,FluBcast,WIS,0.947956625542312,0.46312620575674374,16,5,0.7278829756127112
2024-11-20,ILI incidence,2024-11-17,1,IE,ISI,GLEAM,WIS,2.12256086956522,-0.6997867672175769,16,15,0.22023018395375432
2024-11-20,ILI incidence,2024-11-17,1,IE,ISI,LSTFlu,WIS,0.933353622168404,0.4855234724554361,16,4,0.7341942548943013
2024-11-20,ILI incidence,2024-11-17,1,IE,ISI,RC_AdaptEns2,WIS,1.2148885653932,0.1051951699825233,16,10,0.6125175279414687
2024-11-20,ILI incidence,2024-11-17,1,IE,ISI,SEIR_BRW,WIS,1.83637113202047,-0.4908384980754365,16,12,0.34391866877579874
2024-11-20,ILI incidence,2024-11-17,1,IE,ItaLuxColab,EpiEKF,WIS,1.16238528955864,0.1689308095948598,16,9,0.6352089448031764
2024-11-20,ILI incidence,2024-11-17,1,IE,ItaLuxColab,EpiNetEKF,WIS,0.764971181772623,0.7725418556280677,16,2,0.806967545445769
2024-11-20,ILI incidence,2024-11-17,1,IE,NotreDame,Rt_cocirc,WIS,2.63212826086957,-1.0102106318905923,16,16,0.0
2024-11-20,ILI incidence,2024-11-17,1,IE,QMUL,SEIR,WIS,0.318333747528232,2.037407145241845,16,1,1.0
2024-11-20,ILI incidence,2024-11-17,1,IE,RIVM,KFdlm,WIS,1.09531857194508,0.254668623135933,16,8,0.6641945428011201
2024-11-20,ILI incidence,2024-11-17,1,IE,fjordhest,ensemble,WIS,1.0691347826087,0.2895754191713013,16,7,0.6755109277200938
2024-11-20,ILI incidence,2024-11-17,1,IE,respicast,hubEnsemble,WIS,0.970339712185035,0.42945733711498957,16,6,0.7182092182787465
2024-11-20,ILI incidence,2024-11-17,1,IE,respicast,quantileBaseline,WIS,1.30678260869565,0.0,16,11,0.5728017957221256
2024-11-20,ILI incidence,2024-11-17,1,IS,ECDC,SARIMA,WIS,0.690375201263094,-1.332060570841723,13,12,0.12839151034334295
2024-11-20,ILI incidence,2024-11-17,1,IS,ECDC,soca_simplex,WIS,0.216024361730564,0.3441260533265624,13,3,0.7969760397815524
2024-11-20,ILI incidence,2024-11-17,1,IS,ISI,FluABCaster,WIS,0.218073296547753,0.3305069517478482,13,4,0.7940881222183624
2024-11-20,ILI incidence,2024-11-17,1,IS,ISI,FluBcast,WIS,0.315937030850957,-0.20431697265537463,13,9,0.656151866402615
2024-11-20,ILI incidence,2024-11-17,1,IS,ISI,GLEAM,WIS,0.120739130434783,1.183426756052293,13,2,0.9312779661596795
2024-11-20,ILI incidence,2024-11-17,1,IS,ISI,LSTFlu,WIS,0.220645039298277,0.3135927600766351,13,5,0.7904633211778715
2024-11-20,ILI incidence,2024-11-17,1,IS,ISI,RC_AdaptEns2,WIS,0.285885411120874,-0.060116928340289026,13,8,0.6985088021590568
2024-11-20,ILI incidence,2024-11-17,1,IS,ISI,SEIR_BRW,WIS,0.0719818633859472,1.9296147173055678,13,1,1.0
2024-11-20,ILI incidence,2024-11-17,1,IS,ItaLuxColab,EpiEKF,WIS,0.781467079759578,-1.5108650272022246,13,13,0.0
2024-11-20,ILI incidence,2024-11-17,1,IS,ItaLuxColab,EpiNetEKF,WIS,0.521052920494433,-0.9261098345480958,13,11,0.36704663219931716
2024-11-20,ILI incidence,2024-11-17,1,IS,RIVM,KFdlm,WIS,0.383733863748031,-0.48478601347885,13,10,0.5605940854475703
2024-11-20,ILI incidence,2024-11-17,1,IS,respicast,hubEnsemble,WIS,0.236208884289818,0.21525684363026018,13,6,0.7685265075102211
2024-11-20,ILI incidence,2024-11-17,1,IS,respicast,quantileBaseline,WIS,0.274217391304348,0.0,13,7,0.7149545568375889
2024-11-20,ILI incidence,2024-11-17,1,IT,ECDC,SARIMA,WIS,11.9777240311796,1.8944083190018408,16,4,0.988672819413765
2024-11-20,ILI incidence,2024-11-17,1,IT,ECDC,soca_simplex,WIS,35.7215888285277,0.31796586664631427,16,10,0.9191604992623366
2024-11-20,ILI incidence,2024-11-17,1,IT,ISI,FluABCaster,WIS,89.6583169719507,-1.0096753011089636,16,15,0.7612558301351383
2024-11-20,ILI incidence,2024-11-17,1,IT,ISI,FluBcast,WIS,8.786844268375,2.341345086869971,16,2,0.9980144096531754
2024-11-20,ILI incidence,2024-11-17,1,IT,ISI,LSTFlu,WIS,9.98281935839539,2.1572428911916806,16,3,0.9945130839818839
2024-11-20,ILI incidence,2024-11-17,1,IT,ISI,RC_AdaptEns2,WIS,23.2027938263553,0.940463587521062,16,6,0.9558104083453053
2024-11-20,ILI incidence,2024-11-17,1,IT,ISI,SEIR_BRW,WIS,63.9003362467792,-0.5210614058540305,16,13,0.8366646575482063
2024-11-20,ILI incidence,2024-11-17,1,IT,ItaLuxColab,EpiEKF,WIS,33.1808381740761,0.42441178650618594,16,9,0.9265987775049298
2024-11-20,ILI incidence,2024-11-17,1,IT,ItaLuxColab,EpiNetEKF,WIS,24.2802769280784,0.8749772405631125,16,7,0.9526559787288977
2024-11-20,ILI incidence,2024-11-17,1,IT,NotreDame,Rt_cocirc,WIS,349.686402173913,-2.9732276748297317,16,16,0.0
2024-11-20,ILI incidence,2024-11-17,1,IT,QMUL,ARIMA,WIS,39.1191178013514,0.18688828129468668,16,11,0.9092139246967227
2024-11-20,ILI incidence,2024-11-17,1,IT,QMUL,SEIR,WIS,8.10861070294053,2.4572354617650567,16,1,1.0
2024-11-20,ILI incidence,2024-11-17,1,IT,QMUL,SEIR_agumented,WIS,32.3470283318123,0.4611289365825218,16,8,0.9290398315285918
2024-11-20,ILI incidence,2024-11-17,1,IT,RIVM,KFdlm,WIS,66.5680419576454,-0.5800676163602106,16,14,0.8288547068503639
2024-11-20,ILI incidence,2024-11-17,1,IT,respicast,hubEnsemble,WIS,17.5099247108666,1.3465892363839502,16,5,0.9724767995968351
2024-11-20,ILI incidence,2024-11-17,1,IT,respicast,quantileBaseline,WIS,44.5295217391304,0.0,16,12,0.8933744759009459
2024-11-20,ILI incidence,2024-11-17,1,LT,ECDC,SARIMA,WIS,1.95672271696009,0.08542754279445391,16,11,0.9556011438022497
2024-11-20,ILI incidence,2024-11-17,1,LT,ECDC,soca_simplex,WIS,1.79014263994316,0.21379232485802005,16,9,0.9599276619882261
2024-11-20,ILI incidence,2024-11-17,1,LT,ISI,FluABCaster,WIS,0.457252517646759,2.182803853345919,16,2,0.9945462878004705
2024-11-20,ILI incidence,2024-11-17,1,LT,ISI,FluBcast,WIS,0.606334456241721,1.7756811578915894,16,3,0.9906742418146459
2024-11-20,ILI incidence,2024-11-17,1,LT,ISI,GLEAM,WIS,0.682399999999999,1.605177320209898,16,4,0.9886986216547216
2024-11-20,ILI incidence,2024-11-17,1,LT,ISI,LSTFlu,WIS,2.41746344189637,-0.2196272007249905,16,14,0.9436345079286556
2024-11-20,ILI incidence,2024-11-17,1,LT,ISI,RC_AdaptEns2,WIS,3.05980798200565,-0.5595742475730732,16,15,0.9269511482843741
2024-11-20,ILI incidence,2024-11-17,1,LT,ISI,SEIR_BRW,WIS,1.99855311845108,0.054910954107771706,16,12,0.9545146993965415
2024-11-20,ILI incidence,2024-11-17,1,LT,ItaLuxColab,EpiEKF,WIS,1.82264304636977,0.1878348260467044,16,10,0.9590835418390797
2024-11-20,ILI incidence,2024-11-17,1,LT,ItaLuxColab,EpiNetEKF,WIS,1.21109706819455,0.7775523717766089,16,7,0.974966982665362
2024-11-20,ILI incidence,2024-11-17,1,LT,NotreDame,Rt_cocirc,WIS,38.7493826086957,-4.222234547115662,16,16,0.0
2024-11-20,ILI incidence,2024-11-17,1,LT,QMUL,SEIR,WIS,0.247273093274883,3.0696897037286,16,1,1.0
2024-11-20,ILI incidence,2024-11-17,1,LT,RIVM,KFdlm,WIS,1.15588532753829,0.8448685931694498,16,6,0.976400975279043
2024-11-20,ILI incidence,2024-11-17,1,LT,fjordhest,ensemble,WIS,1.61139130434783,0.36555999662326627,16,8,0.9645702994396556
2024-11-20,ILI incidence,2024-11-17,1,LT,respicast,hubEnsemble,WIS,0.887265312120646,1.2264293998285087,16,5,0.9833777362617123
2024-11-20,ILI incidence,2024-11-17,1,LT,respicast,quantileBaseline,WIS,2.07608695652174,0.0,16,13,0.9525009438115493
2024-11-20,ILI incidence,2024-11-17,1,LU,ECDC,SARIMA,WIS,790.757790088103,0.1445409466396469,12,7,0.8693000478365231
2024-11-20,ILI incidence,2024-11-17,1,LU,ECDC,soca_simplex,WIS,505.393655126721,0.790369257706621,12,1,1.0
2024-11-20,ILI incidence,2024-11-17,1,LU,ISI,GLEAM,WIS,2458.19840434783,-1.4917526470165205,12,11,0.10559367475401278
2024-11-20,ILI incidence,2024-11-17,1,LU,ISI,LSTFlu,WIS,567.423571503693,0.6233507267874783,12,4,0.9715896074176531
2024-11-20,ILI incidence,2024-11-17,1,LU,ItaLuxColab,EpiEKF,WIS,776.725195011605,0.1703725459324554,12,6,0.875727132674903
2024-11-20,ILI incidence,2024-11-17,1,LU,ItaLuxColab,EpiNetEKF,WIS,546.032490276797,0.6787900124447452,12,2,0.9813869608708427
2024-11-20,ILI incidence,2024-11-17,1,LU,NotreDame,Rt_cocirc,WIS,905.390493478261,-0.050763348443426295,12,9,0.8167969929186679
2024-11-20,ILI incidence,2024-11-17,1,LU,QMUL,ARIMA,WIS,554.199831651028,0.6573705374761846,12,3,0.9776462275545861
2024-11-20,ILI incidence,2024-11-17,1,LU,RIVM,KFdlm,WIS,2688.74667276558,-1.6210851192008422,12,12,0.0
2024-11-20,ILI incidence,2024-11-17,1,LU,fjordhest,ensemble,WIS,909.907043478261,-0.05794235640201964,12,10,0.814728362713881
2024-11-20,ILI incidence,2024-11-17,1,LU,respicast,hubEnsemble,WIS,645.196942318416,0.4380372086795264,12,5,0.9359685373541279
2024-11-20,ILI incidence,2024-11-17,1,LU,respicast,quantileBaseline,WIS,874.086956521739,0.0,12,8,0.8311343614997572
2024-11-20,ILI incidence,2024-11-17,1,LV,ECDC,soca_simplex,WIS,19.8610765384545,5.239499574985598,10,3,0.9856449758125493
2024-11-20,ILI incidence,2024-11-17,1,LV,ISI,FluABCaster,WIS,9.22253514864344,6.3462081115913325,10,1,1.0
2024-11-20,ILI incidence,2024-11-17,1,LV,ISI,FluBcast,WIS,56.9868276662618,3.718814915794962,10,7,0.9355496633172323
2024-11-20,ILI incidence,2024-11-17,1,LV,ISI,GLEAM,WIS,44.1509826086957,4.086997852646694,10,6,0.9528696002819184
2024-11-20,ILI incidence,2024-11-17,1,LV,ItaLuxColab,EpiEKF,WIS,222.102954216528,1.75628672163981,10,8,0.7127516402125498
2024-11-20,ILI incidence,2024-11-17,1,LV,ItaLuxColab,EpiNetEKF,WIS,743.597157182889,0.01299404934518285,10,9,0.009077929419156926
2024-11-20,ILI incidence,2024-11-17,1,LV,NotreDame,Rt_cocirc,WIS,27.2419282608696,4.783614573982703,10,5,0.9756856871171338
2024-11-20,ILI incidence,2024-11-17,1,LV,RIVM,KFdlm,WIS,15.5064642815848,5.596573632340341,10,2,0.991520834352161
2024-11-20,ILI incidence,2024-11-17,1,LV,respicast,hubEnsemble,WIS,23.3789467586257,5.004233462290972,10,4,0.9808981679327364
2024-11-20,ILI incidence,2024-11-17,1,LV,respicast,quantileBaseline,WIS,750.324831521739,0.0,10,10,0.0
2024-11-20,ILI incidence,2024-11-17,1,MT,ECDC,SARIMA,WIS,346.16352372564,0.8367619870051858,9,2,0.9031850433482569
2024-11-20,ILI incidence,2024-11-17,1,MT,ECDC,soca_simplex,WIS,877.973345786685,-0.5059614432666084,9,7,0.6804778335609724
2024-11-20,ILI incidence,2024-11-17,1,MT,ISI,GLEAM,WIS,2502.90859565217,-2.017318002057916,9,9,0.0
2024-11-20,ILI incidence,2024-11-17,1,MT,ISI,LSTFlu,WIS,114.975925807331,2.4268838840642353,9,1,1.0
2024-11-20,ILI incidence,2024-11-17,1,MT,ItaLuxColab,EpiEKF,WIS,742.961726300752,-0.26507219351771916,9,6,0.7370169567912374
2024-11-20,ILI incidence,2024-11-17,1,MT,ItaLuxColab,EpiNetEKF,WIS,604.834644484966,0.03167492023513843,9,4,0.79486074927336
2024-11-20,ILI incidence,2024-11-17,1,MT,NotreDame,Rt_cocirc,WIS,997.289686956522,-0.6897969325590317,9,8,0.630511457759602
2024-11-20,ILI incidence,2024-11-17,1,MT,respicast,hubEnsemble,WIS,392.965997285461,0.6538112148678233,9,3,0.8835854649552606
2024-11-20,ILI incidence,2024-11-17,1,MT,respicast,quantileBaseline,WIS,618.260869565217,0.0,9,5,0.7892382184332742
2024-11-20,ILI incidence,2024-11-17,1,NL,ECDC,SARIMA,WIS,2.57540979249861,0.024429587971171677,18,11,0.7342043545652296
2024-11-20,ILI incidence,2024-11-17,1,NL,ECDC,soca_simplex,WIS,2.00840754809288,0.3831795442759423,18,7,0.817897443161634
2024-11-20,ILI incidence,2024-11-17,1,NL,ISI,FluABCaster,WIS,2.31256470431664,0.17973786438476977,18,10,0.7730019386478103
2024-11-20,ILI incidence,2024-11-17,1,NL,ISI,FluBcast,WIS,4.59427888370853,-0.8106068380012186,18,16,0.4362066104958645
2024-11-20,ILI incidence,2024-11-17,1,NL,ISI,GLEAM,WIS,2.69824347826087,-0.042788940546082205,18,13,0.7160733318989991
2024-11-20,ILI incidence,2024-11-17,1,NL,ISI,LSTFlu,WIS,1.89963238414342,0.4635113404257257,18,5,0.8339533398063679
2024-11-20,ILI incidence,2024-11-17,1,NL,ISI,RC_AdaptEns2,WIS,1.66758408597965,0.6514720869535092,18,3,0.8682051244659156
2024-11-20,ILI incidence,2024-11-17,1,NL,ISI,SEIR_BRW,WIS,0.774702828013861,1.7575166851285613,18,1,1.0
2024-11-20,ILI incidence,2024-11-17,1,NL,ItaLuxColab,EpiEKF,WIS,2.30622381860127,0.18369906333471048,18,9,0.7739378931615573
2024-11-20,ILI incidence,2024-11-17,1,NL,ItaLuxColab,EpiNetEKF,WIS,3.26214006937101,-0.31658713323309023,18,15,0.6328386572136191
2024-11-20,ILI incidence,2024-11-17,1,NL,NotreDame,Rt_cocirc,WIS,7.54948260869565,-1.527146178697331,18,18,0.0
2024-11-20,ILI incidence,2024-11-17,1,NL,QMUL,ARIMA,WIS,2.76431611597333,-0.07769100950077956,18,14,0.7063205960387334
2024-11-20,ILI incidence,2024-11-17,1,NL,QMUL,SEIR,WIS,7.20634990032733,-1.4600371063141206,18,17,0.05064854053954027
2024-11-20,ILI incidence,2024-11-17,1,NL,QMUL,SEIR_agumented,WIS,2.10848402919837,0.31302550250603545,18,8,0.8031255266794396
2024-11-20,ILI incidence,2024-11-17,1,NL,RIVM,KFdlm,WIS,1.48079530418433,0.8228593710756006,18,2,0.8957763205552625
2024-11-20,ILI incidence,2024-11-17,1,NL,fjordhest,ensemble,WIS,1.82951304347826,0.5177718950293709,18,4,0.8443033944111101
2024-11-20,ILI incidence,2024-11-17,1,NL,respicast,hubEnsemble,WIS,1.94962120023337,0.4260377522458784,18,6,0.826574676926064
2024-11-20,ILI incidence,2024-11-17,1,NL,respicast,quantileBaseline,WIS,2.61939130434783,0.0,18,12,0.7277124074801549
2024-11-20,ILI incidence,2024-11-17,1,NO,ECDC,soca_simplex,WIS,1.18321659922784,0.5772205022907028,13,3,0.9901504486679873
2024-11-20,ILI incidence,2024-11-17,1,NO,ISI,FluABCaster,WIS,3.88664431429893,-1.1385903862793898,13,12,0.7095302646512905
2024-11-20,ILI incidence,2024-11-17,1,NO,ISI,FluBcast,WIS,1.10878048188641,0.6709609326831526,13,2,0.9978770384448815
2024-11-20,ILI incidence,2024-11-17,1,NO,ISI,GLEAM,WIS,1.63277391304348,0.1126096617914571,13,6,0.9434856699407044
2024-11-20,ILI incidence,2024-11-17,1,NO,ISI,RC_AdaptEns2,WIS,2.14148530619517,-0.2786770788012527,13,8,0.8906806017815716
2024-11-20,ILI incidence,2024-11-17,1,NO,ISI,SEIR_BRW,WIS,1.08832837817816,0.6978207769271538,13,1,1.0
2024-11-20,ILI incidence,2024-11-17,1,NO,ItaLuxColab,EpiEKF,WIS,3.71672345615982,-1.0740966486607302,13,11,0.7271683254780873
2024-11-20,ILI incidence,2024-11-17,1,NO,ItaLuxColab,EpiNetEKF,WIS,2.29482093093209,-0.37844688249515956,13,9,0.8747641150968672
2024-11-20,ILI incidence,2024-11-17,1,NO,NotreDame,Rt_cocirc,WIS,10.7220891304348,-2.602579428558517,13,13,0.0
2024-11-20,ILI incidence,2024-11-17,1,NO,RIVM,KFdlm,WIS,2.57060710157765,-0.5421744222689296,13,10,0.8461370630309376
2024-11-20,ILI incidence,2024-11-17,1,NO,fjordhest,ensemble,WIS,1.43888695652174,0.2949814455304214,13,5,0.9636114506724215
2024-11-20,ILI incidence,2024-11-17,1,NO,respicast,hubEnsemble,WIS,1.37853609347419,0.3567976582510978,13,4,0.9698759681956964
2024-11-20,ILI incidence,2024-11-17,1,NO,respicast,quantileBaseline,WIS,1.76532608695652,0.0,13,7,0.9297265391794395
2024-11-20,ILI incidence,2024-11-17,1,PL,ECDC,SARIMA,WIS,11.6605474948757,-0.2526702622898214,16,4,0.9792014150519203
2024-11-20,ILI incidence,2024-11-17,1,PL,ECDC,soca_simplex,WIS,8.34700543001041,0.22963465181338824,16,2,0.9969103946396749
2024-11-20,ILI incidence,2024-11-17,1,PL,ISI,FluABCaster,WIS,28.0753127731923,-1.5203368287168813,16,11,0.8914739205578037
2024-11-20,ILI incidence,2024-11-17,1,PL,ISI,FluBcast,WIS,43.9550778270777,-2.167064573255756,16,15,0.8066056950478829
2024-11-20,ILI incidence,2024-11-17,1,PL,ISI,LSTFlu,WIS,17.4855739784496,-0.8371998881212829,16,9,0.9480699934262423
2024-11-20,ILI incidence,2024-11-17,1,PL,ISI,RC_AdaptEns2,WIS,18.3126612128564,-0.903876193795913,16,10,0.9436496871000578
2024-11-20,ILI incidence,2024-11-17,1,PL,ItaLuxColab,EpiEKF,WIS,15.9658123389171,-0.7060206926018621,16,7,0.9561922466905382
2024-11-20,ILI incidence,2024-11-17,1,PL,ItaLuxColab,EpiNetEKF,WIS,11.7863148111464,-0.26814743968810795,16,5,0.9785292609663389
2024-11-20,ILI incidence,2024-11-17,1,PL,NotreDame,Rt_cocirc,WIS,194.879747826087,-4.315547000050249,16,16,0.0
2024-11-20,ILI incidence,2024-11-17,1,PL,QMUL,ARIMA,WIS,7.76890677251636,0.333181761940897,16,1,1.0
2024-11-20,ILI incidence,2024-11-17,1,PL,QMUL,SEIR,WIS,43.7866005612884,-2.161524181983497,16,14,0.8075061092881303
2024-11-20,ILI incidence,2024-11-17,1,PL,QMUL,SEIR_agumented,WIS,32.0416469306023,-1.7109830373736539,16,12,0.8702761420908981
2024-11-20,ILI incidence,2024-11-17,1,PL,RIVM,KFdlm,WIS,42.4869953709469,-2.1180560552545,16,13,0.8144517527528478
2024-11-20,ILI incidence,2024-11-17,1,PL,fjordhest,ensemble,WIS,16.8173347826087,-0.7809838185173417,16,8,0.9516413482022575
2024-11-20,ILI incidence,2024-11-17,1,PL,respicast,hubEnsemble,WIS,13.2679865688359,-0.4389841904497761,16,6,0.9706105762479836
2024-11-20,ILI incidence,2024-11-17,1,PL,respicast,quantileBaseline,WIS,9.78718086956523,0.0,16,3,0.9892134839131473
2024-11-20,ILI incidence,2024-11-17,1,RO,ECDC,SARIMA,WIS,0.755307855302126,0.6366696680270536,12,3,0.7400470344974446
2024-11-20,ILI incidence,2024-11-17,1,RO,ECDC,soca_simplex,WIS,1.8720921407223,-0.6728450789821694,12,12,0.0
2024-11-20,ILI incidence,2024-11-17,1,RO,ISI,FluABCaster,WIS,1.08697255345541,0.11149085219334419,12,5,0.52026647390021
2024-11-20,ILI incidence,2024-11-17,1,RO,ISI,FluBcast,WIS,1.61680449862763,-0.4613388766965249,12,11,0.16916862543864075
2024-11-20,ILI incidence,2024-11-17,1,RO,ISI,LSTFlu,WIS,0.363020104269149,1.6936850114664947,12,1,1.0
2024-11-20,ILI incidence,2024-11-17,1,RO,ItaLuxColab,EpiEKF,WIS,1.07928874613685,0.12172547828044251,12,4,0.5253582171258147
2024-11-20,ILI incidence,2024-11-17,1,RO,ItaLuxColab,EpiNetEKF,WIS,1.33396082698453,-0.18390993672501824,12,9,0.35659749881958414
2024-11-20,ILI incidence,2024-11-17,1,RO,NotreDame,Rt_cocirc,WIS,0.41195652173913,1.5112423770947894,12,2,0.9675718479384199
2024-11-20,ILI incidence,2024-11-17,1,RO,QMUL,SEIR,WIS,1.52473005625485,-0.37674748099341365,12,10,0.23018257318177648
2024-11-20,ILI incidence,2024-11-17,1,RO,RIVM,KFdlm,WIS,1.18600652720762,-0.014305585481595516,12,8,0.45464073082105616
2024-11-20,ILI incidence,2024-11-17,1,RO,respicast,hubEnsemble,WIS,1.09662184766432,0.09874024291229969,12,6,0.5138722833143257
2024-11-20,ILI incidence,2024-11-17,1,RO,respicast,quantileBaseline,WIS,1.17430434782609,0.0,12,7,0.46239528401590174
2024-11-20,ILI incidence,2024-11-17,1,SI,ECDC,SARIMA,WIS,2.53757808983374,-1.0286674391074508,13,12,0.9214340992805332
2024-11-20,ILI incidence,2024-11-17,1,SI,ECDC,soca_simplex,WIS,0.405022201215714,1.6187118841297519,13,2,0.9959512642159541
2024-11-20,ILI incidence,2024-11-17,1,SI,ISI,FluABCaster,WIS,0.289154194895184,2.1048738432264433,13,1,1.0
2024-11-20,ILI incidence,2024-11-17,1,SI,ISI,FluBcast,WIS,0.428867205667945,1.5361818742046387,13,3,0.9951180564490973
2024-11-20,ILI incidence,2024-11-17,1,SI,ISI,LSTFlu,WIS,2.05868730440766,-0.726939934090965,13,11,0.9381678148347709
2024-11-20,ILI incidence,2024-11-17,1,SI,ItaLuxColab,EpiEKF,WIS,1.34685329137457,-0.11480793051903217,13,10,0.9630411852533082
2024-11-20,ILI incidence,2024-11-17,1,SI,ItaLuxColab,EpiNetEKF,WIS,1.08301507382917,0.19973145738201192,13,6,0.9722603930958932
2024-11-20,ILI incidence,2024-11-17,1,SI,NotreDame,Rt_cocirc,WIS,28.9074717391304,-4.538585749979014,13,13,0.0
2024-11-20,ILI incidence,2024-11-17,1,SI,QMUL,SEIR,WIS,1.26818787658442,-0.027983709917131377,13,9,0.9657899637120194
2024-11-20,ILI incidence,2024-11-17,1,SI,RIVM,KFdlm,WIS,0.660984769474296,0.912095846064987,13,4,0.9870072524702272
2024-11-20,ILI incidence,2024-11-17,1,SI,fjordhest,ensemble,WIS,1.26023043478261,-0.018902776056271265,13,8,0.9660680178565201
2024-11-20,ILI incidence,2024-11-17,1,SI,respicast,hubEnsemble,WIS,0.906532924244835,0.45635345738747146,13,5,0.9784271479832672
2024-11-20,ILI incidence,2024-11-17,1,SI,respicast,quantileBaseline,WIS,1.24382608695652,0.0,13,7,0.9666412293250396
2024-10-23,ARI incidence,2024-10-20,1,BE,ECDC,SARIMA,WIS,113.341086063907,0.061404752831567,12,7,0.8228825352202859
2024-10-23,ARI incidence,2024-10-20,1,BE,ECDC,soca_simplex,WIS,87.9517758125725,0.4272910725357635,12,4,0.9001250161114186
2024-10-23,ARI incidence,2024-10-20,1,BE,ISI,FluABCaster,WIS,383.81945167413,-1.698352143320534,12,12,0.0
2024-10-23,ARI incidence,2024-10-20,1,BE,ISI,FluBcast,WIS,206.555828995788,-0.8044560888159701,12,10,0.5392931848830019
2024-10-23,ARI incidence,2024-10-20,1,BE,MRC_GIDA,CATBoost,WIS,57.5367543294805,1.039519939237718,12,2,0.9926573335495281
2024-10-23,ARI incidence,2024-10-20,1,BE,MRC_GIDA,NBEATS,WIS,65.8369909380716,0.8451053803478731,12,3,0.9674053333461244
2024-10-23,ARI incidence,2024-10-20,1,BE,MRC_GIDA,NHiTS,WIS,55.1232477404593,1.101342888662643,12,1,1.0
2024-10-23,ARI incidence,2024-10-20,1,BE,MRC_GIDA,Prophet,WIS,105.857698464877,0.15994949207509135,12,6,0.8456494169471588
2024-10-23,ARI incidence,2024-10-20,1,BE,fjordhest,ensemble,WIS,128.11472173913,-0.11536058141459736,12,9,0.7779363645665953
2024-10-23,ARI incidence,2024-10-20,1,BE,respicast,hubEnsemble,WIS,104.692803458123,0.17591340934791908,12,5,0.8491934037435168
2024-10-23,ARI incidence,2024-10-20,1,BE,respicast,quantileBaseline,WIS,118.269304347826,0.0,12,8,0.8078893037045561
2024-10-23,ARI incidence,2024-10-20,1,BE,safinea,syndromic,WIS,312.322572039609,-1.400961154209296,12,11,0.21751659672026127
2024-10-23,ARI incidence,2024-10-20,1,BG,ECDC,SARIMA,WIS,37.7810281432963,-0.5702230738647601,12,7,0.8191981777631333
2024-10-23,ARI incidence,2024-10-20,1,BG,ECDC,soca_simplex,WIS,16.8398896500898,0.5955562041518269,12,4,0.951552689247982
2024-10-23,ARI incidence,2024-10-20,1,BG,ISI,FluABCaster,WIS,39.391032121511,-0.6304283300898192,12,9,0.8090224516394366
2024-10-23,ARI incidence,2024-10-20,1,BG,ISI,FluBcast,WIS,9.17455332947963,1.4717290627602735,12,1,1.0
2024-10-23,ARI incidence,2024-10-20,1,BG,MRC_GIDA,CATBoost,WIS,15.8661729420602,0.6814847091361508,12,3,0.957706881832005
2024-10-23,ARI incidence,2024-10-20,1,BG,MRC_GIDA,NBEATS,WIS,64.5080854553949,-1.3420411107651768,12,11,0.6502748589513151
2024-10-23,ARI incidence,2024-10-20,1,BG,MRC_GIDA,NHiTS,WIS,15.0508236785701,0.7575964460043219,12,2,0.9628601428876906
2024-10-23,ARI incidence,2024-10-20,1,BG,MRC_GIDA,Prophet,WIS,59.2665470860242,-1.2197791186786737,12,10,0.6834030124436483
2024-10-23,ARI incidence,2024-10-20,1,BG,fjordhest,ensemble,WIS,38.5549086956522,-0.599475662683241,12,8,0.814307011865543
2024-10-23,ARI incidence,2024-10-20,1,BG,respicast,hubEnsemble,WIS,20.3787884824139,0.3203706028368966,12,5,0.9291857474363651
2024-10-23,ARI incidence,2024-10-20,1,BG,respicast,quantileBaseline,WIS,25.446,0.0,12,6,0.897159393892212
2024-10-23,ARI incidence,2024-10-20,1,BG,safinea,syndromic,WIS,167.394611401348,-2.7177422929699664,12,12,0.0
2024-10-23,ARI incidence,2024-10-20,1,CZ,ECDC,SARIMA,WIS,26.2702951775042,-0.29393520975925397,12,5,0.9671163747423873
2024-10-23,ARI incidence,2024-10-20,1,CZ,ECDC,soca_simplex,WIS,17.5483178771232,0.28816445591903206,12,2,0.9999091986624753
2024-10-23,ARI incidence,2024-10-20,1,CZ,ISI,FluABCaster,WIS,81.0970293094807,-1.9201518664292447,12,9,0.760979236730706
2024-10-23,ARI incidence,2024-10-20,1,CZ,ISI,FluBcast,WIS,17.524167251771,0.29015131215740914,12,1,1.0
2024-10-23,ARI incidence,2024-10-20,1,CZ,MRC_GIDA,CATBoost,WIS,69.8773633224959,-1.7053279710036977,12,8,0.8031628515788348
2024-10-23,ARI incidence,2024-10-20,1,CZ,MRC_GIDA,NBEATS,WIS,171.510478991963,-3.000727618965917,12,11,0.42104343624245316
2024-10-23,ARI incidence,2024-10-20,1,CZ,MRC_GIDA,NHiTS,WIS,37.2781682602884,-0.7988337707661317,12,6,0.9257290572447081
2024-10-23,ARI incidence,2024-10-20,1,CZ,MRC_GIDA,Prophet,WIS,81.8837943297571,-1.9340807543163612,12,10,0.7580211635911117
2024-10-23,ARI incidence,2024-10-20,1,CZ,fjordhest,ensemble,WIS,37.6237913043478,-0.8121480336660497,12,7,0.9244295863522455
2024-10-23,ARI incidence,2024-10-20,1,CZ,respicast,hubEnsemble,WIS,24.8379849355454,-0.21305093368379271,12,4,0.9725015638968513
2024-10-23,ARI incidence,2024-10-20,1,CZ,respicast,quantileBaseline,WIS,21.428,0.0,12,3,0.98532239932331
2024-10-23,ARI incidence,2024-10-20,1,CZ,safinea,syndromic,WIS,283.496299497391,-3.725760797379894,12,12,0.0
2024-10-23,ARI incidence,2024-10-20,1,DE,ECDC,SARIMA,WIS,77.542329302671,0.5323960142552002,10,5,0.8750152015975915
2024-10-23,ARI incidence,2024-10-20,1,DE,ECDC,soca_simplex,WIS,33.8068047418574,1.7300664212604049,10,1,1.0
2024-10-23,ARI incidence,2024-10-20,1,DE,ISI,FluABCaster,WIS,383.733556793736,-1.7746529391001087,10,10,0.0
2024-10-23,ARI incidence,2024-10-20,1,DE,MRC_GIDA,CATBoost,WIS,44.0582013127926,1.347969489421069,10,3,0.970704164483499
2024-10-23,ARI incidence,2024-10-20,1,DE,MRC_GIDA,NBEATS,WIS,83.8667225432955,0.4192816096857071,10,6,0.8569417242097098
2024-10-23,ARI incidence,2024-10-20,1,DE,MRC_GIDA,NHiTS,WIS,38.3016210640819,1.5499746337220828,10,2,0.9871549794467898
2024-10-23,ARI incidence,2024-10-20,1,DE,MRC_GIDA,Prophet,WIS,150.065944721097,-0.42014462310533757,10,9,0.6677614978062507
2024-10-23,ARI incidence,2024-10-20,1,DE,fjordhest,ensemble,WIS,115.516656521739,-0.04264889863946713,10,8,0.7664944126141929
2024-10-23,ARI incidence,2024-10-20,1,DE,respicast,hubEnsemble,WIS,60.0773584823479,0.9005587063142054,10,4,0.9249255634602187
2024-10-23,ARI incidence,2024-10-20,1,DE,respicast,quantileBaseline,WIS,112.151739130435,0.0,10,7,0.7761104747516915
2024-10-23,ARI incidence,2024-10-20,1,EE,respicast,hubEnsemble,WIS,135.601721068587,-2.1529205497344304,3,2,0.0
2024-10-23,ARI incidence,2024-10-20,1,EE,respicast,quantileBaseline,WIS,30.4909908695652,0.0,3,1,1.0
2024-10-23,ARI incidence,2024-10-20,1,EE,safinea,syndromic,WIS,135.601721068587,-2.1529205497344304,3,2,0.0
2024-10-23,ARI incidence,2024-10-20,1,ES,ECDC,SARIMA,WIS,10.562677163751,0.35679681846160305,8,2,0.978713903342285
2024-10-23,ARI incidence,2024-10-20,1,ES,ECDC,soca_simplex,WIS,11.2940586781988,0.2602083258696383,8,3,0.9730540587543831
2024-10-23,ARI incidence,2024-10-20,1,ES,ISI,FluABCaster,WIS,20.6095254690187,-0.607538929607828,8,6,0.9009656982225899
2024-10-23,ARI incidence,2024-10-20,1,ES,ISI,FluBcast,WIS,7.81202608695652,0.7920036858478774,8,1,1.0
2024-10-23,ARI incidence,2024-10-20,1,ES,fjordhest,ensemble,WIS,27.1298608695652,-1.0041092912137088,8,7,0.8505076482184807
2024-10-23,ARI incidence,2024-10-20,1,ES,respicast,hubEnsemble,WIS,13.6573955356878,-0.013910030188176653,8,5,0.9547652189928979
2024-10-23,ARI incidence,2024-10-20,1,ES,respicast,quantileBaseline,WIS,13.526347826087,0.0,8,4,0.9557793404264988
2024-10-23,ARI incidence,2024-10-20,1,ES,safinea,syndromic,WIS,137.034923127478,-3.340699345585358,8,8,0.0
2024-10-23,ARI incidence,2024-10-20,1,FR,ECDC,SARIMA,WIS,34.5796077678179,-0.005497638378292288,12,6,0.6627185625923234
2024-10-23,ARI incidence,2024-10-20,1,FR,ECDC,soca_simplex,WIS,65.1220748007123,-0.918722798468522,12,10,0.29894794452757956
2024-10-23,ARI incidence,2024-10-20,1,FR,ISI,FluABCaster,WIS,58.474005805231,-0.7633715612139155,12,9,0.3781285871658671
2024-10-23,ARI incidence,2024-10-20,1,FR,ISI,FluBcast,WIS,70.7870587838352,-1.039061766029351,12,11,0.23147616097296192
2024-10-23,ARI incidence,2024-10-20,1,FR,MRC_GIDA,CATBoost,WIS,6.26119316458638,2.459914350662887,12,1,1.0
2024-10-23,ARI incidence,2024-10-20,1,FR,MRC_GIDA,NBEATS,WIS,36.7960400370997,-0.09512664646714779,12,7,0.636320140499343
2024-10-23,ARI incidence,2024-10-20,1,FR,MRC_GIDA,NHiTS,WIS,19.1886860586165,0.8441679397193665,12,2,0.8460293965440266
2024-10-23,ARI incidence,2024-10-20,1,FR,MRC_GIDA,Prophet,WIS,29.0778025488339,0.24450561953727187,12,3,0.7282468345169891
2024-10-23,ARI incidence,2024-10-20,1,FR,fjordhest,ensemble,WIS,43.2663782608696,-0.3288224944083055,12,8,0.5592563285874321
2024-10-23,ARI incidence,2024-10-20,1,FR,respicast,hubEnsemble,WIS,29.8631337749085,0.2060582995627104,12,4,0.7188932867113379
2024-10-23,ARI incidence,2024-10-20,1,FR,respicast,quantileBaseline,WIS,34.4480869565217,0.0,12,5,0.6642850178089916
2024-10-23,ARI incidence,2024-10-20,1,FR,safinea,syndromic,WIS,90.2219792098696,-1.3890550685857814,12,12,0.0
2024-10-23,ARI incidence,2024-10-20,1,GB-ENG,ECDC,SARIMA,WIS,11.6458672451349,-0.6048564074476648,5,5,0.0
2024-10-23,ARI incidence,2024-10-20,1,GB-ENG,ECDC,soca_simplex,WIS,5.86824530137432,0.3839605866205683,5,3,0.5276867786216047
2024-10-23,ARI incidence,2024-10-20,1,GB-ENG,ISI,FluABCaster,WIS,0.696906274665684,3.457853216200258,5,1,1.0
2024-10-23,ARI incidence,2024-10-20,1,GB-ENG,respicast,hubEnsemble,WIS,5.86699774798596,0.3842673274500238,5,2,0.5278007212497432
2024-10-23,ARI incidence,2024-10-20,1,GB-ENG,respicast,quantileBaseline,WIS,7.65758653772744,0.0,5,4,0.36426111282745244
2024-10-23,ARI incidence,2024-10-20,1,GB-NIR,ISI,FluABCaster,WIS,6.28790398163141,-0.03927435198282073,4,2,0.9934595730431844
2024-10-23,ARI incidence,2024-10-20,1,GB-NIR,respicast,hubEnsemble,WIS,18.9244242605961,-1.6288726691768145,4,3,0.5040289074726302
2024-10-23,ARI incidence,2024-10-20,1,GB-NIR,respicast,quantileBaseline,WIS,6.11903790174134,0.0,4,1,1.0
2024-10-23,ARI incidence,2024-10-20,1,GB-NIR,safinea,syndromic,WIS,31.9378538605527,-2.3838906302437057,4,4,0.0
2024-10-23,ARI incidence,2024-10-20,1,GB-SCT,ECDC,SARIMA,WIS,11.9141974811421,-0.3375016713854438,6,2,0.9313339034769664
2024-10-23,ARI incidence,2024-10-20,1,GB-SCT,ECDC,soca_simplex,WIS,16.2476764327444,-0.7850533081455543,6,3,0.8115986434401531
2024-10-23,ARI incidence,2024-10-20,1,GB-SCT,ISI,FluABCaster,WIS,20.7269368250633,-1.136326814332252,6,5,0.6878354005960645
2024-10-23,ARI incidence,2024-10-20,1,GB-SCT,respicast,hubEnsemble,WIS,19.3733483024545,-1.0388932108919182,6,4,0.7252354377365436
2024-10-23,ARI incidence,2024-10-20,1,GB-SCT,respicast,quantileBaseline,WIS,9.42902240506367,0.0,6,1,1.0
2024-10-23,ARI incidence,2024-10-20,1,GB-SCT,safinea,syndromic,WIS,45.6211929508991,-2.274524066170391,6,6,0.0
2024-10-23,ARI incidence,2024-10-20,1,GB-WLS,respicast,quantileBaseline,WIS,46.1789689031254,0.0,1,1,0.0
2024-10-23,ARI incidence,2024-10-20,1,HU,ECDC,SARIMA,WIS,30.2487315713529,1.5147750798994326,6,1,1.0
2024-10-23,ARI incidence,2024-10-20,1,HU,ECDC,soca_simplex,WIS,72.4869733514638,0.25392797520863036,6,5,0.24827352261284125
2024-10-23,ARI incidence,2024-10-20,1,HU,ISI,FluBcast,WIS,37.2243586071175,1.2154027358943937,6,2,0.8758527031863544
2024-10-23,ARI incidence,2024-10-20,1,HU,MRC_GIDA,Prophet,WIS,50.4050141186624,0.7780824713749561,6,4,0.641272679971163
2024-10-23,ARI incidence,2024-10-20,1,HU,respicast,hubEnsemble,WIS,43.1008300920443,1.0039340717282383,6,3,0.7712674026942725
2024-10-23,ARI incidence,2024-10-20,1,HU,respicast,quantileBaseline,WIS,86.4370434782609,0.0,6,6,0.0
2024-10-23,ARI incidence,2024-10-20,1,LT,ECDC,SARIMA,WIS,34.5296661490554,0.05609504040790383,12,2,0.9889922522517058
2024-10-23,ARI incidence,2024-10-20,1,LT,ECDC,soca_simplex,WIS,47.1622259535483,-0.3937003860305823,12,5,0.9257617160778273
2024-10-23,ARI incidence,2024-10-20,1,LT,ISI,FluABCaster,WIS,44.3912034552304,-0.3063423950377486,12,4,0.939631687091636
2024-10-23,ARI incidence,2024-10-20,1,LT,ISI,FluBcast,WIS,49.3959381552657,-0.46046098745179714,12,7,0.9145811776629217
2024-10-23,ARI incidence,2024-10-20,1,LT,MRC_GIDA,CATBoost,WIS,192.21278217874,-2.420700947691593,12,11,0.1997311581875569
2024-10-23,ARI incidence,2024-10-20,1,LT,MRC_GIDA,NBEATS,WIS,89.5813676661955,-1.3192672664957155,12,8,0.7134385514906728
2024-10-23,ARI incidence,2024-10-20,1,LT,MRC_GIDA,NHiTS,WIS,168.508653426575,-2.2308193489964117,12,10,0.31837890604947255
2024-10-23,ARI incidence,2024-10-20,1,LT,MRC_GIDA,Prophet,WIS,166.266166387586,-2.2114912924747707,12,9,0.3296033657023623
2024-10-23,ARI incidence,2024-10-20,1,LT,fjordhest,ensemble,WIS,48.386647826087,-0.43067756841257454,12,6,0.9196330412326774
2024-10-23,ARI incidence,2024-10-20,1,LT,respicast,hubEnsemble,WIS,32.3304750594732,0.15103671955473727,12,1,1.0
2024-10-23,ARI incidence,2024-10-20,1,LT,respicast,quantileBaseline,WIS,35.8986956521739,0.0,12,3,0.9821397638519078
2024-10-23,ARI incidence,2024-10-20,1,LT,safinea,syndromic,WIS,232.116220506174,-2.692844012085089,12,12,0.0
2024-10-23,ARI incidence,2024-10-20,1,LU,ECDC,SARIMA,WIS,1141.80178717962,0.1559836827132233,9,2,0.9777143854684576
2024-10-23,ARI incidence,2024-10-20,1,LU,ECDC,soca_simplex,WIS,2977.26087731802,-1.2266897324574004,9,8,0.14576637474764367
2024-10-23,ARI incidence,2024-10-20,1,LU,MRC_GIDA,CATBoost,WIS,3298.85334958714,-1.3746687360628955,9,9,0.0
2024-10-23,ARI incidence,2024-10-20,1,LU,MRC_GIDA,NBEATS,WIS,1497.11315740855,-0.23488736149466533,9,4,0.8166644393069468
2024-10-23,ARI incidence,2024-10-20,1,LU,MRC_GIDA,NHiTS,WIS,2838.72648690048,-1.1579479428684547,9,6,0.20855906304210334
2024-10-23,ARI incidence,2024-10-20,1,LU,MRC_GIDA,Prophet,WIS,2014.08315842655,-0.66282734294898,9,5,0.58234041309461
2024-10-23,ARI incidence,2024-10-20,1,LU,fjordhest,ensemble,WIS,1092.63485217391,0.21948456125234958,9,1,1.0
2024-10-23,ARI incidence,2024-10-20,1,LU,respicast,hubEnsemble,WIS,2843.19464167569,-1.1602169592518268,9,7,0.2065338081634732
2024-10-23,ARI incidence,2024-10-20,1,LU,respicast,quantileBaseline,WIS,1272.17391304348,0.0,9,3,0.9186213599967193
2024-10-23,ARI incidence,2024-10-20,1,LV,ECDC,SARIMA,WIS,219.95270098128,0.7302179276463854,8,4,0.49705032597517607
2024-10-23,ARI incidence,2024-10-20,1,LV,ECDC,soca_simplex,WIS,89.3158514693955,2.030423097324958,8,3,0.8641973172825325
2024-10-23,ARI incidence,2024-10-20,1,LV,MRC_GIDA,CATBoost,WIS,40.99505613263,3.1538894039380803,8,1,1.0
2024-10-23,ARI incidence,2024-10-20,1,LV,MRC_GIDA,NBEATS,WIS,267.188548639493,0.44955306798273514,8,5,0.3642968233121482
2024-10-23,ARI incidence,2024-10-20,1,LV,MRC_GIDA,NHiTS,WIS,365.005506013399,-0.0005069817875588356,8,7,0.08938816061202408
2024-10-23,ARI incidence,2024-10-20,1,LV,MRC_GIDA,Prophet,WIS,396.8112621887,-0.12104172743208942,8,8,0.0
2024-10-23,ARI incidence,2024-10-20,1,LV,respicast,hubEnsemble,WIS,77.8691739222827,2.2282870184664274,8,2,0.8963675145705926
2024-10-23,ARI incidence,2024-10-20,1,LV,respicast,quantileBaseline,WIS,364.877260869565,0.0,8,6,0.08974858585868571
2024-10-23,ARI incidence,2024-10-20,1,RO,ECDC,SARIMA,WIS,45.4341626069275,-0.19453420552772177,12,3,0.9438150849375717
2024-10-23,ARI incidence,2024-10-20,1,RO,ECDC,soca_simplex,WIS,135.830309389084,-1.7744902522497703,12,9,0.26251274284124687
2024-10-23,ARI incidence,2024-10-20,1,RO,ISI,FluABCaster,WIS,60.9865077404999,-0.6192468220947912,12,7,0.8265993678768884
2024-10-23,ARI incidence,2024-10-20,1,RO,ISI,FluBcast,WIS,59.7789171495616,-0.5903934805237153,12,5,0.8357007989354758
2024-10-23,ARI incidence,2024-10-20,1,RO,MRC_GIDA,CATBoost,WIS,154.580102421353,-1.961039438749519,12,11,0.12119833551932142
2024-10-23,ARI incidence,2024-10-20,1,RO,MRC_GIDA,NBEATS,WIS,75.6080761287339,-0.929297061756009,12,8,0.7163987770040064
2024-10-23,ARI incidence,2024-10-20,1,RO,MRC_GIDA,NHiTS,WIS,142.220568789912,-1.8408149427405343,12,10,0.21435030615156087
2024-10-23,ARI incidence,2024-10-20,1,RO,MRC_GIDA,Prophet,WIS,48.0936155950748,-0.276602106229924,12,4,0.9237711824702879
2024-10-23,ARI incidence,2024-10-20,1,RO,fjordhest,ensemble,WIS,37.9794695652174,0.06402352694983514,12,1,1.0
2024-10-23,ARI incidence,2024-10-20,1,RO,respicast,hubEnsemble,WIS,60.3103802731604,-0.6031630484208895,12,6,0.8316952402503442
2024-10-23,ARI incidence,2024-10-20,1,RO,respicast,quantileBaseline,WIS,39.7028695652174,0.0,12,2,0.9870109899794915
2024-10-23,ARI incidence,2024-10-20,1,RO,safinea,syndromic,WIS,170.660866937217,-2.103817093370399,12,12,0.0
2024-10-23,ARI incidence,2024-10-20,1,SI,ECDC,SARIMA,WIS,140.370177719555,0.42213266125882776,12,7,0.8123492177641595
2024-10-23,ARI incidence,2024-10-20,1,SI,ECDC,soca_simplex,WIS,138.289606610122,0.44367638998542813,12,6,0.8178787522752448
2024-10-23,ARI incidence,2024-10-20,1,SI,ISI,FluABCaster,WIS,329.207673421385,-0.8076288412223153,12,11,0.3104757443048629
2024-10-23,ARI incidence,2024-10-20,1,SI,ISI,FluBcast,WIS,259.722026283046,-0.46559924769343686,12,10,0.49514777119908143
2024-10-23,ARI incidence,2024-10-20,1,SI,MRC_GIDA,CATBoost,WIS,94.9362205665082,0.9863386003651446,12,3,0.9330990603981902
2024-10-23,ARI incidence,2024-10-20,1,SI,MRC_GIDA,NBEATS,WIS,69.7637287680754,1.4308200651525744,12,1,1.0
2024-10-23,ARI incidence,2024-10-20,1,SI,MRC_GIDA,NHiTS,WIS,94.1621983741559,0.9981492143429568,12,2,0.9351561794293799
2024-10-23,ARI incidence,2024-10-20,1,SI,MRC_GIDA,Prophet,WIS,115.992449237637,0.6973382290891877,12,4,0.8771379146423782
2024-10-23,ARI incidence,2024-10-20,1,SI,fjordhest,ensemble,WIS,179.648713043478,0.06619052206992901,12,8,0.7079586417180914
2024-10-23,ARI incidence,2024-10-20,1,SI,respicast,hubEnsemble,WIS,133.711899879949,0.4922412565221987,12,5,0.830044924933971
2024-10-23,ARI incidence,2024-10-20,1,SI,respicast,quantileBaseline,WIS,188.082956521739,0.0,12,9,0.6855429500954916
2024-10-23,ARI incidence,2024-10-20,1,SI,safinea,syndromic,WIS,446.028874642826,-1.2457679867931035,12,12,0.0
2024-10-23,ARI incidence,2024-10-27,2,BE,ECDC,SARIMA,WIS,228.54276741025,0.13051170028426284,12,7,0.7038646195761827
2024-10-23,ARI incidence,2024-10-27,2,BE,ECDC,soca_simplex,WIS,168.604062997998,0.5693365610605441,12,4,0.8003675086092322
2024-10-23,ARI incidence,2024-10-27,2,BE,ISI,FluABCaster,WIS,665.718626099523,-1.4119366702642955,12,12,0.0
2024-10-23,ARI incidence,2024-10-27,2,BE,ISI,FluBcast,WIS,371.362221088444,-0.5698511928370218,12,10,0.4739215464781556
2024-10-23,ARI incidence,2024-10-27,2,BE,MRC_GIDA,CATBoost,WIS,160.219504287435,0.6429260790174183,12,3,0.8138668684430952
2024-10-23,ARI incidence,2024-10-27,2,BE,MRC_GIDA,NBEATS,WIS,158.437810169348,0.6590591971870047,12,2,0.8167354427884133
2024-10-23,ARI incidence,2024-10-27,2,BE,MRC_GIDA,NHiTS,WIS,44.6107503371225,2.4875125445790798,12,1,1.0
2024-10-23,ARI incidence,2024-10-27,2,BE,MRC_GIDA,Prophet,WIS,196.698736882024,0.34698817037516744,12,5,0.7551343454497081
2024-10-23,ARI incidence,2024-10-27,2,BE,fjordhest,ensemble,WIS,274.000043478261,-0.1312002584821301,12,9,0.6306772106865227
2024-10-23,ARI incidence,2024-10-27,2,BE,respicast,hubEnsemble,WIS,214.849267460814,0.21965100544993263,12,6,0.7259115143005934
2024-10-23,ARI incidence,2024-10-27,2,BE,respicast,quantileBaseline,WIS,250.181630434783,0.0,12,8,0.6690254815311666
2024-10-23,ARI incidence,2024-10-27,2,BE,safinea,syndromic,WIS,503.786387531348,-1.0098362768890894,12,11,0.26071515897203146
2024-10-23,ARI incidence,2024-10-27,2,BG,ECDC,SARIMA,WIS,50.6236736012168,-0.20523779849350446,12,7,0.8678084428689968
2024-10-23,ARI incidence,2024-10-27,2,BG,ECDC,soca_simplex,WIS,44.1697878660775,-0.008485498965513287,12,5,0.8987078087225815
2024-10-23,ARI incidence,2024-10-27,2,BG,ISI,FluABCaster,WIS,48.3953690474229,-0.14029459801652092,12,6,0.8784769301132012
2024-10-23,ARI incidence,2024-10-27,2,BG,ISI,FluBcast,WIS,25.3073815390798,0.7950161597437264,12,2,0.9890156353398882
2024-10-23,ARI incidence,2024-10-27,2,BG,MRC_GIDA,CATBoost,WIS,23.0131003319708,0.9321190476321376,12,1,1.0
2024-10-23,ARI incidence,2024-10-27,2,BG,MRC_GIDA,NBEATS,WIS,59.5326792878929,-0.43910742018583576,12,9,0.8251546622782675
2024-10-23,ARI incidence,2024-10-27,2,BG,MRC_GIDA,NHiTS,WIS,82.5931422125737,-0.9114475936632417,12,10,0.7147477369149765
2024-10-23,ARI incidence,2024-10-27,2,BG,MRC_GIDA,Prophet,WIS,83.9356487636637,-0.9347092710318019,12,11,0.7083201980979961
2024-10-23,ARI incidence,2024-10-27,2,BG,fjordhest,ensemble,WIS,51.7992173913043,-0.23835589650424716,12,8,0.8621802741753596
2024-10-23,ARI incidence,2024-10-27,2,BG,respicast,hubEnsemble,WIS,37.4475916335222,0.22970146696814678,12,3,0.9308917687822384
2024-10-23,ARI incidence,2024-10-27,2,BG,respicast,quantileBaseline,WIS,43.9107569565217,0.0,12,4,0.8999479749062144
2024-10-23,ARI incidence,2024-10-27,2,BG,safinea,syndromic,WIS,231.881002855304,-2.4007383204870156,12,12,0.0
2024-10-23,ARI incidence,2024-10-27,2,CZ,ECDC,SARIMA,WIS,45.6817646464259,-0.07952846515564836,12,4,0.9426765048448454
2024-10-23,ARI incidence,2024-10-27,2,CZ,ECDC,soca_simplex,WIS,72.650042360386,-0.7488737223938168,12,7,0.8559035017401173
2024-10-23,ARI incidence,2024-10-27,2,CZ,ISI,FluABCaster,WIS,84.4732868100622,-0.966405269942907,12,9,0.817861086194662
2024-10-23,ARI incidence,2024-10-27,2,CZ,ISI,FluBcast,WIS,27.8661321159572,0.6335771497571971,12,1,1.0
2024-10-23,ARI incidence,2024-10-27,2,CZ,MRC_GIDA,CATBoost,WIS,148.316324775246,-1.7785155782831072,12,10,0.6124400285236167
2024-10-23,ARI incidence,2024-10-27,2,CZ,MRC_GIDA,NBEATS,WIS,150.103954889516,-1.795800167336818,12,11,0.6066881583040602
2024-10-23,ARI incidence,2024-10-27,2,CZ,MRC_GIDA,NHiTS,WIS,61.9603391683791,-0.5192551247399197,12,6,0.8902986402842624
2024-10-23,ARI incidence,2024-10-27,2,CZ,MRC_GIDA,Prophet,WIS,80.4444539665004,-0.8959030448593778,12,8,0.8308242397393858
2024-10-23,ARI incidence,2024-10-27,2,CZ,fjordhest,ensemble,WIS,53.5190260869565,-0.307961946096761,12,5,0.9174593694191118
2024-10-23,ARI incidence,2024-10-27,2,CZ,respicast,hubEnsemble,WIS,42.173088360184,0.03576724176714638,12,2,0.9539660051054406
2024-10-23,ARI incidence,2024-10-27,2,CZ,respicast,quantileBaseline,WIS,43.2317104347826,0.0,12,3,0.9505597877140227
2024-10-23,ARI incidence,2024-10-27,2,CZ,safinea,syndromic,WIS,338.657239361739,-2.9696640143172557,12,12,0.0
2024-10-23,ARI incidence,2024-10-27,2,DE,ECDC,SARIMA,WIS,80.8534382752783,0.6543803751672781,10,3,0.8691797831729889
2024-10-23,ARI incidence,2024-10-27,2,DE,ECDC,soca_simplex,WIS,163.408016213104,-0.36071735309744757,10,8,0.6999566466061953
2024-10-23,ARI incidence,2024-10-27,2,DE,ISI,FluABCaster,WIS,504.878022665456,-1.9881734726738935,10,10,0.0
2024-10-23,ARI incidence,2024-10-27,2,DE,MRC_GIDA,CATBoost,WIS,96.7656365822228,0.39519469195922446,10,5,0.8365624265776718
2024-10-23,ARI incidence,2024-10-27,2,DE,MRC_GIDA,NBEATS,WIS,48.2632195456658,1.398765342321941,10,2,0.9359843041648644
2024-10-23,ARI incidence,2024-10-27,2,DE,MRC_GIDA,NHiTS,WIS,17.0335138548018,2.9013134202414426,10,1,1.0
2024-10-23,ARI incidence,2024-10-27,2,DE,MRC_GIDA,Prophet,WIS,171.219956657263,-0.4280894602474462,10,9,0.6839434696551947
2024-10-23,ARI incidence,2024-10-27,2,DE,fjordhest,ensemble,WIS,149.10452173913,-0.22856260382677282,10,7,0.7292764282490088
2024-10-23,ARI incidence,2024-10-27,2,DE,respicast,hubEnsemble,WIS,81.0445001315258,0.650975216050499,10,4,0.8687881381861194
2024-10-23,ARI incidence,2024-10-27,2,DE,respicast,quantileBaseline,WIS,127.258445652174,0.0,10,6,0.7740572460965148
2024-10-23,ARI incidence,2024-10-27,2,EE,respicast,hubEnsemble,WIS,82.5300030755217,-0.2815212122724554,3,2,0.0
2024-10-23,ARI incidence,2024-10-27,2,EE,respicast,quantileBaseline,WIS,67.8993367391304,0.0,3,1,1.0
2024-10-23,ARI incidence,2024-10-27,2,EE,safinea,syndromic,WIS,82.5300030755217,-0.2815212122724554,3,2,0.0
2024-10-23,ARI incidence,2024-10-27,2,ES,ECDC,SARIMA,WIS,26.1414196569767,-0.36403749340632047,8,5,0.931485922261788
2024-10-23,ARI incidence,2024-10-27,2,ES,ECDC,soca_simplex,WIS,15.7584860006746,0.3661710637412244,8,2,0.9992237964732888
2024-10-23,ARI incidence,2024-10-27,2,ES,ISI,FluABCaster,WIS,27.8810663437358,-0.45698574179487067,8,6,0.9201365317772772
2024-10-23,ARI incidence,2024-10-27,2,ES,ISI,FluBcast,WIS,15.6395086956522,0.3771048059222909,8,1,1.0
2024-10-23,ARI incidence,2024-10-27,2,ES,fjordhest,ensemble,WIS,38.5727739130435,-0.9252829013036079,8,7,0.8503842280055651
2024-10-23,ARI incidence,2024-10-27,2,ES,respicast,hubEnsemble,WIS,17.9084469287574,0.18165976986422788,8,3,0.9851975310913734
2024-10-23,ARI incidence,2024-10-27,2,ES,respicast,quantileBaseline,WIS,20.3115452173913,0.0,8,4,0.9695198069546547
2024-10-23,ARI incidence,2024-10-27,2,ES,safinea,syndromic,WIS,168.920576003478,-3.055973168591107,8,8,0.0
2024-10-23,ARI incidence,2024-10-27,2,FR,ECDC,SARIMA,WIS,66.0639642819782,-0.012021531733349283,12,7,0.534888225588611
2024-10-23,ARI incidence,2024-10-27,2,FR,ECDC,soca_simplex,WIS,124.583388782223,-0.9271978036951342,12,10,0.08399358532869597
2024-10-23,ARI incidence,2024-10-27,2,FR,ISI,FluABCaster,WIS,114.631316218453,-0.807087311920266,12,9,0.1606747252545145
2024-10-23,ARI incidence,2024-10-27,2,FR,ISI,FluBcast,WIS,135.484508104276,-1.0482139798996228,12,12,0.0
2024-10-23,ARI incidence,2024-10-27,2,FR,MRC_GIDA,CATBoost,WIS,13.0086920673855,2.3323660953943826,12,3,0.9436813414366757
2024-10-23,ARI incidence,2024-10-27,2,FR,MRC_GIDA,NBEATS,WIS,5.6993670200713,3.5229684063956865,12,1,1.0
2024-10-23,ARI incidence,2024-10-27,2,FR,MRC_GIDA,NHiTS,WIS,11.8738980318507,2.4640483828875523,12,2,0.9524249774650754
2024-10-23,ARI incidence,2024-10-27,2,FR,MRC_GIDA,Prophet,WIS,48.2026935092793,0.4427282470951622,12,4,0.6725100721535463
2024-10-23,ARI incidence,2024-10-27,2,FR,fjordhest,ensemble,WIS,79.7043217391304,-0.2828159404646819,12,8,0.42978869460068125
2024-10-23,ARI incidence,2024-10-27,2,FR,respicast,hubEnsemble,WIS,59.5546420794506,0.1376280463016472,12,5,0.5850428284048482
2024-10-23,ARI incidence,2024-10-27,2,FR,respicast,quantileBaseline,WIS,65.5157608695652,0.0,12,6,0.5391121560619564
2024-10-23,ARI incidence,2024-10-27,2,FR,safinea,syndromic,WIS,128.718524065739,-0.9743057717919015,12,11,0.05213219311559883
2024-10-23,ARI incidence,2024-10-27,2,GB-ENG,ECDC,SARIMA,WIS,8.34010982964293,0.014212077375690814,5,2,0.8245319680349493
2024-10-23,ARI incidence,2024-10-27,2,GB-ENG,ECDC,soca_simplex,WIS,11.5416580202342,-0.45450012473035695,5,4,0.4953198429460597
2024-10-23,ARI incidence,2024-10-27,2,GB-ENG,ISI,FluABCaster,WIS,16.3585837228332,-0.9576974845562739,5,5,0.0
2024-10-23,ARI incidence,2024-10-27,2,GB-ENG,respicast,hubEnsemble,WIS,6.6337043924415,0.34446373484344767,5,1,1.0
2024-10-23,ARI incidence,2024-10-27,2,GB-ENG,respicast,quantileBaseline,WIS,8.42267477180602,0.0,5,3,0.8160418943427172
2024-10-23,ARI incidence,2024-10-27,2,GB-NIR,ISI,FluABCaster,WIS,14.3947637551628,-0.9043074808870537,4,2,0.7928254239922631
2024-10-23,ARI incidence,2024-10-27,2,GB-NIR,respicast,hubEnsemble,WIS,27.2219691398637,-1.82353479911416,4,3,0.39641271199613154
2024-10-23,ARI incidence,2024-10-27,2,GB-NIR,respicast,quantileBaseline,WIS,7.69096552538882,0.0,4,1,1.0
2024-10-23,ARI incidence,2024-10-27,2,GB-NIR,safinea,syndromic,WIS,40.0491745245646,-2.380535875863486,4,4,0.0
2024-10-23,ARI incidence,2024-10-27,2,GB-SCT,ECDC,SARIMA,WIS,3.29353057713857,1.2506858966091499,6,1,1.0
2024-10-23,ARI incidence,2024-10-27,2,GB-SCT,ECDC,soca_simplex,WIS,13.9080546219938,-0.8275278922888717,6,3,0.7604067471634613
2024-10-23,ARI incidence,2024-10-27,2,GB-SCT,ISI,FluABCaster,WIS,21.51228511205,-1.4567680352513233,6,5,0.5887624689337254
2024-10-23,ARI incidence,2024-10-27,2,GB-SCT,respicast,hubEnsemble,WIS,16.164865334723,-1.044468742908878,6,4,0.7094655445797037
2024-10-23,ARI incidence,2024-10-27,2,GB-SCT,respicast,quantileBaseline,WIS,7.83710507976401,0.0,6,2,0.897441487721079
2024-10-23,ARI incidence,2024-10-27,2,GB-SCT,safinea,syndromic,WIS,47.5957966851785,-2.6024414249296632,6,6,0.0
2024-10-23,ARI incidence,2024-10-27,2,GB-WLS,respicast,quantileBaseline,WIS,52.5955621343783,0.0,1,1,0.0
2024-10-23,ARI incidence,2024-10-27,2,HU,ECDC,SARIMA,WIS,190.99272194775,0.15694378612991308,6,5,0.1254118064315111
2024-10-23,ARI incidence,2024-10-27,2,HU,ECDC,soca_simplex,WIS,163.078006946036,0.38489921928587784,6,4,0.28490740305786416
2024-10-23,ARI incidence,2024-10-27,2,HU,ISI,FluBcast,WIS,90.220106941183,1.238940548219797,6,3,0.7011937319529895
2024-10-23,ARI incidence,2024-10-27,2,HU,MRC_GIDA,Prophet,WIS,37.923416689611,2.489300595439971,6,1,1.0
2024-10-23,ARI incidence,2024-10-27,2,HU,respicast,hubEnsemble,WIS,63.8121009599674,1.7385595100297764,6,2,0.8520804835973341
2024-10-23,ARI incidence,2024-10-27,2,HU,respicast,quantileBaseline,WIS,212.942135652174,0.0,6,6,0.0
2024-10-23,ARI incidence,2024-10-27,2,LT,ECDC,SARIMA,WIS,55.2205443685292,-0.12802617553484863,12,5,0.8806788437267384
2024-10-23,ARI incidence,2024-10-27,2,LT,ECDC,soca_simplex,WIS,20.0124749944487,1.3362793345661623,12,1,1.0
2024-10-23,ARI incidence,2024-10-27,2,LT,ISI,FluABCaster,WIS,24.8765377500404,1.0223932256594588,12,2,0.9835155519032754
2024-10-23,ARI incidence,2024-10-27,2,LT,ISI,FluBcast,WIS,67.9650882094964,-0.42761492933282363,12,7,0.8374872193544294
2024-10-23,ARI incidence,2024-10-27,2,LT,MRC_GIDA,CATBoost,WIS,315.082272117846,-2.6404777446417977,12,12,0.0
2024-10-23,ARI incidence,2024-10-27,2,LT,MRC_GIDA,NBEATS,WIS,106.019726838962,-1.0690818888312348,12,8,0.708518958283808
2024-10-23,ARI incidence,2024-10-27,2,LT,MRC_GIDA,NHiTS,WIS,219.769449621753,-2.12074000992045,12,10,0.32301788737880704
2024-10-23,ARI incidence,2024-10-27,2,LT,MRC_GIDA,Prophet,WIS,161.406366706326,-1.6754466473550922,12,9,0.5208120482329583
2024-10-23,ARI incidence,2024-10-27,2,LT,fjordhest,ensemble,WIS,62.3856826086956,-0.3040360367398101,12,6,0.8563959848573504
2024-10-23,ARI incidence,2024-10-27,2,LT,respicast,hubEnsemble,WIS,41.1449015404092,0.29646526411617213,12,3,0.9283816007196326
2024-10-23,ARI incidence,2024-10-27,2,LT,respicast,quantileBaseline,WIS,50.5313573913044,0.0,12,4,0.8965706327981349
2024-10-23,ARI incidence,2024-10-27,2,LT,safinea,syndromic,WIS,296.446938191565,-2.552523056365313,12,11,0.06315568081841931
2024-10-23,ARI incidence,2024-10-27,2,LU,ECDC,SARIMA,WIS,2110.81508944381,1.0541202657792168,9,4,0.8928734468048592
2024-10-23,ARI incidence,2024-10-27,2,LU,ECDC,soca_simplex,WIS,8061.86926229149,-0.8791939197259845,9,9,0.0
2024-10-23,ARI incidence,2024-10-27,2,LU,MRC_GIDA,CATBoost,WIS,1872.45656211842,1.226988216814102,9,2,0.9286358501853196
2024-10-23,ARI incidence,2024-10-27,2,LU,MRC_GIDA,NBEATS,WIS,2468.86015746287,0.8280753468904072,9,6,0.8391537318252387
2024-10-23,ARI incidence,2024-10-27,2,LU,MRC_GIDA,NHiTS,WIS,2115.06009111154,1.0512218153267685,9,5,0.8922365429621666
2024-10-23,ARI incidence,2024-10-27,2,LU,MRC_GIDA,Prophet,WIS,1396.81029548776,1.6497843699478585,9,1,1.0
2024-10-23,ARI incidence,2024-10-27,2,LU,fjordhest,ensemble,WIS,4188.71532608696,0.06541262881462753,9,7,0.5811132287794183
2024-10-23,ARI incidence,2024-10-27,2,LU,respicast,hubEnsemble,WIS,2051.99485627485,1.0948933532049643,9,3,0.9016986100122549
2024-10-23,ARI incidence,2024-10-27,2,LU,respicast,quantileBaseline,WIS,4383.00543478261,0.0,9,8,0.5519626826757246
2024-10-23,ARI incidence,2024-10-27,2,LV,ECDC,SARIMA,WIS,296.570619718558,1.5609983027203236,8,6,0.6925494796193274
2024-10-23,ARI incidence,2024-10-27,2,LV,ECDC,soca_simplex,WIS,287.633781741307,1.6051408584965379,8,5,0.7032484731286797
2024-10-23,ARI incidence,2024-10-27,2,LV,MRC_GIDA,CATBoost,WIS,39.7580995257226,4.460053283021013,8,1,1.0
2024-10-23,ARI incidence,2024-10-27,2,LV,MRC_GIDA,NBEATS,WIS,169.025472394896,2.3721333052910345,8,3,0.8452438338012985
2024-10-23,ARI incidence,2024-10-27,2,LV,MRC_GIDA,NHiTS,WIS,238.741139972071,1.8739267908633483,8,4,0.7617817103067198
2024-10-23,ARI incidence,2024-10-27,2,LV,MRC_GIDA,Prophet,WIS,467.505730963881,0.9043899339877775,8,7,0.48790957785659045
2024-10-23,ARI incidence,2024-10-27,2,LV,respicast,hubEnsemble,WIS,97.4484341393041,3.166663075831235,8,2,0.9309343509243145
2024-10-23,ARI incidence,2024-10-27,2,LV,respicast,quantileBaseline,WIS,875.055173913044,0.0,8,8,0.0
2024-10-23,ARI incidence,2024-10-27,2,RO,ECDC,SARIMA,WIS,98.6858186139861,-0.7170074314880326,12,8,0.7793795597700173
2024-10-23,ARI incidence,2024-10-27,2,RO,ECDC,soca_simplex,WIS,60.8285773652335,-0.018913914030259774,12,4,0.9759930041906638
2024-10-23,ARI incidence,2024-10-27,2,RO,ISI,FluABCaster,WIS,98.0953487202335,-0.7083493819829553,12,7,0.782446194205278
2024-10-23,ARI incidence,2024-10-27,2,RO,ISI,FluBcast,WIS,96.778168108367,-0.6888462816394976,12,6,0.7892870364980771
2024-10-23,ARI incidence,2024-10-27,2,RO,MRC_GIDA,CATBoost,WIS,231.033076731268,-1.9441921608599075,12,11,0.09202756528403376
2024-10-23,ARI incidence,2024-10-27,2,RO,MRC_GIDA,NBEATS,WIS,173.638676068568,-1.5321810732185779,12,9,0.39010820804940965
2024-10-23,ARI incidence,2024-10-27,2,RO,MRC_GIDA,NHiTS,WIS,248.75266732569,-2.0508047409685513,12,12,0.0
2024-10-23,ARI incidence,2024-10-27,2,RO,MRC_GIDA,Prophet,WIS,56.6179848432489,0.0845749478766931,12,2,0.99786092355012
2024-10-23,ARI incidence,2024-10-27,2,RO,fjordhest,ensemble,WIS,56.2061130434783,0.09510830118946041,12,1,1.0
2024-10-23,ARI incidence,2024-10-27,2,RO,respicast,hubEnsemble,WIS,79.2583266223521,-0.400727158677129,12,5,0.8802771949630082
2024-10-23,ARI incidence,2024-10-27,2,RO,respicast,quantileBaseline,WIS,60.0363117391304,0.0,12,3,0.9801076746871394
2024-10-23,ARI incidence,2024-10-27,2,RO,safinea,syndromic,WIS,201.015211687435,-1.743397425982503,12,10,0.24792682380743697
2024-10-23,ARI incidence,2024-10-27,2,SI,ECDC,SARIMA,WIS,103.5815833275,0.3953540386866839,12,3,0.8323496216713991
2024-10-23,ARI incidence,2024-10-27,2,SI,ECDC,soca_simplex,WIS,456.548754223438,-1.7446473767003035,12,11,0.04816943099787388
2024-10-23,ARI incidence,2024-10-27,2,SI,ISI,FluABCaster,WIS,280.619613816032,-1.0424942939931428,12,10,0.43902772674114154
2024-10-23,ARI incidence,2024-10-27,2,SI,ISI,FluBcast,WIS,128.792188009463,0.08107646687205797,12,6,0.7763397192878001
2024-10-23,ARI incidence,2024-10-27,2,SI,MRC_GIDA,CATBoost,WIS,28.1205088932491,2.276426947159577,12,1,1.0
2024-10-23,ARI incidence,2024-10-27,2,SI,MRC_GIDA,NBEATS,WIS,34.768305966395,1.9702768744496288,12,2,0.9852307205705673
2024-10-23,ARI incidence,2024-10-27,2,SI,MRC_GIDA,NHiTS,WIS,183.815769619007,-0.4321389860609085,12,9,0.6540949150228913
2024-10-23,ARI incidence,2024-10-27,2,SI,MRC_GIDA,Prophet,WIS,103.606025599438,0.39501364434689457,12,4,0.8322953187586942
2024-10-23,ARI incidence,2024-10-27,2,SI,fjordhest,ensemble,WIS,151.228469565217,-0.15060820496930463,12,8,0.7264934757866356
2024-10-23,ARI incidence,2024-10-27,2,SI,respicast,hubEnsemble,WIS,120.699010747551,0.17470770341363698,12,5,0.7943201713289669
2024-10-23,ARI incidence,2024-10-27,2,SI,respicast,quantileBaseline,WIS,136.23728173913,0.0,12,7,0.7597991016272589
2024-10-23,ARI incidence,2024-10-27,2,SI,safinea,syndromic,WIS,478.230286076957,-1.8115839428879923,12,12,0.0
2024-10-23,ARI incidence,2024-11-03,3,BE,ECDC,SARIMA,WIS,485.325304379001,0.09354608817421735,12,6,0.7542328396705608
2024-10-23,ARI incidence,2024-11-03,3,BE,ECDC,soca_simplex,WIS,426.195581110547,0.28098253590398115,12,4,0.8441711120747851
2024-10-23,ARI incidence,2024-11-03,3,BE,ISI,FluABCaster,WIS,981.194058553623,-0.9220403270154579,12,12,0.0
2024-10-23,ARI incidence,2024-11-03,3,BE,ISI,FluBcast,WIS,651.248559149825,-0.3307101045915583,12,10,0.5018580599337631
2024-10-23,ARI incidence,2024-11-03,3,BE,MRC_GIDA,CATBoost,WIS,424.812856302076,0.28567074319280816,12,3,0.8462742824197524
2024-10-23,ARI incidence,2024-11-03,3,BE,MRC_GIDA,NBEATS,WIS,395.05317521236,0.3904513139575131,12,2,0.8915397454823485
2024-10-23,ARI incidence,2024-11-03,3,BE,MRC_GIDA,NHiTS,WIS,323.746214740284,0.6776348461000519,12,1,1.0
2024-10-23,ARI incidence,2024-11-03,3,BE,MRC_GIDA,Prophet,WIS,470.119457840868,0.13947077724597798,12,5,0.7773614371421653
2024-10-23,ARI incidence,2024-11-03,3,BE,fjordhest,ensemble,WIS,540.82657826087,-0.06266788192306996,12,9,0.6698135592604987
2024-10-23,ARI incidence,2024-11-03,3,BE,respicast,hubEnsemble,WIS,486.677083158188,0.08953332889829647,12,7,0.7521767392636504
2024-10-23,ARI incidence,2024-11-03,3,BE,respicast,quantileBaseline,WIS,517.837043043478,0.0,12,8,0.7047814056588497
2024-10-23,ARI incidence,2024-11-03,3,BE,safinea,syndromic,WIS,805.073322838044,-0.6366220131460599,12,11,0.2678854868456802
2024-10-23,ARI incidence,2024-11-03,3,BG,ECDC,SARIMA,WIS,62.8772245502476,0.04768559625894576,12,4,0.860508771704002
2024-10-23,ARI incidence,2024-11-03,3,BG,ECDC,soca_simplex,WIS,173.374080563817,-1.4155931929903958,12,10,0.5310264994646045
2024-10-23,ARI incidence,2024-11-03,3,BG,ISI,FluABCaster,WIS,60.7845904071856,0.096517503342256,12,3,0.8667486402151671
2024-10-23,ARI incidence,2024-11-03,3,BG,ISI,FluBcast,WIS,84.7018104280313,-0.3821696726711903,12,9,0.7954316789692278
2024-10-23,ARI incidence,2024-11-03,3,BG,MRC_GIDA,CATBoost,WIS,68.1056881255655,-0.06755216228013147,12,6,0.8449184090342703
2024-10-23,ARI incidence,2024-11-03,3,BG,MRC_GIDA,NBEATS,WIS,51.8592622709225,0.32562145044028745,12,2,0.8933624055376578
2024-10-23,ARI incidence,2024-11-03,3,BG,MRC_GIDA,NHiTS,WIS,16.0967344697989,2.013455093811973,12,1,1.0
2024-10-23,ARI incidence,2024-11-03,3,BG,MRC_GIDA,Prophet,WIS,183.529076732563,-1.4977136103998656,12,11,0.5007460794330162
2024-10-23,ARI incidence,2024-11-03,3,BG,fjordhest,ensemble,WIS,70.6803217391304,-0.12108547352325146,12,7,0.837241302519338
2024-10-23,ARI incidence,2024-11-03,3,BG,respicast,hubEnsemble,WIS,73.1953771298935,-0.17152940014651363,12,8,0.829741847830285
2024-10-23,ARI incidence,2024-11-03,3,BG,respicast,quantileBaseline,WIS,64.9902426086957,0.0,12,5,0.8542081219271895
2024-10-23,ARI incidence,2024-11-03,3,BG,safinea,syndromic,WIS,351.461837006435,-2.435073006083799,12,12,0.0
2024-10-23,ARI incidence,2024-11-03,3,CZ,ECDC,SARIMA,WIS,181.168250579775,0.16919527544496976,12,2,0.8784300339426355
2024-10-23,ARI incidence,2024-11-03,3,CZ,ECDC,soca_simplex,WIS,259.40279768835,-0.348668616113278,12,6,0.7737813823392233
2024-10-23,ARI incidence,2024-11-03,3,CZ,ISI,FluABCaster,WIS,418.932408267787,-1.0401920710390637,12,11,0.5603902494579073
2024-10-23,ARI incidence,2024-11-03,3,CZ,ISI,FluBcast,WIS,292.095904576202,-0.5199167073543799,12,9,0.7300501960668491
2024-10-23,ARI incidence,2024-11-03,3,CZ,MRC_GIDA,CATBoost,WIS,90.2834556896644,1.1739918778920888,12,1,1.0
2024-10-23,ARI incidence,2024-11-03,3,CZ,MRC_GIDA,NBEATS,WIS,234.157938851867,-0.20095652857068186,12,5,0.8075495900530105
2024-10-23,ARI incidence,2024-11-03,3,CZ,MRC_GIDA,NHiTS,WIS,266.098391868372,-0.38543436845482487,12,7,0.7648251740077489
2024-10-23,ARI incidence,2024-11-03,3,CZ,MRC_GIDA,Prophet,WIS,355.368883473244,-0.8027919395957138,12,10,0.6454145437978166
2024-10-23,ARI incidence,2024-11-03,3,CZ,fjordhest,ensemble,WIS,214.63387826087,-0.07535238888635024,12,4,0.8336655029097133
2024-10-23,ARI incidence,2024-11-03,3,CZ,respicast,hubEnsemble,WIS,269.433261399919,-0.40340253857927205,12,8,0.760364362094754
2024-10-23,ARI incidence,2024-11-03,3,CZ,respicast,quantileBaseline,WIS,203.711217173913,0.0,12,3,0.8482759505561319
2024-10-23,ARI incidence,2024-11-03,3,CZ,safinea,syndromic,WIS,837.875956021739,-2.040211251668564,12,12,0.0
2024-10-23,ARI incidence,2024-11-03,3,DE,ECDC,SARIMA,WIS,212.983155830268,0.7463265552970046,10,5,0.7591396898272925
2024-10-23,ARI incidence,2024-11-03,3,DE,ECDC,soca_simplex,WIS,183.661477859827,0.9600168324252256,10,3,0.7966295738998285
2024-10-23,ARI incidence,2024-11-03,3,DE,ISI,FluABCaster,WIS,806.72330921748,-1.1750080492908537,10,10,0.0
2024-10-23,ARI incidence,2024-11-03,3,DE,MRC_GIDA,CATBoost,WIS,88.8235035725495,2.0080525085342105,10,2,0.9178867770274403
2024-10-23,ARI incidence,2024-11-03,3,DE,MRC_GIDA,NBEATS,WIS,197.121031620991,0.8579841806118156,10,4,0.779420561827505
2024-10-23,ARI incidence,2024-11-03,3,DE,MRC_GIDA,NHiTS,WIS,24.6009128475965,3.8602821373624954,10,1,1.0
2024-10-23,ARI incidence,2024-11-03,3,DE,MRC_GIDA,Prophet,WIS,365.504652810767,-0.03282387951775749,10,9,0.5641299347193871
2024-10-23,ARI incidence,2024-11-03,3,DE,fjordhest,ensemble,WIS,344.423330434783,0.052883021185189824,10,7,0.5910839287155061
2024-10-23,ARI incidence,2024-11-03,3,DE,respicast,hubEnsemble,WIS,214.935313908222,0.7331633547561,10,6,0.7566437146614939
2024-10-23,ARI incidence,2024-11-03,3,DE,respicast,quantileBaseline,WIS,357.282658695652,0.0,10,8,0.5746423483176633
2024-10-23,ARI incidence,2024-11-03,3,EE,respicast,hubEnsemble,WIS,188.54046439913,-2.21398829224666,3,2,0.0
2024-10-23,ARI incidence,2024-11-03,3,EE,respicast,quantileBaseline,WIS,40.6375658695652,0.0,3,1,1.0
2024-10-23,ARI incidence,2024-11-03,3,EE,safinea,syndromic,WIS,188.54046439913,-2.21398829224666,3,2,0.0
2024-10-23,ARI incidence,2024-11-03,3,ES,ECDC,SARIMA,WIS,20.0429890737208,1.4517581897304668,8,2,0.9793313481011398
2024-10-23,ARI incidence,2024-11-03,3,ES,ECDC,soca_simplex,WIS,15.5637873665753,1.8166626925681302,8,1,1.0
2024-10-23,ARI incidence,2024-11-03,3,ES,ISI,FluABCaster,WIS,106.797025707559,-0.9619436955418676,8,7,0.5790169391417669
2024-10-23,ARI incidence,2024-11-03,3,ES,ISI,FluBcast,WIS,37.6749608695652,0.5412498545433091,8,3,0.8979710720596594
2024-10-23,ARI incidence,2024-11-03,3,ES,fjordhest,ensemble,WIS,70.7755173913043,-0.3683945227869367,8,6,0.7452331680454278
2024-10-23,ARI incidence,2024-11-03,3,ES,respicast,hubEnsemble,WIS,43.134819863125,0.3460029368378819,8,4,0.8727773138114594
2024-10-23,ARI incidence,2024-11-03,3,ES,respicast,quantileBaseline,WIS,54.8258345652174,0.0,8,5,0.8188307561387987
2024-10-23,ARI incidence,2024-11-03,3,ES,safinea,syndromic,WIS,232.278536304435,-2.082928075036463,8,8,0.0
2024-10-23,ARI incidence,2024-11-03,3,FR,ECDC,SARIMA,WIS,88.1978238248921,-0.0255754696567468,12,7,0.6125169097346411
2024-10-23,ARI incidence,2024-11-03,3,FR,ECDC,soca_simplex,WIS,150.763485751571,-0.7990475616499082,12,9,0.22737998821830066
2024-10-23,ARI incidence,2024-11-03,3,FR,ISI,FluABCaster,WIS,157.799697860217,-0.8648549481046252,12,10,0.18406701130397227
2024-10-23,ARI incidence,2024-11-03,3,FR,ISI,FluBcast,WIS,187.701464628662,-1.1152004126022386,12,12,0.0
2024-10-23,ARI incidence,2024-11-03,3,FR,MRC_GIDA,CATBoost,WIS,34.4888320139096,1.3290383179553276,12,2,0.9431346180243639
2024-10-23,ARI incidence,2024-11-03,3,FR,MRC_GIDA,NBEATS,WIS,34.525487725412,1.3275057948970028,12,3,0.9429089755960847
2024-10-23,ARI incidence,2024-11-03,3,FR,MRC_GIDA,NHiTS,WIS,25.2510257552641,1.7788255951268308,12,1,1.0
2024-10-23,ARI incidence,2024-11-03,3,FR,MRC_GIDA,Prophet,WIS,67.2146183219861,0.366392554906888,12,4,0.7416837230004323
2024-10-23,ARI incidence,2024-11-03,3,FR,fjordhest,ensemble,WIS,102.68827826087,-0.24503201429677335,12,8,0.5233176774243442
2024-10-23,ARI incidence,2024-11-03,3,FR,respicast,hubEnsemble,WIS,83.5613968515882,0.05233098042709872,12,5,0.6410574726623731
2024-10-23,ARI incidence,2024-11-03,3,FR,respicast,quantileBaseline,WIS,86.6480684782609,0.0,12,6,0.6220567752922772
2024-10-23,ARI incidence,2024-11-03,3,FR,safinea,syndromic,WIS,160.26748432687,-0.8872422608414748,12,11,0.16887599991756283
2024-10-23,ARI incidence,2024-11-03,3,GB-ENG,ECDC,SARIMA,WIS,1.70393117316453,2.5671925780814515,5,1,1.0
2024-10-23,ARI incidence,2024-11-03,3,GB-ENG,ECDC,soca_simplex,WIS,2.07784290956308,2.280973053296988,5,3,0.9918897060683115
2024-10-23,ARI incidence,2024-11-03,3,GB-ENG,ISI,FluABCaster,WIS,47.8072832277192,-2.2430988779433725,5,5,0.0
2024-10-23,ARI incidence,2024-11-03,3,GB-ENG,respicast,hubEnsemble,WIS,1.71723567002805,2.5559715945468144,5,2,0.9997114201837692
2024-10-23,ARI incidence,2024-11-03,3,GB-ENG,respicast,quantileBaseline,WIS,10.0984337110508,0.0,5,4,0.8179199089915858
2024-10-23,ARI incidence,2024-11-03,3,GB-NIR,ISI,FluABCaster,WIS,37.6431926493292,-2.208724336022977,4,2,0.4033643694337583
2024-10-23,ARI incidence,2024-11-03,3,GB-NIR,respicast,hubEnsemble,WIS,47.615152372134,-2.5477560922599154,4,3,0.20168218471687716
2024-10-23,ARI incidence,2024-11-03,3,GB-NIR,respicast,quantileBaseline,WIS,8.14318259366259,0.0,4,1,1.0
2024-10-23,ARI incidence,2024-11-03,3,GB-NIR,safinea,syndromic,WIS,57.5871120949386,-2.82208131772411,4,4,0.0
2024-10-23,ARI incidence,2024-11-03,3,GB-SCT,ECDC,SARIMA,WIS,2.71332233195098,1.8483702618110207,6,1,1.0
2024-10-23,ARI incidence,2024-11-03,3,GB-SCT,ECDC,soca_simplex,WIS,26.366114994861,-1.4321823968577294,6,3,0.5754322664895322
2024-10-23,ARI incidence,2024-11-03,3,GB-SCT,ISI,FluABCaster,WIS,34.2248897212643,-1.808543281684896,6,5,0.43436722519356313
2024-10-23,ARI incidence,2024-11-03,3,GB-SCT,respicast,hubEnsemble,WIS,26.6966912214488,-1.4501583346914613,6,4,0.5694984217518276
2024-10-23,ARI incidence,2024-11-03,3,GB-SCT,respicast,quantileBaseline,WIS,9.77048857401167,0.0,6,2,0.8733238345636576
2024-10-23,ARI incidence,2024-11-03,3,GB-SCT,safinea,syndromic,WIS,58.4236149331829,-2.580049015809823,6,6,0.0
2024-10-23,ARI incidence,2024-11-03,3,GB-WLS,respicast,quantileBaseline,WIS,50.1994673603003,0.0,1,1,0.0
2024-10-23,ARI incidence,2024-11-03,3,HU,ECDC,SARIMA,WIS,650.485733606587,-0.32204382411111887,6,6,0.0
2024-10-23,ARI incidence,2024-11-03,3,HU,ECDC,soca_simplex,WIS,101.021361020061,2.3648132082624658,6,1,1.0
2024-10-23,ARI incidence,2024-11-03,3,HU,ISI,FluBcast,WIS,317.538356946156,0.7125427198179735,6,4,0.6059489809923949
2024-10-23,ARI incidence,2024-11-03,3,HU,MRC_GIDA,Prophet,WIS,293.372043432524,0.826742194605673,6,2,0.6499305650937853
2024-10-23,ARI incidence,2024-11-03,3,HU,respicast,hubEnsemble,WIS,305.455200189339,0.768512790489255,6,3,0.6279397730430919
2024-10-23,ARI incidence,2024-11-03,3,HU,respicast,quantileBaseline,WIS,520.346844347826,0.0,6,5,0.23684681983319594
2024-10-23,ARI incidence,2024-11-03,3,LT,ECDC,SARIMA,WIS,149.457015187609,0.1369210078871371,12,6,0.8032486109059649
2024-10-23,ARI incidence,2024-11-03,3,LT,ECDC,soca_simplex,WIS,256.130309627791,-0.6402263634129666,12,9,0.6450073131770351
2024-10-23,ARI incidence,2024-11-03,3,LT,ISI,FluABCaster,WIS,353.331134727325,-1.1043692583368647,12,11,0.5008176658544043
2024-10-23,ARI incidence,2024-11-03,3,LT,ISI,FluBcast,WIS,140.874079855427,0.22224543625925677,12,4,0.8159807087793418
2024-10-23,ARI incidence,2024-11-03,3,LT,MRC_GIDA,CATBoost,WIS,48.0574049443595,1.7738209719843119,12,2,0.9536668200585582
2024-10-23,ARI incidence,2024-11-03,3,LT,MRC_GIDA,NBEATS,WIS,107.800882688193,0.6082826323428059,12,3,0.8650421507011775
2024-10-23,ARI incidence,2024-11-03,3,LT,MRC_GIDA,NHiTS,WIS,16.8233780678234,3.288112296207764,12,1,1.0
2024-10-23,ARI incidence,2024-11-03,3,LT,MRC_GIDA,Prophet,WIS,341.902483635809,-1.0569332793196424,12,10,0.5177711553805647
2024-10-23,ARI incidence,2024-11-03,3,LT,fjordhest,ensemble,WIS,179.206213043478,-0.12496903274690888,12,8,0.759118056020485
2024-10-23,ARI incidence,2024-11-03,3,LT,respicast,hubEnsemble,WIS,146.686163788806,0.1639188286258869,12,5,0.8073589472695472
2024-10-23,ARI incidence,2024-11-03,3,LT,respicast,quantileBaseline,WIS,164.336349347826,0.0,12,7,0.7811763091249839
2024-10-23,ARI incidence,2024-11-03,3,LT,safinea,syndromic,WIS,690.941297796435,-2.0719115213389285,12,12,0.0
2024-10-23,ARI incidence,2024-11-03,3,LU,ECDC,SARIMA,WIS,1053.17832031933,1.5635759974017989,9,6,0.7132616991093719
2024-10-23,ARI incidence,2024-11-03,3,LU,ECDC,soca_simplex,WIS,925.635295739235,1.7498099437787995,9,4,0.7574255387038317
2024-10-23,ARI incidence,2024-11-03,3,LU,MRC_GIDA,CATBoost,WIS,300.147177000707,3.3745837222786923,9,3,0.9740109382986283
2024-10-23,ARI incidence,2024-11-03,3,LU,MRC_GIDA,NBEATS,WIS,1092.50772132578,1.5106822502745136,9,7,0.699643256524107
2024-10-23,ARI incidence,2024-11-03,3,LU,MRC_GIDA,NHiTS,WIS,225.092028584502,3.7897388551536992,9,1,1.0
2024-10-23,ARI incidence,2024-11-03,3,LU,MRC_GIDA,Prophet,WIS,1012.86815034999,1.6198793421280173,9,5,0.7272197488452347
2024-10-23,ARI incidence,2024-11-03,3,LU,fjordhest,ensemble,WIS,2304.56283043478,0.4338326252016177,9,8,0.2799495289010798
2024-10-23,ARI incidence,2024-11-03,3,LU,respicast,hubEnsemble,WIS,261.109190878925,3.575600580706706,9,2,0.9875284737565587
2024-10-23,ARI incidence,2024-11-03,3,LU,respicast,quantileBaseline,WIS,3113.04347826087,0.0,9,9,0.0
2024-10-23,ARI incidence,2024-11-03,3,LV,ECDC,SARIMA,WIS,351.977468304538,1.209606565190061,8,6,0.6086065683016479
2024-10-23,ARI incidence,2024-11-03,3,LV,ECDC,soca_simplex,WIS,54.8298012416991,3.892057494488024,8,1,1.0
2024-10-23,ARI incidence,2024-11-03,3,LV,MRC_GIDA,CATBoost,WIS,93.9490827058411,3.1151386627367725,8,3,0.948473329879496
2024-10-23,ARI incidence,2024-11-03,3,LV,MRC_GIDA,NBEATS,WIS,219.383172621179,1.8916367727271053,8,4,0.7832555464481299
2024-10-23,ARI incidence,2024-11-03,3,LV,MRC_GIDA,NHiTS,WIS,344.63588754815,1.24001670368144,8,5,0.618276664367809
2024-10-23,ARI incidence,2024-11-03,3,LV,MRC_GIDA,Prophet,WIS,373.766110708477,1.1229538772991412,8,7,0.5799072633169566
2024-10-23,ARI incidence,2024-11-03,3,LV,respicast,hubEnsemble,WIS,78.9484211712453,3.366107323330081,8,2,0.9682317229162124
2024-10-23,ARI incidence,2024-11-03,3,LV,respicast,quantileBaseline,WIS,814.034333043478,0.0,8,8,0.0
2024-10-23,ARI incidence,2024-11-03,3,RO,ECDC,SARIMA,WIS,45.765751975405,0.7502213477939603,12,4,0.9397251179115815
2024-10-23,ARI incidence,2024-11-03,3,RO,ECDC,soca_simplex,WIS,126.08270958264,-0.7118088058939033,12,11,0.7174825226249851
2024-10-23,ARI incidence,2024-11-03,3,RO,ISI,FluABCaster,WIS,123.140472552156,-0.6777433714166426,12,10,0.7256238966645838
2024-10-23,ARI incidence,2024-11-03,3,RO,ISI,FluBcast,WIS,56.7727839072233,0.43929024623122165,12,6,0.9092678967243415
2024-10-23,ARI incidence,2024-11-03,3,RO,MRC_GIDA,CATBoost,WIS,41.7307159761879,0.8833800602843729,12,3,0.9508903425323417
2024-10-23,ARI incidence,2024-11-03,3,RO,MRC_GIDA,NBEATS,WIS,34.7289127713302,1.1483524873014028,12,2,0.970264817889628
2024-10-23,ARI incidence,2024-11-03,3,RO,MRC_GIDA,NHiTS,WIS,23.982820835523,1.6824883764087544,12,1,1.0
2024-10-23,ARI incidence,2024-11-03,3,RO,MRC_GIDA,Prophet,WIS,109.328344918426,-0.5061058499741006,12,9,0.7638430123183539
2024-10-23,ARI incidence,2024-11-03,3,RO,fjordhest,ensemble,WIS,81.0091826086956,-0.07359571713282022,12,8,0.8422040996348624
2024-10-23,ARI incidence,2024-11-03,3,RO,respicast,hubEnsemble,WIS,56.6209395004632,0.44315404568988914,12,5,0.9096880607350745
2024-10-23,ARI incidence,2024-11-03,3,RO,respicast,quantileBaseline,WIS,76.9803234782608,0.0,12,7,0.8533522324310588
2024-10-23,ARI incidence,2024-11-03,3,RO,safinea,syndromic,WIS,385.375997979,-2.3237050817664593,12,12,0.0
2024-10-23,ARI incidence,2024-11-03,3,SI,ECDC,SARIMA,WIS,411.223847931067,0.32456367724603236,12,4,0.7975578558037497
2024-10-23,ARI incidence,2024-11-03,3,SI,ECDC,soca_simplex,WIS,706.481232359559,-0.45616362613433564,12,10,0.36095864806815525
2024-10-23,ARI incidence,2024-11-03,3,SI,ISI,FluABCaster,WIS,950.58544608042,-0.8843287036470232,12,12,0.0
2024-10-23,ARI incidence,2024-11-03,3,SI,ISI,FluBcast,WIS,687.166620065187,-0.416172347744581,12,9,0.38951930351718206
2024-10-23,ARI incidence,2024-11-03,3,SI,MRC_GIDA,CATBoost,WIS,406.129305864352,0.342548475430558,12,3,0.8050911916233052
2024-10-23,ARI incidence,2024-11-03,3,SI,MRC_GIDA,NBEATS,WIS,506.711689450101,0.02332249869595542,12,7,0.6563593010706027
2024-10-23,ARI incidence,2024-11-03,3,SI,MRC_GIDA,NHiTS,WIS,335.830144506847,0.6167558757258395,12,2,0.9090430647070985
2024-10-23,ARI incidence,2024-11-03,3,SI,MRC_GIDA,Prophet,WIS,274.319023244168,0.9086329373548078,12,1,1.0
2024-10-23,ARI incidence,2024-11-03,3,SI,fjordhest,ensemble,WIS,500.154739130435,0.04211310124308394,12,5,0.6660551104413626
2024-10-23,ARI incidence,2024-11-03,3,SI,respicast,hubEnsemble,WIS,506.248675163899,0.02464138240438178,12,6,0.6570439636097543
2024-10-23,ARI incidence,2024-11-03,3,SI,respicast,quantileBaseline,WIS,514.96972173913,0.0,12,8,0.644148089615811
2024-10-23,ARI incidence,2024-11-03,3,SI,safinea,syndromic,WIS,888.563005422652,-0.7869864673886531,12,11,0.09171302694232054
2024-10-23,ARI incidence,2024-11-10,4,BE,ECDC,SARIMA,WIS,132.338656807774,0.07861251135781731,12,8,0.8012161907880625
2024-10-23,ARI incidence,2024-11-10,4,BE,ECDC,soca_simplex,WIS,45.4493601459202,1.6205151643936775,12,3,0.9761783608357908
2024-10-23,ARI incidence,2024-11-10,4,BE,ISI,FluABCaster,WIS,357.115964646807,-1.3535455769120899,12,11,0.34859973435552866
2024-10-23,ARI incidence,2024-11-10,4,BE,ISI,FluBcast,WIS,113.937268246584,0.29460733147468865,12,7,0.8382696254255498
2024-10-23,ARI incidence,2024-11-10,4,BE,MRC_GIDA,CATBoost,WIS,33.6191143748145,2.0554934278301373,12,1,1.0
2024-10-23,ARI incidence,2024-11-10,4,BE,MRC_GIDA,NBEATS,WIS,40.7168853191779,1.7791479429591928,12,2,0.98570777466688
2024-10-23,ARI incidence,2024-11-10,4,BE,MRC_GIDA,NHiTS,WIS,62.6207949995494,1.1581333238599625,12,4,0.9416015876284283
2024-10-23,ARI incidence,2024-11-10,4,BE,MRC_GIDA,Prophet,WIS,63.1747606892118,1.1454268539821724,12,5,0.9404861103151233
2024-10-23,ARI incidence,2024-11-10,4,BE,fjordhest,ensemble,WIS,151.177660869565,-0.11339791877086793,12,10,0.7632815640984673
2024-10-23,ARI incidence,2024-11-10,4,BE,respicast,hubEnsemble,WIS,77.3303746997899,0.8537399445654744,12,6,0.911982059289284
2024-10-23,ARI incidence,2024-11-10,4,BE,respicast,quantileBaseline,WIS,139.749880869565,0.0,12,9,0.7862927894673315
2024-10-23,ARI incidence,2024-11-10,4,BE,safinea,syndromic,WIS,530.23673541913,-1.923789572025003,12,12,0.0
2024-10-23,ARI incidence,2024-11-10,4,BG,ECDC,SARIMA,WIS,168.404945152287,-0.020619237328454353,12,11,0.04830965224535267
2024-10-23,ARI incidence,2024-11-10,4,BG,ECDC,soca_simplex,WIS,15.9635838011693,3.378458789976507,12,1,1.0
2024-10-23,ARI incidence,2024-11-10,4,BG,ISI,FluABCaster,WIS,176.143165017662,-0.08543322827867098,12,12,0.0
2024-10-23,ARI incidence,2024-11-10,4,BG,ISI,FluBcast,WIS,100.971548331712,0.7173664369489763,12,7,0.4692958747616581
2024-10-23,ARI incidence,2024-11-10,4,BG,MRC_GIDA,CATBoost,WIS,115.213613251016,0.5270040751127626,12,8,0.3803827635452231
2024-10-23,ARI incidence,2024-11-10,4,BG,MRC_GIDA,NBEATS,WIS,24.8094546068635,2.7423533404074356,12,3,0.9447752907173702
2024-10-23,ARI incidence,2024-11-10,4,BG,MRC_GIDA,NHiTS,WIS,16.7631364607052,3.307951251582622,12,2,0.9950083983647376
2024-10-23,ARI incidence,2024-11-10,4,BG,MRC_GIDA,Prophet,WIS,80.9879904922742,1.035535370622966,12,5,0.594053085934715
2024-10-23,ARI incidence,2024-11-10,4,BG,fjordhest,ensemble,WIS,143.523152173913,0.21003178455606059,12,9,0.20364651097233816
2024-10-23,ARI incidence,2024-11-10,4,BG,respicast,hubEnsemble,WIS,43.1625384151421,1.9434636477263292,12,4,0.8301971174639812
2024-10-23,ARI incidence,2024-11-10,4,BG,respicast,quantileBaseline,WIS,166.01519173913,0.0,12,10,0.06322886601160121
2024-10-23,ARI incidence,2024-11-10,4,BG,safinea,syndromic,WIS,86.0025687758696,0.9488636090885572,12,6,0.5627471089461881
2024-10-23,ARI incidence,2024-11-10,4,CZ,ECDC,SARIMA,WIS,77.8388361146836,-0.5695460680080741,12,8,0.8962963424775423
2024-10-23,ARI incidence,2024-11-10,4,CZ,ECDC,soca_simplex,WIS,119.119311625491,-1.1833913464307422,12,10,0.8166269739666496
2024-10-23,ARI incidence,2024-11-10,4,CZ,ISI,FluABCaster,WIS,24.1050564355881,1.121608262946993,12,1,1.0
2024-10-23,ARI incidence,2024-11-10,4,CZ,ISI,FluBcast,WIS,53.9024393400835,-0.039406492850441885,12,6,0.9424924579985299
2024-10-23,ARI incidence,2024-11-10,4,CZ,MRC_GIDA,CATBoost,WIS,179.626258366373,-1.7759822879898604,12,11,0.6998514238374791
2024-10-23,ARI incidence,2024-11-10,4,CZ,MRC_GIDA,NBEATS,WIS,40.0486965934636,0.38918878026640863,12,3,0.9692295273388918
2024-10-23,ARI incidence,2024-11-10,4,CZ,MRC_GIDA,NHiTS,WIS,47.6011100077516,0.1399488543180413,12,4,0.9546537260671262
2024-10-23,ARI incidence,2024-11-10,4,CZ,MRC_GIDA,Prophet,WIS,80.9733138157433,-0.6265024503511207,12,9,0.8902469485215662
2024-10-23,ARI incidence,2024-11-10,4,CZ,fjordhest,ensemble,WIS,69.9872565217391,-0.41614818559117156,12,7,0.9114495203477714
2024-10-23,ARI incidence,2024-11-10,4,CZ,respicast,hubEnsemble,WIS,36.0816455825227,0.539678933009535,12,2,0.9768857484696154
2024-10-23,ARI incidence,2024-11-10,4,CZ,respicast,quantileBaseline,WIS,52.450047173913,0.0,12,5,0.9452955062986562
2024-10-23,ARI incidence,2024-11-10,4,CZ,safinea,syndromic,WIS,542.252448367826,-3.3699486864561057,12,12,0.0
2024-10-23,ARI incidence,2024-11-10,4,DE,ECDC,SARIMA,WIS,113.92998932388,0.16187503825221275,10,3,0.9334166917724562
2024-10-23,ARI incidence,2024-11-10,4,DE,ECDC,soca_simplex,WIS,347.21721131356,-1.4458158729488941,10,10,0.0
2024-10-23,ARI incidence,2024-11-10,4,DE,ISI,FluABCaster,WIS,255.852051403659,-1.0052872108341808,10,9,0.36556552295922085
2024-10-23,ARI incidence,2024-11-10,4,DE,MRC_GIDA,CATBoost,WIS,160.613917435438,-0.333574319961283,10,8,0.7466273881612996
2024-10-23,ARI incidence,2024-11-10,4,DE,MRC_GIDA,NBEATS,WIS,97.2889380718494,0.38967490757745715,10,1,1.0
2024-10-23,ARI incidence,2024-11-10,4,DE,MRC_GIDA,NHiTS,WIS,129.886564615044,-0.0272296170443446,10,5,0.8695720731376847
2024-10-23,ARI incidence,2024-11-10,4,DE,MRC_GIDA,Prophet,WIS,140.279693535994,-0.13828359391580422,10,6,0.8279876265836983
2024-10-23,ARI incidence,2024-11-10,4,DE,fjordhest,ensemble,WIS,144.994769565217,-0.18597826847098767,10,7,0.809121909759964
2024-10-23,ARI incidence,2024-11-10,4,DE,respicast,hubEnsemble,WIS,112.802914846992,0.17621824227715877,10,2,0.9379262835135954
2024-10-23,ARI incidence,2024-11-10,4,DE,respicast,quantileBaseline,WIS,127.458058478261,0.0,10,4,0.8792888855066252
2024-10-23,ARI incidence,2024-11-10,4,EE,respicast,quantileBaseline,WIS,39.3236423913044,0.0,1,1,0.0
2024-10-23,ARI incidence,2024-11-10,4,ES,ECDC,SARIMA,WIS,49.3979936246804,-0.8208447735707329,8,5,0.8934028493491274
2024-10-23,ARI incidence,2024-11-10,4,ES,ECDC,soca_simplex,WIS,60.6686758149644,-1.1173441505707298,8,7,0.8373487720818702
2024-10-23,ARI incidence,2024-11-10,4,ES,ISI,FluABCaster,WIS,36.7423964152697,-0.3938380529234753,8,4,0.956344720290279
2024-10-23,ARI incidence,2024-11-10,4,ES,ISI,FluBcast,WIS,31.8275782608696,-0.18666971529365461,8,3,0.9807882803099869
2024-10-23,ARI incidence,2024-11-10,4,ES,fjordhest,ensemble,WIS,52.2219565217391,-0.9010488377990287,8,6,0.8793580354009483
2024-10-23,ARI incidence,2024-11-10,4,ES,respicast,hubEnsemble,WIS,30.0665535543605,-0.10455183310219417,8,2,0.9895466334692399
2024-10-23,ARI incidence,2024-11-10,4,ES,respicast,quantileBaseline,WIS,27.9647158695652,0.0,8,1,1.0
2024-10-23,ARI incidence,2024-11-10,4,ES,safinea,syndromic,WIS,229.032733393913,-3.033874225989117,8,8,0.0
2024-10-23,ARI incidence,2024-11-10,4,FR,ECDC,SARIMA,WIS,59.687147617051,0.11202023876095035,12,5,0.7083574897264623
2024-10-23,ARI incidence,2024-11-10,4,FR,ECDC,soca_simplex,WIS,131.043470668198,-1.0225330176722416,12,9,0.3003901612540266
2024-10-23,ARI incidence,2024-11-10,4,FR,ISI,FluABCaster,WIS,143.539847382046,-1.153938837381717,12,10,0.22894430746641664
2024-10-23,ARI incidence,2024-11-10,4,FR,ISI,FluBcast,WIS,183.583799003036,-1.5089262941755022,12,12,0.0
2024-10-23,ARI incidence,2024-11-10,4,FR,MRC_GIDA,CATBoost,WIS,8.67684427622334,2.8941982070061636,12,1,1.0
2024-10-23,ARI incidence,2024-11-10,4,FR,MRC_GIDA,NBEATS,WIS,26.2835540485462,1.2952801800653855,12,3,0.8993367084812448
2024-10-23,ARI incidence,2024-11-10,4,FR,MRC_GIDA,NHiTS,WIS,17.6212611207656,1.8721233704470115,12,2,0.9488618571027517
2024-10-23,ARI incidence,2024-11-10,4,FR,MRC_GIDA,Prophet,WIS,40.4538489686444,0.6731635754430224,12,4,0.8183205193752667
2024-10-23,ARI incidence,2024-11-10,4,FR,fjordhest,ensemble,WIS,79.5169173913043,-0.3018212800632071,12,8,0.5949842404738785
2024-10-23,ARI incidence,2024-11-10,4,FR,respicast,hubEnsemble,WIS,61.1600217987452,0.07685162848501324,12,6,0.6999365885450617
2024-10-23,ARI incidence,2024-11-10,4,FR,respicast,quantileBaseline,WIS,64.5063215217392,0.0,12,7,0.6808047036624931
2024-10-23,ARI incidence,2024-11-10,4,FR,safinea,syndromic,WIS,162.506365963304,-1.3329837803374371,12,11,0.12050654631002444
2024-10-23,ARI incidence,2024-11-10,4,GB-ENG,ECDC,SARIMA,WIS,16.8430969131613,-0.06273527393641126,5,3,0.9420596462889342
2024-10-23,ARI incidence,2024-11-10,4,GB-ENG,ECDC,soca_simplex,WIS,40.6196324885052,-1.3327550318424553,5,4,0.05868338706475231
2024-10-23,ARI incidence,2024-11-10,4,GB-ENG,ISI,FluABCaster,WIS,42.199126645901,-1.3877909863150102,5,5,0.0
2024-10-23,ARI incidence,2024-11-10,4,GB-ENG,respicast,hubEnsemble,WIS,15.2836018883923,0.07743757130969597,5,1,1.0
2024-10-23,ARI incidence,2024-11-10,4,GB-ENG,respicast,quantileBaseline,WIS,16.1263747661356,0.0,5,2,0.9686882241629641
2024-10-23,ARI incidence,2024-11-10,4,GB-NIR,ISI,FluABCaster,WIS,48.9110425152617,-2.3152272179878253,4,2,0.20600555610700985
2024-10-23,ARI incidence,2024-11-10,4,GB-NIR,respicast,hubEnsemble,WIS,53.9812137010889,-2.4575244170261183,4,3,0.10300277805350702
2024-10-23,ARI incidence,2024-11-10,4,GB-NIR,respicast,quantileBaseline,WIS,9.82774954774521,0.0,4,1,1.0
2024-10-23,ARI incidence,2024-11-10,4,GB-NIR,safinea,syndromic,WIS,59.0513848869163,-2.5870378970773618,4,4,0.0
2024-10-23,ARI incidence,2024-11-10,4,GB-SCT,ECDC,SARIMA,WIS,5.50579209043027,0.6797825571705851,6,1,1.0
2024-10-23,ARI incidence,2024-11-10,4,GB-SCT,ECDC,soca_simplex,WIS,16.0470807149114,-0.8635062718861621,6,3,0.7878950666764594
2024-10-23,ARI incidence,2024-11-10,4,GB-SCT,ISI,FluABCaster,WIS,36.1032636369806,-2.033324664486152,6,5,0.3843376371293085
2024-10-23,ARI incidence,2024-11-10,4,GB-SCT,respicast,hubEnsemble,WIS,20.581313325903,-1.2225304515691826,6,4,0.6966601958852102
2024-10-23,ARI incidence,2024-11-10,4,GB-SCT,respicast,quantileBaseline,WIS,8.81971898462471,0.0,6,2,0.9333193248024931
2024-10-23,ARI incidence,2024-11-10,4,GB-SCT,safinea,syndromic,WIS,55.2042524671234,-2.645974810031894,6,6,0.0
2024-10-23,ARI incidence,2024-11-10,4,GB-WLS,respicast,quantileBaseline,WIS,48.1421230297856,0.0,1,1,0.0
2024-10-23,ARI incidence,2024-11-10,4,HU,ECDC,SARIMA,WIS,253.23182408786,0.16259834028767026,6,5,0.11986853072768817
2024-10-23,ARI incidence,2024-11-10,4,HU,ECDC,soca_simplex,WIS,172.805023240494,0.7139119068924745,6,4,0.43898028597294647
2024-10-23,ARI incidence,2024-11-10,4,HU,ISI,FluBcast,WIS,110.120934778208,1.363968300832601,6,3,0.6876937656140336
2024-10-23,ARI incidence,2024-11-10,4,HU,MRC_GIDA,Prophet,WIS,31.4093520693659,3.173790974820193,6,1,1.0
2024-10-23,ARI incidence,2024-11-10,4,HU,respicast,hubEnsemble,WIS,70.316103122494,2.011130037975776,6,2,0.8456285530613565
2024-10-23,ARI incidence,2024-11-10,4,HU,respicast,quantileBaseline,WIS,283.44269,0.0,6,6,0.0
2024-10-23,ARI incidence,2024-11-10,4,LT,ECDC,SARIMA,WIS,86.50319400455,0.008867269214288995,12,5,0.9189179399100766
2024-10-23,ARI incidence,2024-11-10,4,LT,ECDC,soca_simplex,WIS,42.5395700906234,1.0328152190177484,12,3,0.9974949481182501
2024-10-23,ARI incidence,2024-11-10,4,LT,ISI,FluABCaster,WIS,229.459490947502,-1.3985469035389007,12,11,0.6634094736314797
2024-10-23,ARI incidence,2024-11-10,4,LT,ISI,FluBcast,WIS,42.2430319052932,1.0429072875293166,12,2,0.9980249563693523
2024-10-23,ARI incidence,2024-11-10,4,LT,MRC_GIDA,CATBoost,WIS,197.660555628115,-1.18333242370219,12,10,0.7202443061397056
2024-10-23,ARI incidence,2024-11-10,4,LT,MRC_GIDA,NBEATS,WIS,41.1380003270819,1.081149004612797,12,1,1.0
2024-10-23,ARI incidence,2024-11-10,4,LT,MRC_GIDA,NHiTS,WIS,107.656926969837,-0.30674857234658115,12,8,0.8811094768929885
2024-10-23,ARI incidence,2024-11-10,4,LT,MRC_GIDA,Prophet,WIS,174.986317177643,-1.0075495393732117,12,9,0.7607703970808217
2024-10-23,ARI incidence,2024-11-10,4,LT,fjordhest,ensemble,WIS,106.144934782609,-0.2863429502607844,12,7,0.8838118888401727
2024-10-23,ARI incidence,2024-11-10,4,LT,respicast,hubEnsemble,WIS,57.4390718218459,0.5995882360289622,12,4,0.9708647896917265
2024-10-23,ARI incidence,2024-11-10,4,LT,respicast,quantileBaseline,WIS,87.036507826087,0.0,12,6,0.9179647381309309
2024-10-23,ARI incidence,2024-11-10,4,LT,safinea,syndromic,WIS,600.635300064609,-2.7867966888483817,12,12,0.0
2024-10-23,ARI incidence,2024-11-10,4,LU,ECDC,SARIMA,WIS,5463.46246491906,0.5031024096829426,9,2,0.9375514993897256
2024-10-23,ARI incidence,2024-11-10,4,LU,ECDC,soca_simplex,WIS,10264.3104082584,-0.406646842878934,9,9,0.0
2024-10-23,ARI incidence,2024-11-10,4,LU,MRC_GIDA,CATBoost,WIS,6747.44460718628,0.19857672947969443,9,3,0.6868042570525866
2024-10-23,ARI incidence,2024-11-10,4,LU,MRC_GIDA,NBEATS,WIS,9982.20062337084,-0.36643994208843716,9,8,0.05509286170598246
2024-10-23,ARI incidence,2024-11-10,4,LU,MRC_GIDA,NHiTS,WIS,9071.33825238829,-0.2283974430647392,9,7,0.23297401764577344
2024-10-23,ARI incidence,2024-11-10,4,LU,MRC_GIDA,Prophet,WIS,5143.68722492999,0.5901150389190635,9,1,1.0
2024-10-23,ARI incidence,2024-11-10,4,LU,fjordhest,ensemble,WIS,7853.42392173913,-0.020403817277050994,9,5,0.4708189609359601
2024-10-23,ARI incidence,2024-11-10,4,LU,respicast,hubEnsemble,WIS,8826.8194870108,-0.18897573668466291,9,6,0.2807257768796081
2024-10-23,ARI incidence,2024-11-10,4,LU,respicast,quantileBaseline,WIS,7743.13586956522,0.0,9,4,0.49235697461620564
2024-10-23,ARI incidence,2024-11-10,4,LV,ECDC,SARIMA,WIS,377.030787159975,2.204698293543471,8,7,0.8082994952212464
2024-10-23,ARI incidence,2024-11-10,4,LV,ECDC,soca_simplex,WIS,85.0883106361212,4.352347773482975,8,3,0.9816846438133525
2024-10-23,ARI incidence,2024-11-10,4,LV,MRC_GIDA,CATBoost,WIS,54.2492769186174,5.001704814523911,8,1,1.0
2024-10-23,ARI incidence,2024-11-10,4,LV,MRC_GIDA,NBEATS,WIS,111.32888758211,3.964552636554051,8,4,0.966100319164551
2024-10-23,ARI incidence,2024-11-10,4,LV,MRC_GIDA,NHiTS,WIS,155.171497970679,3.485517041393041,8,5,0.940062115997268
2024-10-23,ARI incidence,2024-11-10,4,LV,MRC_GIDA,Prophet,WIS,371.889698490511,2.2245058426205957,8,6,0.8113527967945356
2024-10-23,ARI incidence,2024-11-10,4,LV,respicast,hubEnsemble,WIS,65.4355862193706,4.731233284252842,8,2,0.9933564312963212
2024-10-23,ARI incidence,2024-11-10,4,LV,respicast,quantileBaseline,WIS,1738.02945586957,0.0,8,8,0.0
2024-10-23,ARI incidence,2024-11-10,4,RO,ECDC,SARIMA,WIS,80.8586853159438,-0.4498014388466098,12,7,0.8280768729394881
2024-10-23,ARI incidence,2024-11-10,4,RO,ECDC,soca_simplex,WIS,82.1070224487443,-0.4719043099627262,12,8,0.8245078187318002
2024-10-23,ARI incidence,2024-11-10,4,RO,ISI,FluABCaster,WIS,20.7256609885134,1.5141831948429334,12,1,1.0
2024-10-23,ARI incidence,2024-11-10,4,RO,ISI,FluBcast,WIS,22.8747924493991,1.371842654722929,12,2,0.993855532706825
2024-10-23,ARI incidence,2024-11-10,4,RO,MRC_GIDA,CATBoost,WIS,144.040249616499,-1.2827987915412524,12,11,0.6474378276125886
2024-10-23,ARI incidence,2024-11-10,4,RO,MRC_GIDA,NBEATS,WIS,87.664632065275,-0.5663936025522232,12,9,0.8086183530855552
2024-10-23,ARI incidence,2024-11-10,4,RO,MRC_GIDA,NHiTS,WIS,132.614658476174,-1.1635670383953776,12,10,0.6801041266941651
2024-10-23,ARI incidence,2024-11-10,4,RO,MRC_GIDA,Prophet,WIS,52.6750837313493,0.16848060580094992,12,4,0.908655107120216
2024-10-23,ARI incidence,2024-11-10,4,RO,fjordhest,ensemble,WIS,53.0982739130435,0.15693634460353648,12,5,0.9074451866116114
2024-10-23,ARI incidence,2024-11-10,4,RO,respicast,hubEnsemble,WIS,39.5239823041858,0.5828729927566718,12,3,0.9462547207590819
2024-10-23,ARI incidence,2024-11-10,4,RO,respicast,quantileBaseline,WIS,59.2001695652174,0.0,12,6,0.8899995817505212
2024-10-23,ARI incidence,2024-11-10,4,RO,safinea,syndromic,WIS,370.49259086913,-2.645771478486502,12,12,0.0
2024-10-23,ARI incidence,2024-11-10,4,SI,ECDC,SARIMA,WIS,159.750593069466,0.5874014460512185,12,4,0.8710299872434889
2024-10-23,ARI incidence,2024-11-10,4,SI,ECDC,soca_simplex,WIS,224.932630490102,0.0937297682508478,12,7,0.7710417012364634
2024-10-23,ARI incidence,2024-11-10,4,SI,ISI,FluABCaster,WIS,606.806314409775,-1.3380133651107409,12,11,0.18525309079593902
2024-10-23,ARI incidence,2024-11-10,4,SI,ISI,FluBcast,WIS,230.360076560419,0.05933202656914187,12,8,0.7627160788496623
2024-10-23,ARI incidence,2024-11-10,4,SI,MRC_GIDA,CATBoost,WIS,75.6754625382339,1.6653252400657048,12,1,1.0
2024-10-23,ARI incidence,2024-11-10,4,SI,MRC_GIDA,NBEATS,WIS,133.101611892594,0.8506946904569361,12,3,0.9119091321298886
2024-10-23,ARI incidence,2024-11-10,4,SI,MRC_GIDA,NHiTS,WIS,176.677916219384,0.4421010110884116,12,6,0.8450637226800632
2024-10-23,ARI incidence,2024-11-10,4,SI,MRC_GIDA,Prophet,WIS,94.1797092796379,1.3497345588498124,12,2,0.9716147578575334
2024-10-23,ARI incidence,2024-11-10,4,SI,fjordhest,ensemble,WIS,237.295169565217,0.01654000019681544,12,9,0.7520777482560019
2024-10-23,ARI incidence,2024-11-10,4,SI,respicast,hubEnsemble,WIS,170.99392327693,0.48927767717375154,12,5,0.8537828841926807
2024-10-23,ARI incidence,2024-11-10,4,SI,respicast,quantileBaseline,WIS,240.031331304348,0.0,12,10,0.7478805164209766
2024-10-23,ARI incidence,2024-11-10,4,SI,safinea,syndromic,WIS,727.572199882609,-1.5998676862934778,12,12,0.0
2024-10-30,ARI incidence,2024-10-27,1,BE,ECDC,SARIMA,WIS,58.5675872883388,-0.14655967457547686,8,3,0.9039071827429705
2024-10-30,ARI incidence,2024-10-27,1,BE,ECDC,soca_simplex,WIS,77.8492370652332,-0.5571401119516843,8,6,0.8197204292368235
2024-10-30,ARI incidence,2024-10-27,1,BE,ISI,FluBcast,WIS,36.5590411541793,0.5333145559218392,8,1,1.0
2024-10-30,ARI incidence,2024-10-27,1,BE,ISI,SEIR_BRW,WIS,265.593289107291,-2.3276039998746305,8,8,0.0
2024-10-30,ARI incidence,2024-10-27,1,BE,fjordhest,ensemble,WIS,64.154047826087,-0.2779975068413486,8,4,0.8795158063978405
2024-10-30,ARI incidence,2024-10-27,1,BE,respicast,hubEnsemble,WIS,71.9264184151661,-0.44297897793310503,8,5,0.8455803986649748
2024-10-30,ARI incidence,2024-10-27,1,BE,respicast,quantileBaseline,WIS,52.9100869565217,0.0,8,2,0.92860873014201
2024-10-30,ARI incidence,2024-10-27,1,BE,safinea,syndromic,WIS,141.65204570713,-1.4207367430489917,8,7,0.5411472061834809
2024-10-30,ARI incidence,2024-10-27,1,BG,ECDC,SARIMA,WIS,37.0572968340904,-0.5722685843988671,8,5,0.5641057625437784
2024-10-30,ARI incidence,2024-10-27,1,BG,ECDC,soca_simplex,WIS,33.3405446475,-0.4197886096437503,8,4,0.6231270912262049
2024-10-30,ARI incidence,2024-10-27,1,BG,ISI,FluBcast,WIS,9.60771383834278,1.3752239758419993,8,1,1.0
2024-10-30,ARI incidence,2024-10-27,1,BG,ISI,SEIR_BRW,WIS,44.1150163812142,-0.8237807580798215,8,7,0.45203049784303656
2024-10-30,ARI incidence,2024-10-27,1,BG,fjordhest,ensemble,WIS,38.4885434782609,-0.6269400136993913,8,6,0.5413778338656223
2024-10-30,ARI incidence,2024-10-27,1,BG,respicast,hubEnsemble,WIS,30.4828929132931,-0.290510762611976,8,3,0.6685060656095512
2024-10-30,ARI incidence,2024-10-27,1,BG,respicast,quantileBaseline,WIS,24.9231956521739,0.0,8,2,0.7567930169449658
2024-10-30,ARI incidence,2024-10-27,1,BG,safinea,syndromic,WIS,72.5807486642608,-1.5420978755889923,8,8,0.0
2024-10-30,ARI incidence,2024-10-27,1,CZ,ISI,SEIR_BRW,WIS,131.916416305421,-1.6226676698407128,5,4,0.17412139749994165
2024-10-30,ARI incidence,2024-10-27,1,CZ,fjordhest,ensemble,WIS,43.9000130434783,-0.03533683177959931,5,2,0.9901518960180221
2024-10-30,ARI incidence,2024-10-27,1,CZ,respicast,hubEnsemble,WIS,94.773585475691,-1.1456004822670105,5,3,0.5184854209667228
2024-10-30,ARI incidence,2024-10-27,1,CZ,respicast,quantileBaseline,WIS,42.8378043478261,0.0,5,1,1.0
2024-10-30,ARI incidence,2024-10-27,1,CZ,safinea,syndromic,WIS,150.697012333044,-1.8146943731010936,5,5,0.0
2024-10-30,ARI incidence,2024-10-27,1,DE,ECDC,SARIMA,WIS,72.9612629966937,0.03712299717281681,7,1,1.0
2024-10-30,ARI incidence,2024-10-27,1,DE,ECDC,soca_simplex,WIS,110.349671572194,-0.5597567300164701,7,5,0.7302997510733948
2024-10-30,ARI incidence,2024-10-27,1,DE,ISI,SEIR_BRW,WIS,152.638623602853,-1.0277944614251195,7,6,0.42524956776637823
2024-10-30,ARI incidence,2024-10-27,1,DE,fjordhest,ensemble,WIS,105.356582608696,-0.4929548497992209,7,3,0.7663172599130332
2024-10-30,ARI incidence,2024-10-27,1,DE,respicast,hubEnsemble,WIS,109.170234139524,-0.5442539454011859,7,4,0.738807590302286
2024-10-30,ARI incidence,2024-10-27,1,DE,respicast,quantileBaseline,WIS,74.8630434782608,0.0,7,2,0.9862815592098108
2024-10-30,ARI incidence,2024-10-27,1,DE,safinea,syndromic,WIS,211.590755273043,-1.4989509894623334,7,7,0.0
2024-10-30,ARI incidence,2024-10-27,1,EE,ECDC,SARIMA,WIS,126.027820431515,0.09297570216951613,7,1,1.0
2024-10-30,ARI incidence,2024-10-27,1,EE,ECDC,soca_simplex,WIS,147.209614246173,-0.13115395317130446,7,6,0.47970661769830564
2024-10-30,ARI incidence,2024-10-27,1,EE,ISI,FluBcast,WIS,166.739070151727,-0.31087425138574265,7,7,0.0
2024-10-30,ARI incidence,2024-10-27,1,EE,ISI,SEIR_BRW,WIS,133.874929643426,0.005832126796721175,7,3,0.8072496112047595
2024-10-30,ARI incidence,2024-10-27,1,EE,respicast,hubEnsemble,WIS,136.905160099761,-0.026458880737955232,7,5,0.7328173479566337
2024-10-30,ARI incidence,2024-10-27,1,EE,respicast,quantileBaseline,WIS,134.417217391304,0.0,7,4,0.7939292697363719
2024-10-30,ARI incidence,2024-10-27,1,EE,safinea,syndromic,WIS,132.821469692348,0.017229576147595665,7,2,0.8331259957008852
2024-10-30,ARI incidence,2024-10-27,1,ES,ECDC,SARIMA,WIS,15.4675077975262,-0.45516232207919893,8,5,0.7534346940320069
2024-10-30,ARI incidence,2024-10-27,1,ES,ECDC,soca_simplex,WIS,8.94839971682986,0.3343768323514475,8,2,0.9165932110781544
2024-10-30,ARI incidence,2024-10-27,1,ES,ISI,FluBcast,WIS,5.61582547253499,1.0065084334951986,8,1,1.0
2024-10-30,ARI incidence,2024-10-27,1,ES,ISI,SEIR_BRW,WIS,45.571496795856,-2.014053317491093,8,8,0.0
2024-10-30,ARI incidence,2024-10-27,1,ES,fjordhest,ensemble,WIS,26.0683304347826,-1.208219748208827,8,7,0.4881201019813662
2024-10-30,ARI incidence,2024-10-27,1,ES,respicast,hubEnsemble,WIS,11.7556407266863,-0.05927473427792458,8,4,0.8463343237442321
2024-10-30,ARI incidence,2024-10-27,1,ES,respicast,quantileBaseline,WIS,11.2824347826087,0.0,8,3,0.8581775972622373
2024-10-30,ARI incidence,2024-10-27,1,ES,safinea,syndromic,WIS,19.598590352087,-0.7966714516421485,8,6,0.6500430497987738
2024-10-30,ARI incidence,2024-10-27,1,FR,ISI,SEIR_BRW,WIS,100.031918770964,-0.6142566600367291,5,5,0.0
2024-10-30,ARI incidence,2024-10-27,1,FR,fjordhest,ensemble,WIS,83.4735086956522,-0.3531865620049519,5,2,0.47740185682030745
2024-10-30,ARI incidence,2024-10-27,1,FR,respicast,hubEnsemble,WIS,93.7641167984487,-0.520904062082232,5,3,0.1807093969922982
2024-10-30,ARI incidence,2024-10-27,1,FR,respicast,quantileBaseline,WIS,65.3474913043479,0.0,5,1,1.0
2024-10-30,ARI incidence,2024-10-27,1,FR,safinea,syndromic,WIS,95.3074055256522,-0.5444564661175446,5,4,0.1362142491715961
2024-10-30,ARI incidence,2024-10-27,1,GB-ENG,ECDC,SARIMA,WIS,3.19691021586764,0.6548464985239348,6,1,1.0
2024-10-30,ARI incidence,2024-10-27,1,GB-ENG,ECDC,soca_simplex,WIS,10.3231516293298,-1.0362868580452798,6,4,0.5467862377221747
2024-10-30,ARI incidence,2024-10-27,1,GB-ENG,ISI,FluBcast,WIS,18.9207076964342,-1.9103694204798354,6,6,0.0
2024-10-30,ARI incidence,2024-10-27,1,GB-ENG,respicast,hubEnsemble,WIS,3.69620434863042,0.4454802057085059,6,2,0.9682459575442973
2024-10-30,ARI incidence,2024-10-27,1,GB-ENG,respicast,quantileBaseline,WIS,5.03337025202248,0.0,6,3,0.8832050566394939
2024-10-30,ARI incidence,2024-10-27,1,GB-ENG,safinea,syndromic,WIS,17.0260133460045,-1.7581440356903197,6,5,0.12049852160531829
2024-10-30,ARI incidence,2024-10-27,1,GB-NIR,ECDC,SARIMA,WIS,2.24927489083138,0.6333852733626274,6,3,0.8877161191327585
2024-10-30,ARI incidence,2024-10-27,1,GB-NIR,ECDC,soca_simplex,WIS,2.20272859982407,0.6635535112376308,6,2,0.9003695261687631
2024-10-30,ARI incidence,2024-10-27,1,GB-NIR,ISI,FluBcast,WIS,3.69689558165857,-0.08346903389419409,6,5,0.49418672208795444
2024-10-30,ARI incidence,2024-10-27,1,GB-NIR,respicast,hubEnsemble,WIS,1.83623212856148,0.926096811892711,6,1,1.0
2024-10-30,ARI incidence,2024-10-27,1,GB-NIR,respicast,quantileBaseline,WIS,3.48907657660709,0.0,6,4,0.5506814159470399
2024-10-30,ARI incidence,2024-10-27,1,GB-NIR,safinea,syndromic,WIS,5.51479007543419,-0.6604607081372945,6,6,0.0
2024-10-30,ARI incidence,2024-10-27,1,GB-SCT,ISI,SEIR_BRW,WIS,14.4861254245295,-0.8832793534866147,4,2,0.7001225590204552
2024-10-30,ARI incidence,2024-10-27,1,GB-SCT,respicast,hubEnsemble,WIS,20.3276662076654,-1.3720521725911643,4,3,0.4360153190384767
2024-10-30,ARI incidence,2024-10-27,1,GB-SCT,respicast,quantileBaseline,WIS,7.85341705370267,0.0,4,1,1.0
2024-10-30,ARI incidence,2024-10-27,1,GB-SCT,safinea,syndromic,WIS,29.9714808505698,-1.932197949035595,4,4,0.0
2024-10-30,ARI incidence,2024-10-27,1,GB-WLS,respicast,quantileBaseline,WIS,51.6549062247482,0.0,1,1,0.0
2024-10-30,ARI incidence,2024-10-27,1,HU,ECDC,SARIMA,WIS,147.646928916136,0.09713469397760263,6,5,0.09183459955469746
2024-10-30,ARI incidence,2024-10-27,1,HU,ECDC,soca_simplex,WIS,45.9553182936364,1.7809823066691732,6,1,1.0
2024-10-30,ARI incidence,2024-10-27,1,HU,ISI,FluBcast,WIS,107.476833080103,0.5552603258968102,6,3,0.45057698693100207
2024-10-30,ARI incidence,2024-10-27,1,HU,respicast,hubEnsemble,WIS,104.346555546085,0.5979030641553164,6,2,0.47853219122744595
2024-10-30,ARI incidence,2024-10-27,1,HU,respicast,quantileBaseline,WIS,157.930086956522,0.0,6,6,0.0
2024-10-30,ARI incidence,2024-10-27,1,HU,safinea,syndromic,WIS,143.303323001739,0.14021397838454125,6,4,0.13062553403274937
2024-10-30,ARI incidence,2024-10-27,1,LT,ISI,SEIR_BRW,WIS,111.616952095495,-1.1042509532240514,5,5,0.0
2024-10-30,ARI incidence,2024-10-27,1,LT,fjordhest,ensemble,WIS,48.0838826086956,0.11067990485028006,5,3,0.8091998167784
2024-10-30,ARI incidence,2024-10-27,1,LT,respicast,hubEnsemble,WIS,40.5813732324515,0.3554156130265917,5,2,0.9047568119255709
2024-10-30,ARI incidence,2024-10-27,1,LT,respicast,quantileBaseline,WIS,51.9179456521739,0.0,5,4,0.7603666164095102
2024-10-30,ARI incidence,2024-10-27,1,LT,safinea,syndromic,WIS,33.103501932174,0.6492494542724493,5,1,1.0
2024-10-30,ARI incidence,2024-10-27,1,LU,ECDC,SARIMA,WIS,2346.62619616461,0.6620817333552571,4,1,1.0
2024-10-30,ARI incidence,2024-10-27,1,LU,ECDC,soca_simplex,WIS,6332.6996006111,-0.7701508643850442,4,4,0.0
2024-10-30,ARI incidence,2024-10-27,1,LU,fjordhest,ensemble,WIS,3523.8014173913,0.07553715666220312,4,2,0.7046779871355244
2024-10-30,ARI incidence,2024-10-27,1,LU,respicast,quantileBaseline,WIS,3713.21739130435,0.0,4,3,0.6571585476536136
2024-10-30,ARI incidence,2024-10-27,1,LV,ECDC,SARIMA,WIS,385.055662681965,-0.023148562027907858,6,6,0.0
2024-10-30,ARI incidence,2024-10-27,1,LV,ECDC,soca_simplex,WIS,32.1464916958542,3.559185248357637,6,1,1.0
2024-10-30,ARI incidence,2024-10-27,1,LV,ISI,FluBcast,WIS,42.6425395360036,3.15155318713264,6,2,0.9702585007614821
2024-10-30,ARI incidence,2024-10-27,1,LV,respicast,hubEnsemble,WIS,44.876645890155,3.0778816941174805,6,3,0.9639279586905329
2024-10-30,ARI incidence,2024-10-27,1,LV,respicast,quantileBaseline,WIS,378.926608695652,0.0,6,5,0.0173672278597548
2024-10-30,ARI incidence,2024-10-27,1,LV,safinea,syndromic,WIS,100.819771687043,1.9101398588494152,6,4,0.8054080606652992
2024-10-30,ARI incidence,2024-10-27,1,RO,ECDC,SARIMA,WIS,61.5958222983842,-1.046055909981014,8,8,0.0
2024-10-30,ARI incidence,2024-10-27,1,RO,ECDC,soca_simplex,WIS,37.6284312290491,-0.33504654881963386,8,6,0.6679382408072784
2024-10-30,ARI incidence,2024-10-27,1,RO,ISI,FluBcast,WIS,30.9785757919743,-0.054494224950985,8,3,0.8532605701927802
2024-10-30,ARI incidence,2024-10-27,1,RO,ISI,SEIR_BRW,WIS,25.713176860435,0.214268728274816,8,1,1.0
2024-10-30,ARI incidence,2024-10-27,1,RO,fjordhest,ensemble,WIS,39.4742043478261,-0.4041335927611104,8,7,0.6164990813961128
2024-10-30,ARI incidence,2024-10-27,1,RO,respicast,hubEnsemble,WIS,33.106649179118,-0.15034440444872793,8,4,0.7939540903842133
2024-10-30,ARI incidence,2024-10-27,1,RO,respicast,quantileBaseline,WIS,29.8302608695652,0.0,8,2,0.8852625284763423
2024-10-30,ARI incidence,2024-10-27,1,RO,safinea,syndromic,WIS,36.5369898127826,-0.2925811846962067,8,5,0.6983552126594205
2024-10-30,ARI incidence,2024-10-27,1,SI,ECDC,SARIMA,WIS,100.595747581183,-0.6661966298676392,7,6,0.2906838433501833
2024-10-30,ARI incidence,2024-10-27,1,SI,ECDC,soca_simplex,WIS,10.5317588801403,2.5895543883162584,7,1,1.0
2024-10-30,ARI incidence,2024-10-27,1,SI,ISI,SEIR_BRW,WIS,66.9669737974877,-0.07914898954888677,7,3,0.5555336786409082
2024-10-30,ARI incidence,2024-10-27,1,SI,fjordhest,ensemble,WIS,89.4366,-0.49656455874027683,7,5,0.3785698429370658
2024-10-30,ARI incidence,2024-10-27,1,SI,respicast,hubEnsemble,WIS,79.5605622322055,-0.32775268598934587,7,4,0.45635046595203704
2024-10-30,ARI incidence,2024-10-27,1,SI,respicast,quantileBaseline,WIS,63.392,0.0,7,2,0.5836890680560388
2024-10-30,ARI incidence,2024-10-27,1,SI,safinea,syndromic,WIS,137.504742445643,-1.1171086866197,7,7,0.0
2024-10-30,ARI incidence,2024-11-03,2,BE,ECDC,SARIMA,WIS,266.345571453793,-0.04312861280230388,8,3,0.6599202360831292
2024-10-30,ARI incidence,2024-11-03,2,BE,ECDC,soca_simplex,WIS,386.209861731584,-0.5792143229580058,8,7,0.4478294637896656
2024-10-30,ARI incidence,2024-11-03,2,BE,ISI,FluBcast,WIS,74.1475842479597,1.8016990854143502,8,1,1.0
2024-10-30,ARI incidence,2024-11-03,2,BE,ISI,SEIR_BRW,WIS,639.30319654371,-1.3063296268914615,8,8,0.0
2024-10-30,ARI incidence,2024-11-03,2,BE,fjordhest,ensemble,WIS,315.363982608696,-0.2868472203357572,8,5,0.5731858746286219
2024-10-30,ARI incidence,2024-11-03,2,BE,respicast,hubEnsemble,WIS,308.971625223529,-0.25730367209293525,8,4,0.5844966662868702
2024-10-30,ARI incidence,2024-11-03,2,BE,respicast,quantileBaseline,WIS,258.501146739131,0.0,8,2,0.6738003507701209
2024-10-30,ARI incidence,2024-11-03,2,BE,safinea,syndromic,WIS,333.657281341304,-0.36819630735610204,8,6,0.5408172697088234
2024-10-30,ARI incidence,2024-11-03,2,BG,ECDC,SARIMA,WIS,54.5430462822949,0.015501059754430052,8,2,0.873035292323953
2024-10-30,ARI incidence,2024-11-03,2,BG,ECDC,soca_simplex,WIS,35.5706558754102,0.632208762166281,8,1,1.0
2024-10-30,ARI incidence,2024-11-03,2,BG,ISI,FluBcast,WIS,61.5961651812044,-0.15994419705194546,8,5,0.8258352737707038
2024-10-30,ARI incidence,2024-11-03,2,BG,ISI,SEIR_BRW,WIS,137.973755325682,-1.3234256276050744,8,7,0.3147105183906129
2024-10-30,ARI incidence,2024-11-03,2,BG,fjordhest,ensemble,WIS,64.3521782608696,-0.2230926449643639,8,6,0.807391820547009
2024-10-30,ARI incidence,2024-11-03,2,BG,respicast,hubEnsemble,WIS,60.2777335702554,-0.12872883475205987,8,4,0.8346583203391664
2024-10-30,ARI incidence,2024-11-03,2,BG,respicast,quantileBaseline,WIS,55.1322445652174,0.0,8,3,0.8690923317296286
2024-10-30,ARI incidence,2024-11-03,2,BG,safinea,syndromic,WIS,185.001082284087,-1.7465654674541142,8,8,0.0
2024-10-30,ARI incidence,2024-11-03,2,CZ,ISI,SEIR_BRW,WIS,575.864671238965,-1.4942839281839542,5,4,0.17073680141383804
2024-10-30,ARI incidence,2024-11-03,2,CZ,fjordhest,ensemble,WIS,232.10552173913,-0.18333495591889945,5,2,0.9381646235718913
2024-10-30,ARI incidence,2024-11-03,2,CZ,respicast,hubEnsemble,WIS,492.947873553959,-1.2699892092697744,5,3,0.35584505979854936
2024-10-30,ARI incidence,2024-11-03,2,CZ,respicast,quantileBaseline,WIS,204.407182173913,0.0,5,1,1.0
2024-10-30,ARI incidence,2024-11-03,2,CZ,safinea,syndromic,WIS,652.343964727826,-1.6741869736757178,5,5,0.0
2024-10-30,ARI incidence,2024-11-03,2,DE,ECDC,SARIMA,WIS,267.132220276036,0.21604124276021472,7,1,1.0
2024-10-30,ARI incidence,2024-11-03,2,DE,ECDC,soca_simplex,WIS,480.631122399929,-0.6313348300467188,7,6,0.38744148891900715
2024-10-30,ARI incidence,2024-11-03,2,DE,ISI,SEIR_BRW,WIS,615.668561314099,-0.988558659660833,7,7,0.0
2024-10-30,ARI incidence,2024-11-03,2,DE,fjordhest,ensemble,WIS,342.494086956522,-0.1424838400943503,7,3,0.783776158158911
2024-10-30,ARI incidence,2024-11-03,2,DE,respicast,hubEnsemble,WIS,376.27241148411,-0.2781822734728089,7,4,0.6868613732415494
2024-10-30,ARI incidence,2024-11-03,2,DE,respicast,quantileBaseline,WIS,310.285276521739,0.0,7,2,0.8761877854195115
2024-10-30,ARI incidence,2024-11-03,2,DE,safinea,syndromic,WIS,403.424683377391,-0.3787041168121274,7,5,0.6089576693912938
2024-10-30,ARI incidence,2024-11-03,2,EE,ECDC,SARIMA,WIS,15.9709389501527,0.005985347934057371,7,4,0.46424445063477865
2024-10-30,ARI incidence,2024-11-03,2,EE,ECDC,soca_simplex,WIS,3.54136273310301,2.1790579527767213,7,1,1.0
2024-10-30,ARI incidence,2024-11-03,2,EE,ISI,FluBcast,WIS,12.0458193206965,0.41290195617617076,7,2,0.6334299953936546
2024-10-30,ARI incidence,2024-11-03,2,EE,ISI,SEIR_BRW,WIS,21.1301713325324,-0.39786998441032206,7,6,0.24186459382733833
2024-10-30,ARI incidence,2024-11-03,2,EE,respicast,hubEnsemble,WIS,14.8047879619824,0.11537065289245847,7,3,0.5145093874596539
2024-10-30,ARI incidence,2024-11-03,2,EE,respicast,quantileBaseline,WIS,16.0373356521739,0.0,7,5,0.461382534753961
2024-10-30,ARI incidence,2024-11-03,2,EE,safinea,syndromic,WIS,26.7414513402609,-0.7376432861206165,7,7,0.0
2024-10-30,ARI incidence,2024-11-03,2,ES,ECDC,SARIMA,WIS,31.2182697648654,0.6377212366030419,8,1,1.0
2024-10-30,ARI incidence,2024-11-03,2,ES,ECDC,soca_simplex,WIS,43.52096717447,0.15840119827130314,8,2,0.8786981332705792
2024-10-30,ARI incidence,2024-11-03,2,ES,ISI,FluBcast,WIS,46.0270574732763,0.07762960300848286,8,3,0.8539886389770456
2024-10-30,ARI incidence,2024-11-03,2,ES,ISI,SEIR_BRW,WIS,132.64043037388,-1.4493368714111976,8,8,0.0
2024-10-30,ARI incidence,2024-11-03,2,ES,fjordhest,ensemble,WIS,65.5796043478261,-0.43313538125534995,8,6,0.6612048651238593
2024-10-30,ARI incidence,2024-11-03,2,ES,respicast,hubEnsemble,WIS,53.2181061117443,-0.13180535317124029,8,5,0.7830864949555855
2024-10-30,ARI incidence,2024-11-03,2,ES,respicast,quantileBaseline,WIS,48.5715597826087,0.0,8,4,0.8289004107826026
2024-10-30,ARI incidence,2024-11-03,2,ES,safinea,syndromic,WIS,90.4336856361739,-0.8967484456158428,8,7,0.416149138258002
2024-10-30,ARI incidence,2024-11-03,2,FR,ISI,SEIR_BRW,WIS,116.839063962957,-0.4290311598826863,5,4,0.23981303750511807
2024-10-30,ARI incidence,2024-11-03,2,FR,fjordhest,ensemble,WIS,111.369243478261,-0.35985931724047093,5,2,0.3781593620396695
2024-10-30,ARI incidence,2024-11-03,2,FR,respicast,hubEnsemble,WIS,115.988051245861,-0.41848464520203926,5,3,0.2613374151097949
2024-10-30,ARI incidence,2024-11-03,2,FR,respicast,quantileBaseline,WIS,86.7834319565218,0.0,5,1,1.0
2024-10-30,ARI incidence,2024-11-03,2,FR,safinea,syndromic,WIS,126.32058990487,-0.5415982680439732,5,5,0.0
2024-10-30,ARI incidence,2024-11-03,2,GB-ENG,ECDC,SARIMA,WIS,3.64766228952482,1.5173762201702363,6,1,1.0
2024-10-30,ARI incidence,2024-11-03,2,GB-ENG,ECDC,soca_simplex,WIS,7.10050406779419,0.556426941447522,6,2,0.9246135491865765
2024-10-30,ARI incidence,2024-11-03,2,GB-ENG,ISI,FluBcast,WIS,49.4495503080353,-2.243537108895262,6,6,0.0
2024-10-30,ARI incidence,2024-11-03,2,GB-ENG,respicast,hubEnsemble,WIS,20.9105151025358,-1.001808308879875,6,4,0.62309735340966
2024-10-30,ARI incidence,2024-11-03,2,GB-ENG,respicast,quantileBaseline,WIS,10.4421608879705,0.0,6,3,0.8516546174755997
2024-10-30,ARI incidence,2024-11-03,2,GB-ENG,safinea,syndromic,WIS,41.1545899866951,-1.9786330515881723,6,5,0.18110520505154404
2024-10-30,ARI incidence,2024-11-03,2,GB-NIR,ECDC,SARIMA,WIS,4.15480058170104,0.5417582875579365,6,1,1.0
2024-10-30,ARI incidence,2024-11-03,2,GB-NIR,ECDC,soca_simplex,WIS,5.70724773825096,0.08374233268018005,6,2,0.897026889520597
2024-10-30,ARI incidence,2024-11-03,2,GB-NIR,ISI,FluBcast,WIS,18.4380403898433,-1.6080759069170063,6,5,0.052599230471555306
2024-10-30,ARI incidence,2024-11-03,2,GB-NIR,respicast,hubEnsemble,WIS,8.59022548648569,-0.5061584803762363,6,4,0.7058002929011138
2024-10-30,ARI incidence,2024-11-03,2,GB-NIR,respicast,quantileBaseline,WIS,6.04833278866487,0.0,6,3,0.8744028739906907
2024-10-30,ARI incidence,2024-11-03,2,GB-NIR,safinea,syndromic,WIS,19.2310389251125,-1.6688272778221562,6,6,0.0
2024-10-30,ARI incidence,2024-11-03,2,GB-SCT,ISI,SEIR_BRW,WIS,20.3545733238679,-1.0548244794669874,4,2,0.6523494053371095
2024-10-30,ARI incidence,2024-11-03,2,GB-SCT,respicast,hubEnsemble,WIS,27.2379299521398,-1.4750885642354195,4,3,0.4256701889302492
2024-10-30,ARI incidence,2024-11-03,2,GB-SCT,respicast,quantileBaseline,WIS,9.79779152875025,0.0,4,1,1.0
2024-10-30,ARI incidence,2024-11-03,2,GB-SCT,safinea,syndromic,WIS,40.1638600964003,-2.0353694311959933,4,4,0.0
2024-10-30,ARI incidence,2024-11-03,2,GB-WLS,respicast,quantileBaseline,WIS,49.44693754085,0.0,1,1,0.0
2024-10-30,ARI incidence,2024-11-03,2,HU,ECDC,SARIMA,WIS,563.279015724187,-0.21161969537849026,6,5,0.8197453308544195
2024-10-30,ARI incidence,2024-11-03,2,HU,ECDC,soca_simplex,WIS,1031.43838553745,-1.0843557058645608,6,6,0.0
2024-10-30,ARI incidence,2024-11-03,2,HU,ISI,FluBcast,WIS,460.334955981711,0.07954603217820527,6,1,1.0
2024-10-30,ARI incidence,2024-11-03,2,HU,respicast,hubEnsemble,WIS,559.407228774609,-0.20166886538691187,6,4,0.8265248155312842
2024-10-30,ARI incidence,2024-11-03,2,HU,respicast,quantileBaseline,WIS,486.429266086956,0.0,6,2,0.9543089591923065
2024-10-30,ARI incidence,2024-11-03,2,HU,safinea,syndromic,WIS,513.728944911304,-0.07877733006040172,6,3,0.9065073222005896
2024-10-30,ARI incidence,2024-11-03,2,LT,ISI,SEIR_BRW,WIS,470.069194885228,-1.5697456459881698,5,5,0.0
2024-10-30,ARI incidence,2024-11-03,2,LT,fjordhest,ensemble,WIS,203.70797826087,-0.36337499153841374,5,2,0.8544941010854832
2024-10-30,ARI incidence,2024-11-03,2,LT,respicast,hubEnsemble,WIS,367.674690021223,-1.2153023744717126,5,3,0.32848438484666337
2024-10-30,ARI incidence,2024-11-03,2,LT,respicast,quantileBaseline,WIS,158.351166304348,0.0,5,1,1.0
2024-10-30,ARI incidence,2024-11-03,2,LT,safinea,syndromic,WIS,426.540337901739,-1.4295546903128067,5,4,0.13964176913878681
2024-10-30,ARI incidence,2024-11-03,2,LU,ECDC,SARIMA,WIS,1136.76250155468,1.0086351999223129,4,1,1.0
2024-10-30,ARI incidence,2024-11-03,2,LU,ECDC,soca_simplex,WIS,1137.40981268382,1.0078139142393454,4,2,0.9994373220548097
2024-10-30,ARI incidence,2024-11-03,2,LU,fjordhest,ensemble,WIS,2014.53246086957,0.18312101781618403,4,3,0.2369947389700108
2024-10-30,ARI incidence,2024-11-03,2,LU,respicast,quantileBaseline,WIS,2287.17391304348,0.0,4,4,0.0
2024-10-30,ARI incidence,2024-11-03,2,LV,ECDC,SARIMA,WIS,531.201720023093,0.5446917090845391,6,5,0.3235141643295883
2024-10-30,ARI incidence,2024-11-03,2,LV,ECDC,soca_simplex,WIS,21.681103981303,5.159441402860189,6,1,1.0
2024-10-30,ARI incidence,2024-11-03,2,LV,ISI,FluBcast,WIS,80.3103494892106,3.27029370415156,6,3,0.9221584899738589
2024-10-30,ARI incidence,2024-11-03,2,LV,respicast,hubEnsemble,WIS,50.9139951637862,3.9278173453923744,6,2,0.9611877592426555
2024-10-30,ARI incidence,2024-11-03,2,LV,respicast,quantileBaseline,WIS,774.868516304348,0.0,6,6,0.0
2024-10-30,ARI incidence,2024-11-03,2,LV,safinea,syndromic,WIS,114.303588626783,2.761080828699108,6,4,0.8770259790192113
2024-10-30,ARI incidence,2024-11-03,2,RO,ECDC,SARIMA,WIS,59.3409903719589,0.8797027660393303,8,2,0.9123861497060712
2024-10-30,ARI incidence,2024-11-03,2,RO,ECDC,soca_simplex,WIS,42.2389659758988,1.3701572534609177,8,1,1.0
2024-10-30,ARI incidence,2024-11-03,2,RO,ISI,FluBcast,WIS,166.079335947269,-0.6050689042963167,8,7,0.36556448618351906
2024-10-30,ARI incidence,2024-11-03,2,RO,ISI,SEIR_BRW,WIS,237.436692576041,-1.1207392248475607,8,8,0.0
2024-10-30,ARI incidence,2024-11-03,2,RO,fjordhest,ensemble,WIS,135.522926086956,-0.31173325342752306,8,5,0.5221052942786207
2024-10-30,ARI incidence,2024-11-03,2,RO,respicast,hubEnsemble,WIS,119.886766161893,-0.13486873795323906,8,4,0.6022095055181979
2024-10-30,ARI incidence,2024-11-03,2,RO,respicast,quantileBaseline,WIS,109.187195217391,0.0,8,3,0.6570235196507487
2024-10-30,ARI incidence,2024-11-03,2,RO,safinea,syndromic,WIS,142.156626121348,-0.3806776705963648,8,6,0.4881207794487888
2024-10-30,ARI incidence,2024-11-03,2,SI,ECDC,SARIMA,WIS,219.010246106684,0.4957632522932398,7,1,1.0
2024-10-30,ARI incidence,2024-11-03,2,SI,ECDC,soca_simplex,WIS,509.709527972402,-0.7229137034240496,7,7,0.0
2024-10-30,ARI incidence,2024-11-03,2,SI,ISI,SEIR_BRW,WIS,502.369394351273,-0.7019869558855496,7,6,0.025249920034269624
2024-10-30,ARI incidence,2024-11-03,2,SI,fjordhest,ensemble,WIS,304.256860869565,0.021471822793585088,7,3,0.7067532667581244
2024-10-30,ARI incidence,2024-11-03,2,SI,respicast,hubEnsemble,WIS,299.725255294646,0.043120965693314035,7,2,0.7223419037366371
2024-10-30,ARI incidence,2024-11-03,2,SI,respicast,quantileBaseline,WIS,308.81902173913,0.0,7,4,0.6910595201472457
2024-10-30,ARI incidence,2024-11-03,2,SI,safinea,syndromic,WIS,330.123990123043,-0.09624636478305869,7,5,0.6177708341650274
2024-10-30,ARI incidence,2024-11-10,3,BE,ECDC,SARIMA,WIS,79.0672104650857,-0.06919809883123144,8,5,0.9372500087813747
2024-10-30,ARI incidence,2024-11-10,3,BE,ECDC,soca_simplex,WIS,64.5757800122736,0.2228882628439518,8,1,1.0
2024-10-30,ARI incidence,2024-11-10,3,BE,ISI,FluBcast,WIS,295.514943052519,-1.9712777510287187,8,8,0.0
2024-10-30,ARI incidence,2024-11-10,3,BE,ISI,SEIR_BRW,WIS,219.299728266837,-1.5409506916262365,8,7,0.33002291071956513
2024-10-30,ARI incidence,2024-11-10,3,BE,fjordhest,ensemble,WIS,64.8115695652174,0.21763005489077944,8,2,0.9989789971097163
2024-10-30,ARI incidence,2024-11-10,3,BE,respicast,hubEnsemble,WIS,74.6980742016493,0.012810378405625177,8,3,0.9561690011511311
2024-10-30,ARI incidence,2024-11-10,3,BE,respicast,quantileBaseline,WIS,75.3643076086956,0.0,8,4,0.953284114074052
2024-10-30,ARI incidence,2024-11-10,3,BE,safinea,syndromic,WIS,168.559602258217,-1.1613054822651259,8,6,0.5497350000016138
2024-10-30,ARI incidence,2024-11-10,3,BG,ECDC,SARIMA,WIS,163.370183781465,-0.00048323774809572737,8,6,0.18479614262925523
2024-10-30,ARI incidence,2024-11-10,3,BG,ECDC,soca_simplex,WIS,167.871714784114,-0.03969769900440214,8,7,0.15409325709865035
2024-10-30,ARI incidence,2024-11-10,3,BG,ISI,FluBcast,WIS,190.464235393856,-0.2218586520212191,8,8,0.0
2024-10-30,ARI incidence,2024-11-10,3,BG,ISI,SEIR_BRW,WIS,61.0287914948067,1.420099540420375,8,2,0.8828200039713013
2024-10-30,ARI incidence,2024-11-10,3,BG,fjordhest,ensemble,WIS,148.297743478261,0.13916482198574906,8,4,0.28759836903263286
2024-10-30,ARI incidence,2024-11-10,3,BG,respicast,hubEnsemble,WIS,134.952329042672,0.27521159224231007,8,3,0.37862134133544484
2024-10-30,ARI incidence,2024-11-10,3,BG,respicast,quantileBaseline,WIS,163.315471304348,0.0,8,5,0.18516931142916584
2024-10-30,ARI incidence,2024-11-10,3,BG,safinea,syndromic,WIS,43.848341647913,1.8970672818400067,8,1,1.0
2024-10-30,ARI incidence,2024-11-10,3,CZ,ISI,SEIR_BRW,WIS,399.464837269741,-2.903194029342403,5,5,0.0
2024-10-30,ARI incidence,2024-11-10,3,CZ,fjordhest,ensemble,WIS,62.7021130434783,-0.23171148062007793,5,2,0.9731164495789587
2024-10-30,ARI incidence,2024-11-10,3,CZ,respicast,hubEnsemble,WIS,252.455882605787,-2.2411568080139657,5,3,0.4248000794849984
2024-10-30,ARI incidence,2024-11-10,3,CZ,respicast,quantileBaseline,WIS,53.3986245652174,0.0,5,1,1.0
2024-10-30,ARI incidence,2024-11-10,3,CZ,safinea,syndromic,WIS,358.056395853043,-2.7453123510419255,5,4,0.1196546784879376
2024-10-30,ARI incidence,2024-11-10,3,DE,ECDC,SARIMA,WIS,106.025375368632,-0.2547731768478197,7,2,0.940813547065189
2024-10-30,ARI incidence,2024-11-10,3,DE,ECDC,soca_simplex,WIS,345.464133286164,-1.9588995214046385,7,5,0.11513541017679167
2024-10-30,ARI incidence,2024-11-10,3,DE,ISI,SEIR_BRW,WIS,378.852300385934,-2.0919990941780378,7,7,0.0
2024-10-30,ARI incidence,2024-11-10,3,DE,fjordhest,ensemble,WIS,118.950613043478,-0.4207262933290604,7,3,0.8962422911205592
2024-10-30,ARI incidence,2024-11-10,3,DE,respicast,hubEnsemble,WIS,227.464211005475,-1.3560031571885607,7,4,0.5220451219923367
2024-10-30,ARI incidence,2024-11-10,3,DE,respicast,quantileBaseline,WIS,88.8618704347826,0.0,7,1,1.0
2024-10-30,ARI incidence,2024-11-10,3,DE,safinea,syndromic,WIS,361.511784486957,-2.0244062628557695,7,6,0.05979685571657637
2024-10-30,ARI incidence,2024-11-10,3,EE,ECDC,SARIMA,WIS,17.7041569064585,0.05510851696011631,7,4,0.677757061429576
2024-10-30,ARI incidence,2024-11-10,3,EE,ECDC,soca_simplex,WIS,26.7126779616811,-0.5383279548221999,7,7,0.0
2024-10-30,ARI incidence,2024-11-10,3,EE,ISI,FluBcast,WIS,13.421011127224,0.4547032924140817,7,1,1.0
2024-10-30,ARI incidence,2024-11-10,3,EE,ISI,SEIR_BRW,WIS,17.6684803814909,0.05801869652522821,7,3,0.6804411886659819
2024-10-30,ARI incidence,2024-11-10,3,EE,respicast,hubEnsemble,WIS,16.135037349881,0.18899974200398842,7,2,0.7958099419388693
2024-10-30,ARI incidence,2024-11-10,3,EE,respicast,quantileBaseline,WIS,18.3935080434783,0.0,7,5,0.625893653656464
2024-10-30,ARI incidence,2024-11-10,3,EE,safinea,syndromic,WIS,22.3757752852174,-0.28274101091628195,7,6,0.3262873445804993
2024-10-30,ARI incidence,2024-11-10,3,ES,ECDC,SARIMA,WIS,32.1074584559639,-0.5730239281078586,8,6,0.6893645414205845
2024-10-30,ARI incidence,2024-11-10,3,ES,ECDC,soca_simplex,WIS,8.48208820369233,1.3473931509891437,8,1,1.0
2024-10-30,ARI incidence,2024-11-10,3,ES,ISI,FluBcast,WIS,11.8642515419538,0.8632634506628787,8,2,0.9555300150493801
2024-10-30,ARI incidence,2024-11-10,3,ES,ISI,SEIR_BRW,WIS,84.5370574603061,-1.9696993549233957,8,8,0.0
2024-10-30,ARI incidence,2024-11-10,3,ES,fjordhest,ensemble,WIS,43.4407173913043,-1.0091633869426637,8,7,0.540350492159696
2024-10-30,ARI incidence,2024-11-10,3,ES,respicast,hubEnsemble,WIS,19.8890250042201,0.11791198703820403,8,3,0.8500172058180693
2024-10-30,ARI incidence,2024-11-10,3,ES,respicast,quantileBaseline,WIS,21.5828373913043,0.0,8,4,0.8277463088123894
2024-10-30,ARI incidence,2024-11-10,3,ES,safinea,syndromic,WIS,21.7606651334783,-0.01183811304168384,8,5,0.8254081612342344
2024-10-30,ARI incidence,2024-11-10,3,FR,ISI,SEIR_BRW,WIS,68.775708877402,-0.1151458712750416,5,2,0.8453042829189004
2024-10-30,ARI incidence,2024-11-10,3,FR,fjordhest,ensemble,WIS,88.0951695652174,-0.4723096821223029,5,4,0.2788298707641224
2024-10-30,ARI incidence,2024-11-10,3,FR,respicast,hubEnsemble,WIS,75.0638634821889,-0.24136531326484417,5,3,0.6609265334131084
2024-10-30,ARI incidence,2024-11-10,3,FR,respicast,quantileBaseline,WIS,63.4998521739131,0.0,5,1,1.0
2024-10-30,ARI incidence,2024-11-10,3,FR,safinea,syndromic,WIS,97.6045888986087,-0.6201957446385363,5,5,0.0
2024-10-30,ARI incidence,2024-11-10,3,GB-ENG,ECDC,SARIMA,WIS,10.0543259725155,0.10478270723981112,6,2,0.8321447174077534
2024-10-30,ARI incidence,2024-11-10,3,GB-ENG,ECDC,soca_simplex,WIS,15.4496351599756,-0.5149736936449538,6,4,0.7053418183799162
2024-10-30,ARI incidence,2024-11-10,3,GB-ENG,ISI,FluBcast,WIS,45.4610719818541,-2.0720326276822134,6,6,0.0
2024-10-30,ARI incidence,2024-11-10,3,GB-ENG,respicast,hubEnsemble,WIS,2.91228777562187,1.8923742493680324,6,1,1.0
2024-10-30,ARI incidence,2024-11-10,3,GB-ENG,respicast,quantileBaseline,WIS,10.8117426406712,0.0,6,3,0.8143435820219682
2024-10-30,ARI incidence,2024-11-10,3,GB-ENG,safinea,syndromic,WIS,26.3147447919414,-1.283272327287904,6,5,0.44998529445897273
2024-10-30,ARI incidence,2024-11-10,3,GB-NIR,ECDC,SARIMA,WIS,3.56076241898101,0.9673897716110669,6,1,1.0
2024-10-30,ARI incidence,2024-11-10,3,GB-NIR,ECDC,soca_simplex,WIS,6.08712622240933,0.19381466930064656,6,3,0.8374509924324534
2024-10-30,ARI incidence,2024-11-10,3,GB-NIR,ISI,FluBcast,WIS,19.1029293090403,-1.4561460268494792,6,6,0.0
2024-10-30,ARI incidence,2024-11-10,3,GB-NIR,respicast,hubEnsemble,WIS,5.16419243759144,0.43103318910383437,6,2,0.8968335605998429
2024-10-30,ARI incidence,2024-11-10,3,GB-NIR,respicast,quantileBaseline,WIS,6.96235777157826,0.0,6,4,0.7811376382290106
2024-10-30,ARI incidence,2024-11-10,3,GB-NIR,safinea,syndromic,WIS,16.9394600766554,-1.28274003516088,6,5,0.13919997434647577
2024-10-30,ARI incidence,2024-11-10,3,GB-SCT,ISI,SEIR_BRW,WIS,19.1076136707698,-1.0867408350277734,4,2,0.6295927473286038
2024-10-30,ARI incidence,2024-11-10,3,GB-SCT,respicast,hubEnsemble,WIS,21.8557526300487,-1.2806062820661532,4,3,0.5289201164621329
2024-10-30,ARI incidence,2024-11-10,3,GB-SCT,respicast,quantileBaseline,WIS,8.99631933878917,0.0,4,1,1.0
2024-10-30,ARI incidence,2024-11-10,3,GB-SCT,safinea,syndromic,WIS,36.2940956621669,-2.0123280911971397,4,4,0.0
2024-10-30,ARI incidence,2024-11-10,3,GB-WLS,respicast,quantileBaseline,WIS,47.7390795107962,0.0,1,1,0.0
2024-10-30,ARI incidence,2024-11-10,3,HU,ECDC,SARIMA,WIS,194.8597330365,0.28415797815453914,6,4,0.3865234847300664
2024-10-30,ARI incidence,2024-11-10,3,HU,ECDC,soca_simplex,WIS,306.464047287777,-0.36912386208259934,6,6,0.0
2024-10-30,ARI incidence,2024-11-10,3,HU,ISI,FluBcast,WIS,90.8302184503314,1.3853497175412377,6,2,0.7468128764294832
2024-10-30,ARI incidence,2024-11-10,3,HU,respicast,hubEnsemble,WIS,131.572945969417,0.8507310999474943,6,3,0.6057070318773822
2024-10-30,ARI incidence,2024-11-10,3,HU,respicast,quantileBaseline,WIS,237.280570652174,0.0,6,5,0.23960577737816646
2024-10-30,ARI incidence,2024-11-10,3,HU,safinea,syndromic,WIS,17.725280666087,3.7427135958281683,6,1,1.0
2024-10-30,ARI incidence,2024-11-10,3,LT,ISI,SEIR_BRW,WIS,381.016687139061,-2.1946665494381925,5,5,0.0
2024-10-30,ARI incidence,2024-11-10,3,LT,fjordhest,ensemble,WIS,102.289534782609,-0.29747091641824114,5,2,0.9359982072898364
2024-10-30,ARI incidence,2024-11-10,3,LT,respicast,hubEnsemble,WIS,245.709945945408,-1.561768622431811,5,3,0.45437577975728
2024-10-30,ARI incidence,2024-11-10,3,LT,respicast,quantileBaseline,WIS,83.2306976086956,0.0,5,1,1.0
2024-10-30,ARI incidence,2024-11-10,3,LT,safinea,syndromic,WIS,300.343584936522,-1.8514262151139609,5,4,0.2709096634457771
2024-10-30,ARI incidence,2024-11-10,3,LU,ECDC,SARIMA,WIS,5160.13424231023,0.4340923547059218,4,1,1.0
2024-10-30,ARI incidence,2024-11-10,3,LU,ECDC,soca_simplex,WIS,12775.453235669,-0.8738016166028486,4,4,0.0
2024-10-30,ARI incidence,2024-11-10,3,LU,fjordhest,ensemble,WIS,7715.68157391304,-0.14629265165779942,4,3,0.6644201859657524
2024-10-30,ARI incidence,2024-11-10,3,LU,respicast,quantileBaseline,WIS,6971.65391304348,0.0,4,2,0.7621216297947524
2024-10-30,ARI incidence,2024-11-10,3,LV,ECDC,SARIMA,WIS,669.4500774079,0.29465690301567576,6,5,0.2055202503158109
2024-10-30,ARI incidence,2024-11-10,3,LV,ECDC,soca_simplex,WIS,263.081493433499,1.6421236119956177,6,4,0.7560865237006229
2024-10-30,ARI incidence,2024-11-10,3,LV,ISI,FluBcast,WIS,83.0508980854009,3.3055657029245182,6,1,1.0
2024-10-30,ARI incidence,2024-11-10,3,LV,respicast,hubEnsemble,WIS,112.67865801205,2.865419090523904,6,2,0.9598589900527777
2024-10-30,ARI incidence,2024-11-10,3,LV,respicast,quantileBaseline,WIS,821.14293826087,0.0,6,6,0.0
2024-10-30,ARI incidence,2024-11-10,3,LV,safinea,syndromic,WIS,195.532386332174,2.070225794004558,6,3,0.8476050653248712
2024-10-30,ARI incidence,2024-11-10,3,RO,ECDC,SARIMA,WIS,49.2904491791515,0.3787525797429234,8,1,1.0
2024-10-30,ARI incidence,2024-11-10,3,RO,ECDC,soca_simplex,WIS,56.5732866716574,0.17993971998159414,8,3,0.9513690342915069
2024-10-30,ARI incidence,2024-11-10,3,RO,ISI,FluBcast,WIS,56.3310553932834,0.18613020643877073,8,2,0.9529865276111438
2024-10-30,ARI incidence,2024-11-10,3,RO,ISI,SEIR_BRW,WIS,199.047654005417,-1.6349812547218843,8,8,0.0
2024-10-30,ARI incidence,2024-11-10,3,RO,fjordhest,ensemble,WIS,84.578747826087,-0.4002344937172286,8,6,0.7643632659418709
2024-10-30,ARI incidence,2024-11-10,3,RO,respicast,hubEnsemble,WIS,70.8871256443722,-0.14546292436866387,8,5,0.8557887315653682
2024-10-30,ARI incidence,2024-11-10,3,RO,respicast,quantileBaseline,WIS,64.0882869565218,0.0,8,4,0.9011878073276182
2024-10-30,ARI incidence,2024-11-10,3,RO,safinea,syndromic,WIS,103.223063139261,-0.6876327352067617,8,7,0.6398663154625706
2024-10-30,ARI incidence,2024-11-10,3,SI,ECDC,SARIMA,WIS,118.101494225807,0.02179074468157939,7,3,0.5728937302329153
2024-10-30,ARI incidence,2024-11-10,3,SI,ECDC,soca_simplex,WIS,22.2603714051291,2.4292683938135218,7,1,1.0
2024-10-30,ARI incidence,2024-11-10,3,SI,ISI,SEIR_BRW,WIS,113.104705591475,0.08415901033158585,7,2,0.595161413369487
2024-10-30,ARI incidence,2024-11-10,3,SI,fjordhest,ensemble,WIS,133.827547826087,-0.1585571565488793,7,6,0.5028121630131741
2024-10-30,ARI incidence,2024-11-10,3,SI,respicast,hubEnsemble,WIS,128.146988534516,-0.09598161298826614,7,5,0.5281270009220866
2024-10-30,ARI incidence,2024-11-10,3,SI,respicast,quantileBaseline,WIS,119.89886173913,0.0,7,4,0.5648839437088963
2024-10-30,ARI incidence,2024-11-10,3,SI,safinea,syndromic,WIS,246.65680293713,-1.0406871156644437,7,7,0.0
2024-10-30,ARI incidence,2024-11-17,4,BE,ECDC,SARIMA,WIS,112.408044538862,-0.0762897082664347,8,2,0.9818765801008196
2024-10-30,ARI incidence,2024-11-17,4,BE,ECDC,soca_simplex,WIS,201.932516277094,-0.9214176618222708,8,6,0.7016397205276266
2024-10-30,ARI incidence,2024-11-17,4,BE,ISI,FluBcast,WIS,161.903269207692,-0.6026765391485159,8,5,0.826942559762567
2024-10-30,ARI incidence,2024-11-17,4,BE,ISI,SEIR_BRW,WIS,426.078352861416,-1.9986631782937083,8,8,0.0
2024-10-30,ARI incidence,2024-11-17,4,BE,fjordhest,ensemble,WIS,123.19447826087,-0.2084820157946616,8,3,0.9481119987125217
2024-10-30,ARI incidence,2024-11-17,4,BE,respicast,hubEnsemble,WIS,139.719389606885,-0.39007666695565096,8,4,0.8963843630122708
2024-10-30,ARI incidence,2024-11-17,4,BE,respicast,quantileBaseline,WIS,106.618336521739,0.0,8,1,1.0
2024-10-30,ARI incidence,2024-11-17,4,BE,safinea,syndromic,WIS,259.900129957044,-1.2855017770053558,8,7,0.5201847317495821
2024-10-30,ARI incidence,2024-11-17,4,BG,ECDC,SARIMA,WIS,179.18797124062,-0.02292872471708795,8,8,0.0
2024-10-30,ARI incidence,2024-11-17,4,BG,ECDC,soca_simplex,WIS,79.6600626135727,1.1466165500631729,8,2,0.6769204496890899
2024-10-30,ARI incidence,2024-11-17,4,BG,ISI,FluBcast,WIS,172.495252367172,0.031988414093560916,8,6,0.045519275266132815
2024-10-30,ARI incidence,2024-11-17,4,BG,ISI,SEIR_BRW,WIS,88.8559369821947,0.9890049894128015,8,4,0.6143764306419506
2024-10-30,ARI incidence,2024-11-17,4,BG,fjordhest,ensemble,WIS,153.848813043478,0.1970317556495743,8,5,0.17233954373367616
2024-10-30,ARI incidence,2024-11-17,4,BG,respicast,hubEnsemble,WIS,88.0004907391477,1.0029615947042678,8,3,0.6201945882172105
2024-10-30,ARI incidence,2024-11-17,4,BG,respicast,quantileBaseline,WIS,176.362651086957,0.0,8,7,0.01921588643141115
2024-10-30,ARI incidence,2024-11-17,4,BG,safinea,syndromic,WIS,32.1575355775217,2.455316315253365,8,1,1.0
2024-10-30,ARI incidence,2024-11-17,4,CZ,ISI,SEIR_BRW,WIS,487.120365623409,-2.493801253461921,5,5,0.0
2024-10-30,ARI incidence,2024-11-17,4,CZ,fjordhest,ensemble,WIS,82.3617130434782,0.07043130540574195,5,1,1.0
2024-10-30,ARI incidence,2024-11-17,4,CZ,respicast,hubEnsemble,WIS,256.627043418517,-1.5691961625298159,5,3,0.5694586656411865
2024-10-30,ARI incidence,2024-11-17,4,CZ,respicast,quantileBaseline,WIS,86.482315,0.0,5,2,0.9898196074864438
2024-10-30,ARI incidence,2024-11-17,4,CZ,safinea,syndromic,WIS,354.226824294783,-2.03419641876327,5,4,0.32832785780257656
2024-10-30,ARI incidence,2024-11-17,4,DE,ECDC,SARIMA,WIS,155.03984567895,-0.17835916740928595,7,2,0.9634748269985202
2024-10-30,ARI incidence,2024-11-17,4,DE,ECDC,soca_simplex,WIS,491.386388705983,-1.8425780234701412,7,6,0.28210293533582703
2024-10-30,ARI incidence,2024-11-17,4,DE,ISI,SEIR_BRW,WIS,630.641248260647,-2.2025396628019744,7,7,0.0
2024-10-30,ARI incidence,2024-11-17,4,DE,fjordhest,ensemble,WIS,167.915713043478,-0.29345736717043397,7,3,0.9373908541293199
2024-10-30,ARI incidence,2024-11-17,4,DE,respicast,hubEnsemble,WIS,289.502975258795,-1.079298302599974,7,4,0.6910789934152353
2024-10-30,ARI incidence,2024-11-17,4,DE,respicast,quantileBaseline,WIS,137.009874347826,0.0,7,1,1.0
2024-10-30,ARI incidence,2024-11-17,4,DE,safinea,syndromic,WIS,485.878173083913,-1.8263147518323337,7,5,0.293261495980805
2024-10-30,ARI incidence,2024-11-17,4,EE,ECDC,SARIMA,WIS,21.8079809104735,-0.06895457389462228,7,7,0.0
2024-10-30,ARI incidence,2024-11-17,4,EE,ECDC,soca_simplex,WIS,13.0601865349265,0.670726127870432,7,1,1.0
2024-10-30,ARI incidence,2024-11-17,4,EE,ISI,FluBcast,WIS,13.2959496546395,0.6449148060648634,7,2,0.9730488498481358
2024-10-30,ARI incidence,2024-11-17,4,EE,ISI,SEIR_BRW,WIS,17.1619256154522,0.276690194216948,7,4,0.5311116260355377
2024-10-30,ARI incidence,2024-11-17,4,EE,respicast,hubEnsemble,WIS,15.1367746666474,0.457843800883984,7,3,0.7626158043305572
2024-10-30,ARI incidence,2024-11-17,4,EE,respicast,quantileBaseline,WIS,20.7901710869565,0.0,7,6,0.11635045130485873
2024-10-30,ARI incidence,2024-11-17,4,EE,safinea,syndromic,WIS,17.4483699436522,0.25280936679477883,7,5,0.49836687737058216
2024-10-30,ARI incidence,2024-11-17,4,ES,ECDC,SARIMA,WIS,39.4109261145798,-0.563745373815411,8,6,0.7318836131157176
2024-10-30,ARI incidence,2024-11-17,4,ES,ECDC,soca_simplex,WIS,25.0016441181491,0.09282730763624214,8,3,0.893090037738256
2024-10-30,ARI incidence,2024-11-17,4,ES,ISI,FluBcast,WIS,15.4455994501759,0.7876544141977715,8,1,1.0
2024-10-30,ARI incidence,2024-11-17,4,ES,ISI,SEIR_BRW,WIS,104.829642487975,-1.975124539864516,8,8,0.0
2024-10-30,ARI incidence,2024-11-17,4,ES,fjordhest,ensemble,WIS,45.9288521739131,-0.7845504511998125,8,7,0.6589631472493774
2024-10-30,ARI incidence,2024-11-17,4,ES,respicast,hubEnsemble,WIS,28.577704524763,-0.1000397602183898,8,5,0.8530822210734668
2024-10-30,ARI incidence,2024-11-17,4,ES,respicast,quantileBaseline,WIS,26.6632063043478,0.0,8,4,0.8745010130115938
2024-10-30,ARI incidence,2024-11-17,4,ES,safinea,syndromic,WIS,24.0741125076522,0.1473676637629657,8,2,0.9034669638536328
2024-10-30,ARI incidence,2024-11-17,4,FR,ISI,SEIR_BRW,WIS,24.0814725978201,0.7540979003987222,5,1,1.0
2024-10-30,ARI incidence,2024-11-17,4,FR,fjordhest,ensemble,WIS,62.7636304347826,-0.6279072875449259,5,5,0.0
2024-10-30,ARI incidence,2024-11-17,4,FR,respicast,hubEnsemble,WIS,41.7871599881101,-0.04103819409369519,5,3,0.5422776706274788
2024-10-30,ARI incidence,2024-11-17,4,FR,respicast,quantileBaseline,WIS,40.6152497826087,0.0,5,2,0.5725735556306052
2024-10-30,ARI incidence,2024-11-17,4,FR,safinea,syndromic,WIS,57.2594024846956,-0.4954910986140318,5,4,0.14229371518740527
2024-10-30,ARI incidence,2024-11-17,4,GB-ENG,ECDC,SARIMA,WIS,19.3093127281598,-0.2183129752870951,6,4,0.7031192046500737
2024-10-30,ARI incidence,2024-11-17,4,GB-ENG,ECDC,soca_simplex,WIS,10.5453521958615,0.6543765610443079,6,2,0.8531065255913663
2024-10-30,ARI incidence,2024-11-17,4,GB-ENG,ISI,FluBcast,WIS,60.3935118483385,-1.863409726906113,6,6,0.0
2024-10-30,ARI incidence,2024-11-17,4,GB-ENG,respicast,hubEnsemble,WIS,1.9621692701972,3.080462431588144,6,1,1.0
2024-10-30,ARI incidence,2024-11-17,4,GB-ENG,respicast,quantileBaseline,WIS,16.5977058002715,0.0,6,3,0.7495259241989531
2024-10-30,ARI incidence,2024-11-17,4,GB-ENG,safinea,syndromic,WIS,24.3116798937186,-0.5506657440560886,6,5,0.6175081790456383
2024-10-30,ARI incidence,2024-11-17,4,GB-NIR,ECDC,SARIMA,WIS,6.13559239945504,0.5859068328748588,6,2,0.8573123685035857
2024-10-30,ARI incidence,2024-11-17,4,GB-NIR,ECDC,soca_simplex,WIS,6.39909848029814,0.5252408083421932,6,3,0.8423647181137556
2024-10-30,ARI incidence,2024-11-17,4,GB-NIR,ISI,FluBcast,WIS,21.2488052717868,-1.2062003443521816,6,6,0.0
2024-10-30,ARI incidence,2024-11-17,4,GB-NIR,respicast,hubEnsemble,WIS,3.62020987579194,1.347036139940894,6,1,1.0
2024-10-30,ARI incidence,2024-11-17,4,GB-NIR,respicast,quantileBaseline,WIS,9.2094147520183,0.0,6,4,0.68294666984664
2024-10-30,ARI incidence,2024-11-17,4,GB-NIR,safinea,syndromic,WIS,12.4786985547481,-0.43828609585973033,6,5,0.4974932216682011
2024-10-30,ARI incidence,2024-11-17,4,GB-SCT,ISI,SEIR_BRW,WIS,13.8160090384607,0.14895307868929886,4,3,0.23214503655455637
2024-10-30,ARI incidence,2024-11-17,4,GB-SCT,respicast,hubEnsemble,WIS,8.84562554673938,0.7922579340468466,4,1,1.0
2024-10-30,ARI incidence,2024-11-17,4,GB-SCT,respicast,quantileBaseline,WIS,15.318701489908,0.0,4,4,0.0
2024-10-30,ARI incidence,2024-11-17,4,GB-SCT,safinea,syndromic,WIS,12.0388151892571,0.34760059551937833,4,2,0.5066967125748519
2024-10-30,ARI incidence,2024-11-17,4,HU,ECDC,SARIMA,WIS,96.461283239203,0.95037121132883,6,4,0.8175478467021438
2024-10-30,ARI incidence,2024-11-17,4,HU,ECDC,soca_simplex,WIS,66.7627933190584,1.481276896407817,6,1,1.0
2024-10-30,ARI incidence,2024-11-17,4,HU,ISI,FluBcast,WIS,94.9121844800262,0.973727906886765,6,3,0.827064707830195
2024-10-30,ARI incidence,2024-11-17,4,HU,respicast,hubEnsemble,WIS,73.6841460265612,1.338966973316839,6,2,0.9574787907192123
2024-10-30,ARI incidence,2024-11-17,4,HU,respicast,quantileBaseline,WIS,186.398870652174,0.0,6,5,0.2650178517416849
2024-10-30,ARI incidence,2024-11-17,4,HU,safinea,syndromic,WIS,229.536920033043,-0.3003331045759858,6,6,0.0
2024-10-30,ARI incidence,2024-11-17,4,LT,ISI,SEIR_BRW,WIS,410.270212052936,-2.3452949386636464,5,5,0.0
2024-10-30,ARI incidence,2024-11-17,4,LT,fjordhest,ensemble,WIS,97.0427173913043,-0.2654123829829244,5,2,0.9505151254215131
2024-10-30,ARI incidence,2024-11-17,4,LT,respicast,hubEnsemble,WIS,231.908629014987,-1.522277030249974,5,3,0.541253195715908
2024-10-30,ARI incidence,2024-11-17,4,LT,respicast,quantileBaseline,WIS,80.7357456521739,0.0,5,1,1.0
2024-10-30,ARI incidence,2024-11-17,4,LT,safinea,syndromic,WIS,287.948977711304,-1.834533728608752,5,4,0.3711940534707878
2024-10-30,ARI incidence,2024-11-17,4,LU,ECDC,SARIMA,WIS,1744.32386940539,1.2326346642697739,4,1,1.0
2024-10-30,ARI incidence,2024-11-17,4,LU,ECDC,soca_simplex,WIS,6489.81114276164,-0.6628739004806549,4,4,0.0
2024-10-30,ARI incidence,2024-11-17,4,LU,fjordhest,ensemble,WIS,3919.97927826087,0.06445656709234918,4,2,0.5415317156004623
2024-10-30,ARI incidence,2024-11-17,4,LU,respicast,quantileBaseline,WIS,4099.08695652174,0.0,4,3,0.503788978565537
2024-10-30,ARI incidence,2024-11-17,4,LV,ECDC,SARIMA,WIS,766.447105766626,1.1164521022857463,6,5,0.56922383234778
2024-10-30,ARI incidence,2024-11-17,4,LV,ECDC,soca_simplex,WIS,88.895422080087,4.224457303545713,6,1,1.0
2024-10-30,ARI incidence,2024-11-17,4,LV,ISI,FluBcast,WIS,141.781482542123,3.5509692131791275,6,3,0.9663759164111245
2024-10-30,ARI incidence,2024-11-17,4,LV,respicast,hubEnsemble,WIS,119.104422171218,3.8024113546537373,6,2,0.9807936167805563
2024-10-30,ARI incidence,2024-11-17,4,LV,respicast,quantileBaseline,WIS,1661.75793065217,0.0,6,6,0.0
2024-10-30,ARI incidence,2024-11-17,4,LV,safinea,syndromic,WIS,262.277798261739,2.663542644923665,6,4,0.8897663494191513
2024-10-30,ARI incidence,2024-11-17,4,RO,ECDC,SARIMA,WIS,591.285210168836,0.23072199473722996,8,1,1.0
2024-10-30,ARI incidence,2024-11-17,4,RO,ECDC,soca_simplex,WIS,850.523468776751,-0.2937748590762714,8,7,0.3632389946691167
2024-10-30,ARI incidence,2024-11-17,4,RO,ISI,FluBcast,WIS,843.569999940451,-0.2819316030475559,8,6,0.38031864113224156
2024-10-30,ARI incidence,2024-11-17,4,RO,ISI,SEIR_BRW,WIS,998.405395666385,-0.5250495448296911,8,8,0.0
2024-10-30,ARI incidence,2024-11-17,4,RO,fjordhest,ensemble,WIS,751.051708695652,-0.11433605225423207,8,4,0.6075692038419503
2024-10-30,ARI incidence,2024-11-17,4,RO,respicast,hubEnsemble,WIS,782.569111178086,-0.17364198055383404,8,5,0.5301537289891963
2024-10-30,ARI incidence,2024-11-17,4,RO,respicast,quantileBaseline,WIS,693.827097391304,0.0,8,2,0.7481287077496545
2024-10-30,ARI incidence,2024-11-17,4,RO,safinea,syndromic,WIS,723.574187811391,-0.06056475723909285,8,3,0.6750616099251325
2024-10-30,ARI incidence,2024-11-17,4,SI,ECDC,SARIMA,WIS,143.131056376332,-0.20586902892562342,7,4,0.8315226990523625
2024-10-30,ARI incidence,2024-11-17,4,SI,ECDC,soca_simplex,WIS,222.787685001447,-0.8442017762073809,7,6,0.4056916397345618
2024-10-30,ARI incidence,2024-11-17,4,SI,ISI,SEIR_BRW,WIS,111.61542711517,0.15293126557018752,7,1,1.0
2024-10-30,ARI incidence,2024-11-17,4,SI,fjordhest,ensemble,WIS,146.440139130435,-0.23884333838129923,7,5,0.8138328942128734
2024-10-30,ARI incidence,2024-11-17,4,SI,respicast,hubEnsemble,WIS,142.134986498574,-0.19579400633470329,7,3,0.8368475225921139
2024-10-30,ARI incidence,2024-11-17,4,SI,respicast,quantileBaseline,WIS,124.096954565217,0.0,7,2,0.9332758346957964
2024-10-30,ARI incidence,2024-11-17,4,SI,safinea,syndromic,WIS,298.677002080435,-1.2671184443635901,7,7,0.0
2024-11-06,ARI incidence,2024-11-03,1,BE,ISI,FluBcast,WIS,297.358951768252,-0.21564588479627475,5,2,0.897295077091292
2024-11-06,ARI incidence,2024-11-03,1,BE,ISI,SEIR_BRW,WIS,658.052159756802,-1.361642319252209,5,5,0.0
2024-11-06,ARI incidence,2024-11-03,1,BE,fjordhest,ensemble,WIS,348.520465217391,-0.44468375120598336,5,3,0.770020780992238
2024-11-06,ARI incidence,2024-11-03,1,BE,respicast,hubEnsemble,WIS,354.992150748166,-0.4712275026331616,5,4,0.753921194311272
2024-11-06,ARI incidence,2024-11-03,1,BE,respicast,quantileBaseline,WIS,256.073794782609,0.0,5,1,1.0
2024-11-06,ARI incidence,2024-11-03,1,BG,ISI,FluBcast,WIS,75.7566398353648,-0.46798742354112927,5,3,0.7506420240428776
2024-11-06,ARI incidence,2024-11-03,1,BG,ISI,SEIR_BRW,WIS,138.932807183379,-1.342930489840314,5,5,0.0
2024-11-06,ARI incidence,2024-11-03,1,BG,fjordhest,ensemble,WIS,61.0359391304348,-0.15627406100541308,5,2,0.925549382882926
2024-11-06,ARI incidence,2024-11-03,1,BG,respicast,hubEnsemble,WIS,84.1879729927603,-0.6202292277341847,5,4,0.6504632184533657
2024-11-06,ARI incidence,2024-11-03,1,BG,respicast,quantileBaseline,WIS,54.7699634782609,0.0,5,1,1.0
2024-11-06,ARI incidence,2024-11-03,1,CZ,fjordhest,ensemble,WIS,239.325165217391,-0.22116198364835757,3,2,0.0
2024-11-06,ARI incidence,2024-11-03,1,CZ,respicast,hubEnsemble,WIS,239.325165217391,-0.22116198364835757,3,2,0.0
2024-11-06,ARI incidence,2024-11-03,1,CZ,respicast,quantileBaseline,WIS,205.310885652174,0.0,3,1,1.0
2024-11-06,ARI incidence,2024-11-03,1,DE,ISI,SEIR_BRW,WIS,632.288957362519,-1.0382898085607344,4,4,0.0
2024-11-06,ARI incidence,2024-11-03,1,DE,fjordhest,ensemble,WIS,335.779526086957,-0.12522005051097942,4,2,0.913954451425576
2024-11-06,ARI incidence,2024-11-03,1,DE,respicast,hubEnsemble,WIS,471.162502594303,-0.6139305118801252,4,3,0.49665280441273413
2024-11-06,ARI incidence,2024-11-03,1,DE,respicast,quantileBaseline,WIS,307.86422173913,0.0,4,1,1.0
2024-11-06,ARI incidence,2024-11-03,1,EE,ISI,FluBcast,WIS,12.0146735846633,0.3774928509255589,4,1,1.0
2024-11-06,ARI incidence,2024-11-03,1,EE,ISI,SEIR_BRW,WIS,25.824419777808,-0.7264456303263213,4,4,0.0
2024-11-06,ARI incidence,2024-11-03,1,EE,respicast,hubEnsemble,WIS,18.3744961827176,-0.23541438798394754,4,3,0.5394685384434232
2024-11-06,ARI incidence,2024-11-03,1,EE,respicast,quantileBaseline,WIS,15.60805,0.0,4,2,0.7397941739783394
2024-11-06,ARI incidence,2024-11-03,1,ES,ISI,FluBcast,WIS,46.4185095720752,0.04455934806813652,5,1,1.0
2024-11-06,ARI incidence,2024-11-03,1,ES,ISI,SEIR_BRW,WIS,116.148649171651,-1.2786409216003611,5,5,0.0
2024-11-06,ARI incidence,2024-11-03,1,ES,fjordhest,ensemble,WIS,48.1970695652174,-0.009685882933225348,5,3,0.9744936694038537
2024-11-06,ARI incidence,2024-11-03,1,ES,respicast,hubEnsemble,WIS,53.1384368466812,-0.15049624049268984,5,4,0.9036295164014431
2024-11-06,ARI incidence,2024-11-03,1,ES,respicast,quantileBaseline,WIS,47.8745706521739,0.0,5,2,0.9791186266303192
2024-11-06,ARI incidence,2024-11-03,1,FR,fjordhest,ensemble,WIS,103.057391304348,-0.24568898913253098,3,2,0.0
2024-11-06,ARI incidence,2024-11-03,1,FR,respicast,hubEnsemble,WIS,103.057391304348,-0.24568898913253098,3,2,0.0
2024-11-06,ARI incidence,2024-11-03,1,FR,respicast,quantileBaseline,WIS,86.9199343478261,0.0,3,1,1.0
2024-11-06,ARI incidence,2024-11-03,1,GB-ENG,ECDC,SARIMA,WIS,5.8910389544836,0.21429152531284745,6,2,0.9541519379978922
2024-11-06,ARI incidence,2024-11-03,1,GB-ENG,ECDC,soca_simplex,WIS,5.5477030456203,0.3009230522168993,6,1,1.0
2024-11-06,ARI incidence,2024-11-03,1,GB-ENG,ISI,FluBcast,WIS,13.0362618607675,-0.9316447137719781,6,6,0.0
2024-11-06,ARI incidence,2024-11-03,1,GB-ENG,ISI,SEIR_BRW,WIS,12.2020081017073,-0.8362330704119206,6,5,0.1114037800401253
2024-11-06,ARI incidence,2024-11-03,1,GB-ENG,respicast,hubEnsemble,WIS,7.3160979533388,-0.09826077292275119,6,4,0.7638537732865841
2024-11-06,ARI incidence,2024-11-03,1,GB-ENG,respicast,quantileBaseline,WIS,6.83439493429458,0.0,6,3,0.8281789700213514
2024-11-06,ARI incidence,2024-11-03,1,GB-NIR,ECDC,SARIMA,WIS,5.29928906835038,-0.09133457860679699,6,3,0.8587985710134165
2024-11-06,ARI incidence,2024-11-03,1,GB-NIR,ECDC,soca_simplex,WIS,12.7775222811058,-1.3610719541678589,6,5,0.22344304813099897
2024-11-06,ARI incidence,2024-11-03,1,GB-NIR,ISI,FluBcast,WIS,15.4074816715773,-1.6310949220012954,6,6,0.0
2024-11-06,ARI incidence,2024-11-03,1,GB-NIR,ISI,SEIR_BRW,WIS,3.63732631221422,0.45158588897923224,6,1,1.0
2024-11-06,ARI incidence,2024-11-03,1,GB-NIR,respicast,hubEnsemble,WIS,7.20785384696421,-0.5351055102507981,6,4,0.6966456749519742
2024-11-06,ARI incidence,2024-11-03,1,GB-NIR,respicast,quantileBaseline,WIS,4.97419907581676,0.0,6,2,0.8864184267084405
2024-11-06,ARI incidence,2024-11-03,1,GB-SCT,ISI,FluBcast,WIS,1.21170380890538,2.3373020327415652,4,1,1.0
2024-11-06,ARI incidence,2024-11-03,1,GB-SCT,ISI,SEIR_BRW,WIS,6.6658333309375,-0.12244612586207076,4,4,0.0
2024-11-06,ARI incidence,2024-11-03,1,GB-SCT,respicast,hubEnsemble,WIS,3.75554278566892,0.7053176852357501,4,2,0.5335939554629889
2024-11-06,ARI incidence,2024-11-03,1,GB-SCT,respicast,quantileBaseline,WIS,6.12342628160098,0.0,4,3,0.09944887578218486
2024-11-06,ARI incidence,2024-11-03,1,GB-WLS,respicast,quantileBaseline,WIS,50.3874219354882,0.0,1,1,0.0
2024-11-06,ARI incidence,2024-11-03,1,HU,ISI,FluBcast,WIS,474.538357583847,0.023013036823476385,4,1,1.0
2024-11-06,ARI incidence,2024-11-03,1,HU,ISI,SEIR_BRW,WIS,478.28795272155,0.011658291102579899,4,3,0.508588574756554
2024-11-06,ARI incidence,2024-11-03,1,HU,respicast,hubEnsemble,WIS,476.413155152699,0.017324493036916407,4,2,0.7542942873782137
2024-11-06,ARI incidence,2024-11-03,1,HU,respicast,quantileBaseline,WIS,482.168613913043,0.0,4,4,0.0
2024-11-06,ARI incidence,2024-11-03,1,LT,fjordhest,ensemble,WIS,178.508086956522,-0.13068007119195954,3,2,0.0
2024-11-06,ARI incidence,2024-11-03,1,LT,respicast,hubEnsemble,WIS,178.508086956522,-0.13068007119195954,3,2,0.0
2024-11-06,ARI incidence,2024-11-03,1,LT,respicast,quantileBaseline,WIS,163.049426086956,0.0,3,1,1.0
2024-11-06,ARI incidence,2024-11-03,1,LU,fjordhest,ensemble,WIS,1528.02614782609,0.5390516305466956,3,1,1.0
2024-11-06,ARI incidence,2024-11-03,1,LU,respicast,hubEnsemble,WIS,1528.02614782609,0.5390516305466956,3,1,1.0
2024-11-06,ARI incidence,2024-11-03,1,LU,respicast,quantileBaseline,WIS,2220.24804347826,0.0,3,3,0.0
2024-11-06,ARI incidence,2024-11-03,1,LV,ISI,FluBcast,WIS,80.3644092718494,3.2694180144892937,4,3,0.940176085629413
2024-11-06,ARI incidence,2024-11-03,1,LV,ISI,SEIR_BRW,WIS,36.1694854847497,4.421201659974886,4,1,1.0
2024-11-06,ARI incidence,2024-11-03,1,LV,respicast,hubEnsemble,WIS,56.7976288592968,3.770144033064388,4,2,0.9720769677348484
2024-11-06,ARI incidence,2024-11-03,1,LV,respicast,quantileBaseline,WIS,774.91960326087,0.0,4,4,0.0
2024-11-06,ARI incidence,2024-11-03,1,RO,ISI,FluBcast,WIS,166.493007506305,-0.6269562574135877,5,4,0.3267154709400936
2024-11-06,ARI incidence,2024-11-03,1,RO,ISI,SEIR_BRW,WIS,198.089553018805,-0.8776474665981606,5,5,0.0
2024-11-06,ARI incidence,2024-11-03,1,RO,fjordhest,ensemble,WIS,101.379882608696,0.08873393131191376,5,1,1.0
2024-11-06,ARI incidence,2024-11-03,1,RO,respicast,hubEnsemble,WIS,152.164882262409,-0.49713011161269977,5,3,0.47487154657488634
2024-11-06,ARI incidence,2024-11-03,1,RO,respicast,quantileBaseline,WIS,107.811070652174,0.0,5,2,0.9335000521022792
2024-11-06,ARI incidence,2024-11-03,1,SI,ISI,SEIR_BRW,WIS,490.171862121548,-0.6882423051115846,4,4,0.0
2024-11-06,ARI incidence,2024-11-03,1,SI,fjordhest,ensemble,WIS,296.852756521739,0.035297855070765737,4,1,1.0
2024-11-06,ARI incidence,2024-11-03,1,SI,respicast,hubEnsemble,WIS,375.790798395853,-0.3048843765472285,4,3,0.5916697336810356
2024-11-06,ARI incidence,2024-11-03,1,SI,respicast,quantileBaseline,WIS,304.205316086956,0.0,4,2,0.9619667205556106
2024-11-06,ARI incidence,2024-11-10,2,BE,ISI,FluBcast,WIS,156.620437751115,-1.0352790797752283,5,4,0.34977073473170267
2024-11-06,ARI incidence,2024-11-10,2,BE,ISI,SEIR_BRW,WIS,217.60475235227,-1.5097166588537954,5,5,0.0
2024-11-06,ARI incidence,2024-11-10,2,BE,fjordhest,ensemble,WIS,43.7919130434782,0.8032570254326924,5,2,0.9968898545215112
2024-11-06,ARI incidence,2024-11-10,2,BE,respicast,hubEnsemble,WIS,43.2496432893748,0.8212332666626235,5,1,1.0
2024-11-06,ARI incidence,2024-11-10,2,BE,respicast,quantileBaseline,WIS,76.4184767391304,0.0,5,3,0.8097627673314087
2024-11-06,ARI incidence,2024-11-10,2,BG,ISI,FluBcast,WIS,179.218516273318,-0.13031929477300835,5,5,0.0
2024-11-06,ARI incidence,2024-11-10,2,BG,ISI,SEIR_BRW,WIS,57.5200869843875,1.509262642277226,5,1,1.0
2024-11-06,ARI incidence,2024-11-10,2,BG,fjordhest,ensemble,WIS,150.099591304348,0.12548035612438263,5,3,0.23927116511781146
2024-11-06,ARI incidence,2024-11-10,2,BG,respicast,hubEnsemble,WIS,124.668701638949,0.3933010861214423,5,2,0.4482376227293737
2024-11-06,ARI incidence,2024-11-10,2,BG,respicast,quantileBaseline,WIS,163.739274130435,0.0,5,4,0.12719344229277535
2024-11-06,ARI incidence,2024-11-10,2,CZ,fjordhest,ensemble,WIS,48.5323913043478,0.14351413139795094,3,1,1.0
2024-11-06,ARI incidence,2024-11-10,2,CZ,respicast,hubEnsemble,WIS,48.5323913043478,0.14351413139795094,3,1,1.0
2024-11-06,ARI incidence,2024-11-10,2,CZ,respicast,quantileBaseline,WIS,53.6085115217391,0.0,3,3,0.0
2024-11-06,ARI incidence,2024-11-10,2,DE,ISI,SEIR_BRW,WIS,381.372871942035,-2.0727614572149364,4,4,0.0
2024-11-06,ARI incidence,2024-11-10,2,DE,fjordhest,ensemble,WIS,102.795469565217,-0.18133591563282633,4,2,0.9582360138920368
2024-11-06,ARI incidence,2024-11-10,2,DE,respicast,hubEnsemble,WIS,214.924942800827,-1.2453921549678626,4,3,0.5725389022226303
2024-11-06,ARI incidence,2024-11-10,2,DE,respicast,quantileBaseline,WIS,90.6538858695652,0.0,4,1,1.0
2024-11-06,ARI incidence,2024-11-10,2,EE,ISI,FluBcast,WIS,12.178342056253,0.5638516175720268,4,1,1.0
2024-11-06,ARI incidence,2024-11-10,2,EE,ISI,SEIR_BRW,WIS,23.7864445330286,-0.40197028420807146,4,4,0.0
2024-11-06,ARI incidence,2024-11-10,2,EE,respicast,hubEnsemble,WIS,17.9823932946409,0.001584314194809542,4,2,0.49999999999999134
2024-11-06,ARI incidence,2024-11-10,2,EE,respicast,quantileBaseline,WIS,18.0021517391304,0.0,4,3,0.49829787473627735
2024-11-06,ARI incidence,2024-11-10,2,ES,ISI,FluBcast,WIS,11.3508722527076,0.9726712357114317,5,1,1.0
2024-11-06,ARI incidence,2024-11-10,2,ES,ISI,SEIR_BRW,WIS,76.9935072898077,-1.7892623905740708,5,5,0.0
2024-11-06,ARI incidence,2024-11-10,2,ES,fjordhest,ensemble,WIS,24.4790130434783,-0.1360709911930791,5,4,0.8000058836250113
2024-11-06,ARI incidence,2024-11-10,2,ES,respicast,hubEnsemble,WIS,21.1552583978407,0.07445809335181913,5,2,0.8506399668509373
2024-11-06,ARI incidence,2024-11-10,2,ES,respicast,quantileBaseline,WIS,22.2757560869565,0.0,5,3,0.8335703033847691
2024-11-06,ARI incidence,2024-11-10,2,FR,fjordhest,ensemble,WIS,63.4007956521739,0.013482032980276086,3,1,1.0
2024-11-06,ARI incidence,2024-11-10,2,FR,respicast,hubEnsemble,WIS,63.4007956521739,0.013482032980276086,3,1,1.0
2024-11-06,ARI incidence,2024-11-10,2,FR,respicast,quantileBaseline,WIS,63.9960552173913,0.0,3,3,0.0
2024-11-06,ARI incidence,2024-11-10,2,GB-ENG,ECDC,SARIMA,WIS,9.44937669512897,0.08452175979400582,6,4,0.606234720207873
2024-11-06,ARI incidence,2024-11-10,2,GB-ENG,ECDC,soca_simplex,WIS,19.6303471617163,-0.9702728534678414,6,6,0.0
2024-11-06,ARI incidence,2024-11-10,2,GB-ENG,ISI,FluBcast,WIS,2.83657054810308,1.820593182839689,6,1,1.0
2024-11-06,ARI incidence,2024-11-10,2,GB-ENG,ISI,SEIR_BRW,WIS,8.15451030423883,0.2971426858197535,6,3,0.6833386629767977
2024-11-06,ARI incidence,2024-11-10,2,GB-ENG,respicast,hubEnsemble,WIS,6.45987940432869,0.6332336960900887,6,2,0.7842469303010429
2024-11-06,ARI incidence,2024-11-10,2,GB-ENG,respicast,quantileBaseline,WIS,10.0195160956185,0.0,6,5,0.5722852749099423
2024-11-06,ARI incidence,2024-11-10,2,GB-NIR,ECDC,SARIMA,WIS,5.93789787663591,-0.18798299802832974,6,4,0.93595112031749
2024-11-06,ARI incidence,2024-11-10,2,GB-NIR,ECDC,soca_simplex,WIS,8.48577124571928,-0.7030765046388024,6,5,0.7109940247705462
2024-11-06,ARI incidence,2024-11-10,2,GB-NIR,ISI,FluBcast,WIS,16.5385189791743,-1.6657888589343883,6,6,0.0
2024-11-06,ARI incidence,2024-11-10,2,GB-NIR,ISI,SEIR_BRW,WIS,5.82027533021482,-0.15911811873979895,6,3,0.9463362621910217
2024-11-06,ARI incidence,2024-11-10,2,GB-NIR,respicast,hubEnsemble,WIS,5.37831763266558,-0.04518567719086742,6,2,0.9853576363306084
2024-11-06,ARI incidence,2024-11-10,2,GB-NIR,respicast,quantileBaseline,WIS,5.21247761609277,0.0,6,1,1.0
2024-11-06,ARI incidence,2024-11-10,2,GB-SCT,ISI,FluBcast,WIS,4.40695527600398,1.0748540518443812,4,1,1.0
2024-11-06,ARI incidence,2024-11-10,2,GB-SCT,ISI,SEIR_BRW,WIS,7.89571973302141,0.23356552663336017,4,3,0.28455200424616583
2024-11-06,ARI incidence,2024-11-10,2,GB-SCT,respicast,hubEnsemble,WIS,4.84554991218894,0.9379759037083072,4,2,0.9100565093250307
2024-11-06,ARI incidence,2024-11-10,2,GB-SCT,respicast,quantileBaseline,WIS,9.28329077169781,0.0,4,4,0.0
2024-11-06,ARI incidence,2024-11-10,2,GB-WLS,respicast,quantileBaseline,WIS,47.7156486998502,0.0,1,1,0.0
2024-11-06,ARI incidence,2024-11-10,2,HU,ISI,FluBcast,WIS,105.762267251133,1.1237656623729315,4,3,0.7750520999895189
2024-11-06,ARI incidence,2024-11-10,2,HU,ISI,SEIR_BRW,WIS,69.5670706287707,1.7281141948196115,4,1,1.0
2024-11-06,ARI incidence,2024-11-10,2,HU,respicast,hubEnsemble,WIS,85.4384130397766,1.431633916751877,4,2,0.9013619076875716
2024-11-06,ARI incidence,2024-11-10,2,HU,respicast,quantileBaseline,WIS,230.471869565217,0.0,4,4,0.0
2024-11-06,ARI incidence,2024-11-10,2,LT,fjordhest,ensemble,WIS,87.9384130434783,-0.033853563409658574,3,2,0.0
2024-11-06,ARI incidence,2024-11-10,2,LT,respicast,hubEnsemble,WIS,87.9384130434783,-0.033853563409658574,3,2,0.0
2024-11-06,ARI incidence,2024-11-10,2,LT,respicast,quantileBaseline,WIS,85.8989165217391,0.0,3,1,1.0
2024-11-06,ARI incidence,2024-11-10,2,LU,fjordhest,ensemble,WIS,8766.5481173913,-0.36887909575440025,3,2,0.0
2024-11-06,ARI incidence,2024-11-10,2,LU,respicast,hubEnsemble,WIS,8766.5481173913,-0.36887909575440025,3,2,0.0
2024-11-06,ARI incidence,2024-11-10,2,LU,respicast,quantileBaseline,WIS,6788.67391304348,0.0,3,1,1.0
2024-11-06,ARI incidence,2024-11-10,2,LV,ISI,FluBcast,WIS,81.7050319385279,3.327328954863742,4,3,0.9595639259248816
2024-11-06,ARI incidence,2024-11-10,2,LV,ISI,SEIR_BRW,WIS,50.5884075961008,4.018947059494799,4,1,1.0
2024-11-06,ARI incidence,2024-11-10,2,LV,respicast,hubEnsemble,WIS,64.5686109314778,3.6669208960819786,4,2,0.9818327164465672
2024-11-06,ARI incidence,2024-11-10,2,LV,respicast,quantileBaseline,WIS,820.114753913044,0.0,4,4,0.0
2024-11-06,ARI incidence,2024-11-10,2,RO,ISI,FluBcast,WIS,57.5238952771163,0.14261292590527405,5,1,1.0
2024-11-06,ARI incidence,2024-11-10,2,RO,ISI,SEIR_BRW,WIS,139.836180990201,-1.1388914862590414,5,5,0.0
2024-11-06,ARI incidence,2024-11-10,2,RO,fjordhest,ensemble,WIS,65.6442347826087,-0.04789401346329408,5,3,0.9013471751495591
2024-11-06,ARI incidence,2024-11-10,2,RO,respicast,hubEnsemble,WIS,77.7602003510379,-0.2922576378347388,5,4,0.7541520697838581
2024-11-06,ARI incidence,2024-11-10,2,RO,respicast,quantileBaseline,WIS,63.5007793478261,0.0,5,2,0.9273877038047107
2024-11-06,ARI incidence,2024-11-10,2,SI,ISI,SEIR_BRW,WIS,129.786542909852,-0.13529897750655598,4,4,0.0
2024-11-06,ARI incidence,2024-11-10,2,SI,fjordhest,ensemble,WIS,113.445634782609,0.05884072848979531,4,1,1.0
2024-11-06,ARI incidence,2024-11-10,2,SI,respicast,hubEnsemble,WIS,115.297259704557,0.035483601287454085,4,2,0.8866877588730189
2024-11-06,ARI incidence,2024-11-10,2,SI,respicast,quantileBaseline,WIS,118.16819826087,0.0,4,3,0.7109974891549813
2024-11-06,ARI incidence,2024-11-17,3,BE,ISI,FluBcast,WIS,18.0352932964856,2.5677576356360734,5,1,1.0
2024-11-06,ARI incidence,2024-11-17,3,BE,ISI,SEIR_BRW,WIS,436.596366444617,-2.0296476979129046,5,5,0.0
2024-11-06,ARI incidence,2024-11-17,3,BE,fjordhest,ensemble,WIS,88.5877130434783,0.2714739071352668,5,3,0.8314405608329857
2024-11-06,ARI incidence,2024-11-17,3,BE,respicast,hubEnsemble,WIS,87.4415531382949,0.29026149417244307,5,2,0.8341788945642205
2024-11-06,ARI incidence,2024-11-17,3,BE,respicast,quantileBaseline,WIS,106.928944347826,0.0,5,4,0.7876208353950764
2024-11-06,ARI incidence,2024-11-17,3,BG,ISI,FluBcast,WIS,143.307888299,0.3258259715049475,5,3,0.394152953519254
2024-11-06,ARI incidence,2024-11-17,3,BG,ISI,SEIR_BRW,WIS,87.4938101366283,1.0376911352653693,5,1,1.0
2024-11-06,ARI incidence,2024-11-17,3,BG,fjordhest,ensemble,WIS,144.724256521739,0.31163725043169693,5,4,0.378778651322965
2024-11-06,ARI incidence,2024-11-17,3,BG,respicast,hubEnsemble,WIS,120.945020093806,0.5705926279642887,5,2,0.6368959692426415
2024-11-06,ARI incidence,2024-11-17,3,BG,respicast,quantileBaseline,WIS,179.61950173913,0.0,5,5,0.0
2024-11-06,ARI incidence,2024-11-17,3,CZ,fjordhest,ensemble,WIS,84.6174,0.031858652174361714,3,1,1.0
2024-11-06,ARI incidence,2024-11-17,3,CZ,respicast,hubEnsemble,WIS,84.6174,0.031858652174361714,3,1,1.0
2024-11-06,ARI incidence,2024-11-17,3,CZ,respicast,quantileBaseline,WIS,86.5067680434783,0.0,3,3,0.0
2024-11-06,ARI incidence,2024-11-17,3,DE,ISI,SEIR_BRW,WIS,601.019907644211,-2.1119629062497465,4,4,0.0
2024-11-06,ARI incidence,2024-11-17,3,DE,fjordhest,ensemble,WIS,156.801004347826,-0.17348492827414014,4,2,0.9615445431609109
2024-11-06,ARI incidence,2024-11-17,3,DE,respicast,hubEnsemble,WIS,357.991871301296,-1.3644769574683293,4,3,0.5260520892887971
2024-11-06,ARI incidence,2024-11-17,3,DE,respicast,quantileBaseline,WIS,139.035170217391,0.0,4,1,1.0
2024-11-06,ARI incidence,2024-11-17,3,EE,ISI,FluBcast,WIS,12.6183681144074,0.6943347990256229,4,1,1.0
2024-11-06,ARI incidence,2024-11-17,3,EE,ISI,SEIR_BRW,WIS,26.2026129803887,-0.35985054441660985,4,4,0.0
2024-11-06,ARI incidence,2024-11-17,3,EE,respicast,hubEnsemble,WIS,19.4104905473981,0.07302356443429296,4,2,0.4999999999999962
2024-11-06,ARI incidence,2024-11-17,3,EE,respicast,quantileBaseline,WIS,20.4182630434783,0.0,4,3,0.4258131382331018
2024-11-06,ARI incidence,2024-11-17,3,ES,ISI,FluBcast,WIS,14.4434370654424,0.8857802695544981,5,1,1.0
2024-11-06,ARI incidence,2024-11-17,3,ES,ISI,SEIR_BRW,WIS,107.428561212243,-2.0091113306834987,5,5,0.0
2024-11-06,ARI incidence,2024-11-17,3,ES,fjordhest,ensemble,WIS,32.2182391304348,-0.2716832796702949,5,4,0.8088425194020241
2024-11-06,ARI incidence,2024-11-17,3,ES,respicast,hubEnsemble,WIS,27.0144945361127,-0.017539321331081912,5,3,0.8648057139674975
2024-11-06,ARI incidence,2024-11-17,3,ES,respicast,quantileBaseline,WIS,26.6880586956522,0.0,5,2,0.868316338311507
2024-11-06,ARI incidence,2024-11-17,3,FR,fjordhest,ensemble,WIS,36.4103652173913,0.20422165254459934,3,1,1.0
2024-11-06,ARI incidence,2024-11-17,3,FR,respicast,hubEnsemble,WIS,36.4103652173913,0.20422165254459934,3,1,1.0
2024-11-06,ARI incidence,2024-11-17,3,FR,respicast,quantileBaseline,WIS,41.9470939130435,0.0,3,3,0.0
2024-11-06,ARI incidence,2024-11-17,3,GB-ENG,ECDC,SARIMA,WIS,17.8371885417564,-0.059455478798422154,6,5,0.5773627863115391
2024-11-06,ARI incidence,2024-11-17,3,GB-ENG,ECDC,soca_simplex,WIS,33.4414930697515,-0.9662065012077827,6,6,0.0
2024-11-06,ARI incidence,2024-11-17,3,GB-ENG,ISI,FluBcast,WIS,6.41463076072978,1.4159946316346947,6,1,1.0
2024-11-06,ARI incidence,2024-11-17,3,GB-ENG,ISI,SEIR_BRW,WIS,12.4471521481181,0.45961706199917407,6,3,0.7767953483311072
2024-11-06,ARI incidence,2024-11-17,3,GB-ENG,respicast,hubEnsemble,WIS,12.0656818946432,0.5045233078916245,6,2,0.7909098337313442
2024-11-06,ARI incidence,2024-11-17,3,GB-ENG,respicast,quantileBaseline,WIS,17.1170342780322,0.0,6,4,0.6040086564643541
2024-11-06,ARI incidence,2024-11-17,3,GB-NIR,ECDC,SARIMA,WIS,8.13274526735682,-0.07206549674508124,6,4,0.7969435435514192
2024-11-06,ARI incidence,2024-11-17,3,GB-NIR,ECDC,soca_simplex,WIS,5.09134073659953,0.6036313091713816,6,1,1.0
2024-11-06,ARI incidence,2024-11-17,3,GB-NIR,ISI,FluBcast,WIS,20.0694634909846,-1.3752532151295962,6,6,0.0
2024-11-06,ARI incidence,2024-11-17,3,GB-NIR,ISI,SEIR_BRW,WIS,13.3770736638975,-0.7900137149442026,6,5,0.4468109880544144
2024-11-06,ARI incidence,2024-11-17,3,GB-NIR,respicast,hubEnsemble,WIS,6.23224993764133,0.31192383769529913,6,2,0.9238282914520926
2024-11-06,ARI incidence,2024-11-17,3,GB-NIR,respicast,quantileBaseline,WIS,7.73647797414712,0.0,6,3,0.8233999493178685
2024-11-06,ARI incidence,2024-11-17,3,GB-SCT,ISI,FluBcast,WIS,23.7079126332343,0.03091030806501575,4,3,0.05933705000728685
2024-11-06,ARI incidence,2024-11-17,3,GB-SCT,ISI,SEIR_BRW,WIS,15.5685392460389,0.6376453675822419,4,1,1.0
2024-11-06,ARI incidence,2024-11-17,3,GB-SCT,respicast,hubEnsemble,WIS,16.1018679292445,0.5890508934140593,4,2,0.9383634945106293
2024-11-06,ARI incidence,2024-11-17,3,GB-SCT,respicast,quantileBaseline,WIS,24.221344575789,0.0,4,4,0.0
2024-11-06,ARI incidence,2024-11-17,3,HU,ISI,FluBcast,WIS,83.7308836989826,1.1049102210520552,4,1,1.0
2024-11-06,ARI incidence,2024-11-17,3,HU,ISI,SEIR_BRW,WIS,144.49421463061,0.31773024746966305,4,3,0.36942707976843514
2024-11-06,ARI incidence,2024-11-17,3,HU,respicast,hubEnsemble,WIS,107.915879511508,0.7388348087543173,4,2,0.7490196274385864
2024-11-06,ARI incidence,2024-11-17,3,HU,respicast,quantileBaseline,WIS,180.092983913044,0.0,4,4,0.0
2024-11-06,ARI incidence,2024-11-17,3,LT,fjordhest,ensemble,WIS,83.3355652173913,-0.020309770755402846,3,2,0.0
2024-11-06,ARI incidence,2024-11-17,3,LT,respicast,hubEnsemble,WIS,83.3355652173913,-0.020309770755402846,3,2,0.0
2024-11-06,ARI incidence,2024-11-17,3,LT,respicast,quantileBaseline,WIS,82.1706145652174,0.0,3,1,1.0
2024-11-06,ARI incidence,2024-11-17,3,LU,fjordhest,ensemble,WIS,3651.86422173913,0.13712708028022505,3,1,1.0
2024-11-06,ARI incidence,2024-11-17,3,LU,respicast,hubEnsemble,WIS,3651.86422173913,0.13712708028022505,3,1,1.0
2024-11-06,ARI incidence,2024-11-17,3,LU,respicast,quantileBaseline,WIS,4016.00260869565,0.0,3,3,0.0
2024-11-06,ARI incidence,2024-11-17,3,LV,ISI,FluBcast,WIS,139.978732159963,3.569826220649135,4,3,0.975293847679308
2024-11-06,ARI incidence,2024-11-17,3,LV,ISI,SEIR_BRW,WIS,101.417465495306,4.03472774098364,4,1,1.0
2024-11-06,ARI incidence,2024-11-17,3,LV,respicast,hubEnsemble,WIS,120.698098827634,3.783630915126847,4,2,0.9876469238396545
2024-11-06,ARI incidence,2024-11-17,3,LV,respicast,quantileBaseline,WIS,1662.21358478261,0.0,4,4,0.0
2024-11-06,ARI incidence,2024-11-17,3,RO,ISI,FluBcast,WIS,844.931767268733,-0.29419036695880296,5,4,0.20848373354619942
2024-11-06,ARI incidence,2024-11-17,3,RO,ISI,SEIR_BRW,WIS,885.986195850023,-0.3626397471297629,5,5,0.0
2024-11-06,ARI incidence,2024-11-17,3,RO,fjordhest,ensemble,WIS,704.5135,-0.03198287810507482,5,2,0.9215596581156419
2024-11-06,ARI incidence,2024-11-17,3,RO,respicast,hubEnsemble,WIS,810.283054980962,-0.23378149672151327,5,3,0.38443778162213993
2024-11-06,ARI incidence,2024-11-17,3,RO,respicast,quantileBaseline,WIS,689.067098695652,0.0,5,1,1.0
2024-11-06,ARI incidence,2024-11-17,3,SI,ISI,SEIR_BRW,WIS,111.778642155005,0.1707525218038918,4,1,1.0
2024-11-06,ARI incidence,2024-11-17,3,SI,fjordhest,ensemble,WIS,148.854108695652,-0.24250196692617676,4,4,0.0
2024-11-06,ARI incidence,2024-11-17,3,SI,respicast,hubEnsemble,WIS,129.567130041123,-0.042302689808991725,4,3,0.5202086569398685
2024-11-06,ARI incidence,2024-11-17,3,SI,respicast,quantileBaseline,WIS,125.823123043478,0.0,4,2,0.6211920658348129
2024-11-13,ARI incidence,2024-11-10,1,BE,ECDC,SARIMA,WIS,449.679767441794,-0.04804119882044669,8,6,0.5773616546917603
2024-11-13,ARI incidence,2024-11-10,1,BE,ECDC,soca_simplex,WIS,113.602509249266,1.9368620736901927,8,1,1.0
2024-11-13,ARI incidence,2024-11-10,1,BE,ISI,FluABCaster,WIS,146.140708440655,1.5734986689257189,8,2,0.9590811626483798
2024-11-13,ARI incidence,2024-11-10,1,BE,ISI,GLEAM,WIS,908.791260869565,-1.0630921865511187,8,8,0.0
2024-11-13,ARI incidence,2024-11-10,1,BE,ISI,SEIR_BRW,WIS,277.761610034695,0.6470095596485664,8,3,0.793559578840956
2024-11-13,ARI incidence,2024-11-10,1,BE,fjordhest,ensemble,WIS,467.518060869565,-0.10416532428720278,8,7,0.5549288758182876
2024-11-13,ARI incidence,2024-11-10,1,BE,respicast,hubEnsemble,WIS,358.090632115209,0.28053199778754956,8,4,0.6925407680028584
2024-11-13,ARI incidence,2024-11-10,1,BE,respicast,quantileBaseline,WIS,434.952173913043,0.0,8,5,0.5958825322805613
2024-11-13,ARI incidence,2024-11-10,1,BG,ECDC,SARIMA,WIS,233.089352778614,0.16199582399287385,8,2,0.7781042554517528
2024-11-13,ARI incidence,2024-11-10,1,BG,ECDC,soca_simplex,WIS,259.439687652419,0.007479737512066875,8,4,0.644007423131003
2024-11-13,ARI incidence,2024-11-10,1,BG,ISI,FluABCaster,WIS,255.334442509515,0.03049077098468917,8,3,0.6648990122588069
2024-11-13,ARI incidence,2024-11-10,1,BG,ISI,FluBcast,WIS,385.988622232228,-0.5656793923551945,8,8,0.0
2024-11-13,ARI incidence,2024-11-10,1,BG,ISI,SEIR_BRW,WIS,275.429349170063,-0.07880336868869364,8,7,0.5626360489277639
2024-11-13,ARI incidence,2024-11-10,1,BG,fjordhest,ensemble,WIS,189.486330434783,0.4607851535461408,8,1,1.0
2024-11-13,ARI incidence,2024-11-10,1,BG,respicast,hubEnsemble,WIS,267.023727462669,-0.03408901454073404,8,6,0.605412250826002
2024-11-13,ARI incidence,2024-11-10,1,BG,respicast,quantileBaseline,WIS,260.788260869565,0.0,8,5,0.6371445351473041
2024-11-13,ARI incidence,2024-11-10,1,CY,respicast,quantileBaseline,WIS,1304.60869565217,0.0,1,1,0.0
2024-11-13,ARI incidence,2024-11-10,1,CZ,ECDC,SARIMA,WIS,373.799594164535,-0.35922096697243355,8,7,0.5766397213635968
2024-11-13,ARI incidence,2024-11-10,1,CZ,ECDC,soca_simplex,WIS,87.4746505746648,1.7361071341581027,8,2,0.9929779857236389
2024-11-13,ARI incidence,2024-11-10,1,CZ,ISI,FluABCaster,WIS,207.68084454567,0.4886758805116768,8,3,0.8181890290377659
2024-11-13,ARI incidence,2024-11-10,1,CZ,ISI,GLEAM,WIS,770.367360869565,-1.4025025442140868,8,8,0.0
2024-11-13,ARI incidence,2024-11-10,1,CZ,ISI,SEIR_BRW,WIS,82.6454575513984,1.8180366039212057,8,1,1.0
2024-11-13,ARI incidence,2024-11-10,1,CZ,fjordhest,ensemble,WIS,292.328769565217,-0.00454778333573134,8,6,0.695104502267378
2024-11-13,ARI incidence,2024-11-10,1,CZ,respicast,hubEnsemble,WIS,250.506890038563,0.21819375136310787,8,4,0.7559166987742348
2024-11-13,ARI incidence,2024-11-10,1,CZ,respicast,quantileBaseline,WIS,291.408717391304,0.0,8,5,0.6964423281668787
2024-11-13,ARI incidence,2024-11-10,1,DE,ECDC,SARIMA,WIS,242.668730430649,0.08573279888810989,7,5,0.8163421782744668
2024-11-13,ARI incidence,2024-11-10,1,DE,ECDC,soca_simplex,WIS,63.9747739976652,2.0091459671623113,7,1,1.0
2024-11-13,ARI incidence,2024-11-10,1,DE,ISI,GLEAM,WIS,1036.9469826087,-2.009549210332561,7,7,0.0
2024-11-13,ARI incidence,2024-11-10,1,DE,ISI,SEIR_BRW,WIS,137.854186991866,0.9015779315386815,7,2,0.9240683214378064
2024-11-13,ARI incidence,2024-11-10,1,DE,fjordhest,ensemble,WIS,176.69682173913,0.5434449277267162,7,3,0.8841466932520293
2024-11-13,ARI incidence,2024-11-10,1,DE,respicast,hubEnsemble,WIS,179.637232506635,0.5196346167461555,7,4,0.8811246020335118
2024-11-13,ARI incidence,2024-11-10,1,DE,respicast,quantileBaseline,WIS,257.52652173913,0.0,7,6,0.8010716585443183
2024-11-13,ARI incidence,2024-11-10,1,EE,ECDC,SARIMA,WIS,19.035502325088,-0.9269624453321493,7,5,0.9104572410308485
2024-11-13,ARI incidence,2024-11-10,1,EE,ECDC,soca_simplex,WIS,20.5103199689135,-1.03461980245431,7,6,0.9012018775422844
2024-11-13,ARI incidence,2024-11-10,1,EE,ISI,FluABCaster,WIS,164.114450837493,-4.034900177415373,7,7,0.0
2024-11-13,ARI incidence,2024-11-10,1,EE,ISI,FluBcast,WIS,4.76710098486069,1.070546103668881,7,1,1.0
2024-11-13,ARI incidence,2024-11-10,1,EE,ISI,SEIR_BRW,WIS,5.36507590015397,0.9000597099789913,7,2,0.9962473494799486
2024-11-13,ARI incidence,2024-11-10,1,EE,respicast,hubEnsemble,WIS,13.5080435775358,-0.4320885425235704,7,4,0.9451453532125955
2024-11-13,ARI incidence,2024-11-10,1,EE,respicast,quantileBaseline,WIS,10.012,0.0,7,3,0.9670851192693829
2024-11-13,ARI incidence,2024-11-10,1,ES,ECDC,SARIMA,WIS,53.8741664981689,-0.01984735427078983,8,6,0.40109714025906223
2024-11-13,ARI incidence,2024-11-10,1,ES,ECDC,soca_simplex,WIS,20.1485169981772,1.3990726345534885,8,3,0.8108019973106428
2024-11-13,ARI incidence,2024-11-10,1,ES,ISI,FluABCaster,WIS,4.57431665620659,3.5381181451667607,8,1,1.0
2024-11-13,ARI incidence,2024-11-10,1,ES,ISI,FluBcast,WIS,86.8912551047682,-0.7094646990937864,8,8,0.0
2024-11-13,ARI incidence,2024-11-10,1,ES,ISI,SEIR_BRW,WIS,19.1063722632072,1.475692410714663,8,2,0.8234621466627864
2024-11-13,ARI incidence,2024-11-10,1,ES,fjordhest,ensemble,WIS,57.5111913043478,-0.11409643268397167,8,7,0.3569139517838055
2024-11-13,ARI incidence,2024-11-10,1,ES,respicast,hubEnsemble,WIS,34.8917553759853,0.606860109599176,8,4,0.6316986601885889
2024-11-13,ARI incidence,2024-11-10,1,ES,respicast,quantileBaseline,WIS,53.1380869565217,0.0,8,5,0.41003915821454245
2024-11-13,ARI incidence,2024-11-10,1,FR,ECDC,soca_simplex,WIS,21.7211288501207,-0.03454670330844251,7,6,0.883542698858571
2024-11-13,ARI incidence,2024-11-10,1,FR,ISI,FluABCaster,WIS,137.26547375446,-2.694344507533833,7,7,0.0
2024-11-13,ARI incidence,2024-11-10,1,FR,ISI,FluBcast,WIS,17.4224150731357,0.2836077564861027,7,4,0.9164140364846776
2024-11-13,ARI incidence,2024-11-10,1,FR,ISI,SEIR_BRW,WIS,6.49155071303996,1.70791732081321,7,1,1.0
2024-11-13,ARI incidence,2024-11-10,1,FR,fjordhest,ensemble,WIS,17.3805391304348,0.28707954475263353,7,3,0.9167342527917745
2024-11-13,ARI incidence,2024-11-10,1,FR,respicast,hubEnsemble,WIS,16.8322840048369,0.3333214268439001,7,2,0.9209266415558879
2024-11-13,ARI incidence,2024-11-10,1,FR,respicast,quantileBaseline,WIS,21.2071739130435,0.0,7,5,0.8874728014747814
2024-11-13,ARI incidence,2024-11-10,1,GB-ENG,ECDC,SARIMA,WIS,13.0062599156016,0.2964381041791093,8,3,0.9166460160867137
2024-11-13,ARI incidence,2024-11-10,1,GB-ENG,ECDC,soca_simplex,WIS,14.949493693218,0.09554763969685987,8,5,0.8353583409198008
2024-11-13,ARI incidence,2024-11-10,1,GB-ENG,ISI,FluABCaster,WIS,11.0136297080505,0.5363542547971901,8,1,1.0
2024-11-13,ARI incidence,2024-11-10,1,GB-ENG,ISI,FluBcast,WIS,13.7136090855391,0.22003596097446354,8,4,0.8870567972198034
2024-11-13,ARI incidence,2024-11-10,1,GB-ENG,ISI,GLEAM,WIS,34.9192682150719,-1.1283790614654237,8,8,0.0
2024-11-13,ARI incidence,2024-11-10,1,GB-ENG,ISI,SEIR_BRW,WIS,15.5403425332468,0.03962596067781748,8,6,0.8106424631215459
2024-11-13,ARI incidence,2024-11-10,1,GB-ENG,respicast,hubEnsemble,WIS,12.9727750594614,0.3001571386002505,8,2,0.9180467256360683
2024-11-13,ARI incidence,2024-11-10,1,GB-ENG,respicast,quantileBaseline,WIS,15.9730992380981,0.0,8,7,0.7925397588275696
2024-11-13,ARI incidence,2024-11-10,1,GB-NIR,ECDC,soca_simplex,WIS,8.38014563697146,-0.6692178890626536,7,3,0.860154549735704
2024-11-13,ARI incidence,2024-11-10,1,GB-NIR,ISI,FluABCaster,WIS,28.6676692273426,-2.4435952811348827,7,6,0.16645208758693653
2024-11-13,ARI incidence,2024-11-10,1,GB-NIR,ISI,FluBcast,WIS,14.1857029622873,-1.4286083115790962,7,4,0.6616419322258537
2024-11-13,ARI incidence,2024-11-10,1,GB-NIR,ISI,GLEAM,WIS,33.5356073389163,-2.669864397368878,7,7,0.0
2024-11-13,ARI incidence,2024-11-10,1,GB-NIR,ISI,SEIR_BRW,WIS,4.29032611628689,0.2966701133706237,7,1,1.0
2024-11-13,ARI incidence,2024-11-10,1,GB-NIR,respicast,hubEnsemble,WIS,14.2614915990696,-1.4362955475841106,7,5,0.6590504496476778
2024-11-13,ARI incidence,2024-11-10,1,GB-NIR,respicast,quantileBaseline,WIS,5.26983367045899,0.0,7,2,0.966507158993767
2024-11-13,ARI incidence,2024-11-10,1,GB-SCT,ECDC,SARIMA,WIS,3.8430810870938,0.4374723405840696,8,2,0.9918474781706154
2024-11-13,ARI incidence,2024-11-10,1,GB-SCT,ECDC,soca_simplex,WIS,6.75535615033249,-0.3762960746861545,8,4,0.8846309924887271
2024-11-13,ARI incidence,2024-11-10,1,GB-SCT,ISI,FluABCaster,WIS,24.851867812507,-2.255546623129782,8,7,0.2184012094537599
2024-11-13,ARI incidence,2024-11-10,1,GB-SCT,ISI,FluBcast,WIS,9.31791364638457,-0.8402712029035528,8,6,0.7902894886408933
2024-11-13,ARI incidence,2024-11-10,1,GB-SCT,ISI,GLEAM,WIS,30.7842054752103,-2.5643826712391835,8,8,0.0
2024-11-13,ARI incidence,2024-11-10,1,GB-SCT,ISI,SEIR_BRW,WIS,3.62163766003847,0.5230935436358383,8,1,1.0
2024-11-13,ARI incidence,2024-11-10,1,GB-SCT,respicast,hubEnsemble,WIS,8.04637958892489,-0.6286040414294277,8,5,0.8371014861704293
2024-11-13,ARI incidence,2024-11-10,1,GB-SCT,respicast,quantileBaseline,WIS,5.20441409930116,0.0,8,3,0.9417294988444126
2024-11-13,ARI incidence,2024-11-10,1,GB-WLS,ECDC,soca_simplex,WIS,76.6261022144802,-0.49619059464410575,7,3,0.38420010806832094
2024-11-13,ARI incidence,2024-11-10,1,GB-WLS,ISI,FluABCaster,WIS,35.2830330305141,0.6226707420761567,7,1,1.0
2024-11-13,ARI incidence,2024-11-10,1,GB-WLS,ISI,FluBcast,WIS,81.0292623369505,-0.5767976803215218,7,5,0.31861558371891285
2024-11-13,ARI incidence,2024-11-10,1,GB-WLS,ISI,GLEAM,WIS,95.2066250976013,-0.8094166426541592,7,6,0.10744552237110029
2024-11-13,ARI incidence,2024-11-10,1,GB-WLS,ISI,SEIR_BRW,WIS,102.420214646897,-0.9147832561166479,7,7,0.0
2024-11-13,ARI incidence,2024-11-10,1,GB-WLS,respicast,hubEnsemble,WIS,79.8149213714526,-0.5550131564943087,7,4,0.33670304190916805
2024-11-13,ARI incidence,2024-11-10,1,GB-WLS,respicast,quantileBaseline,WIS,54.3260941621946,0.0,7,2,0.7163559644119231
2024-11-13,ARI incidence,2024-11-10,1,HU,ECDC,SARIMA,WIS,268.632573905065,-0.377685641126829,6,5,0.7930318431741235
2024-11-13,ARI incidence,2024-11-10,1,HU,ECDC,soca_simplex,WIS,67.7085715677423,1.6105382243869384,6,1,1.0
2024-11-13,ARI incidence,2024-11-10,1,HU,ISI,GLEAM,WIS,1038.50526521739,-2.328488012682323,6,6,0.0
2024-11-13,ARI incidence,2024-11-10,1,HU,ISI,SEIR_BRW,WIS,203.943651242005,0.01977801607552241,6,2,0.8596667246958828
2024-11-13,ARI incidence,2024-11-10,1,HU,respicast,hubEnsemble,WIS,236.288112573535,-0.19259843768091403,6,4,0.8263492839350031
2024-11-13,ARI incidence,2024-11-10,1,HU,respicast,quantileBaseline,WIS,206.758782608696,0.0,6,3,0.8567669091267673
2024-11-13,ARI incidence,2024-11-10,1,LT,ECDC,SARIMA,WIS,135.805439107792,-0.5076704338281373,8,7,0.8166173103390831
2024-11-13,ARI incidence,2024-11-10,1,LT,ECDC,soca_simplex,WIS,74.3706235594829,0.3610660543437557,8,3,0.9291431514728472
2024-11-13,ARI incidence,2024-11-10,1,LT,ISI,FluABCaster,WIS,40.8190222160155,1.2265572985108875,8,2,0.9905972655425738
2024-11-13,ARI incidence,2024-11-10,1,LT,ISI,GLEAM,WIS,581.647330434783,-2.6062738426634158,8,8,0.0
2024-11-13,ARI incidence,2024-11-10,1,LT,ISI,SEIR_BRW,WIS,35.6854879875974,1.420461421786385,8,1,1.0
2024-11-13,ARI incidence,2024-11-10,1,LT,fjordhest,ensemble,WIS,89.7415043478261,0.09002355450664183,8,5,0.9009893876137363
2024-11-13,ARI incidence,2024-11-10,1,LT,respicast,hubEnsemble,WIS,75.2994580062578,0.3431594421563093,8,4,0.9274418705873342
2024-11-13,ARI incidence,2024-11-10,1,LT,respicast,quantileBaseline,WIS,95.5197408695652,0.0,8,6,0.8904057972004592
2024-11-13,ARI incidence,2024-11-10,1,LU,ECDC,SARIMA,WIS,4725.14460691711,0.11996914818102433,5,1,1.0
2024-11-13,ARI incidence,2024-11-10,1,LU,ECDC,soca_simplex,WIS,5814.31391412746,-0.17928133451387304,5,4,0.2439652894817042
2024-11-13,ARI incidence,2024-11-10,1,LU,fjordhest,ensemble,WIS,6165.77860434783,-0.2639554572816265,5,5,0.0
2024-11-13,ARI incidence,2024-11-10,1,LU,respicast,hubEnsemble,WIS,5410.61359215314,-0.07546458256657941,5,3,0.5241893593664169
2024-11-13,ARI incidence,2024-11-10,1,LU,respicast,quantileBaseline,WIS,5134.86956521739,0.0,5,2,0.7155939960940815
2024-11-13,ARI incidence,2024-11-10,1,LV,ECDC,SARIMA,WIS,383.577623638416,-0.02153545551186767,7,7,0.0
2024-11-13,ARI incidence,2024-11-10,1,LV,ECDC,soca_simplex,WIS,274.788771519191,0.45966005269622623,7,5,0.3240305046732356
2024-11-13,ARI incidence,2024-11-10,1,LV,ISI,FluABCaster,WIS,91.9817866671514,2.0385629801123586,7,4,0.8685259966789922
2024-11-13,ARI incidence,2024-11-10,1,LV,ISI,FluBcast,WIS,60.7524188114526,2.636969351543438,7,2,0.96154350380204
2024-11-13,ARI incidence,2024-11-10,1,LV,ISI,SEIR_BRW,WIS,47.8411712049276,2.9816584924706873,7,1,1.0
2024-11-13,ARI incidence,2024-11-10,1,LV,respicast,hubEnsemble,WIS,75.8432734533555,2.3168899678186,7,3,0.9165949897740839
2024-11-13,ARI incidence,2024-11-10,1,LV,respicast,quantileBaseline,WIS,377.894391304348,0.0,7,6,0.016927659456918504
2024-11-13,ARI incidence,2024-11-10,1,RO,ECDC,SARIMA,WIS,47.640990637666,0.27408971369819235,9,5,0.9384934577303777
2024-11-13,ARI incidence,2024-11-10,1,RO,ECDC,soca_simplex,WIS,18.3652809008008,1.6493121637776322,9,1,1.0
2024-11-13,ARI incidence,2024-11-10,1,RO,ISI,FluABCaster,WIS,86.8537013784318,-0.592294206150589,9,7,0.8561098614875753
2024-11-13,ARI incidence,2024-11-10,1,RO,ISI,FluBcast,WIS,149.291301330007,-1.373765075792899,9,8,0.7249321406004386
2024-11-13,ARI incidence,2024-11-10,1,RO,ISI,GLEAM,WIS,494.342447826087,-3.101145760600938,9,9,0.0
2024-11-13,ARI incidence,2024-11-10,1,RO,ISI,SEIR_BRW,WIS,32.335633044369,0.8331682716024269,9,2,0.9706491127845192
2024-11-13,ARI incidence,2024-11-10,1,RO,fjordhest,ensemble,WIS,41.8654217391304,0.4605339678816533,9,4,0.9506275878943193
2024-11-13,ARI incidence,2024-11-10,1,RO,respicast,hubEnsemble,WIS,40.7544494679687,0.4993355485902111,9,3,0.9529616752169074
2024-11-13,ARI incidence,2024-11-10,1,RO,respicast,quantileBaseline,WIS,57.6089565217391,0.0,9,6,0.9175513483673087
2024-11-13,ARI incidence,2024-11-10,1,SI,ECDC,SARIMA,WIS,241.615988632428,-0.05251519792838269,7,6,0.8113642503891911
2024-11-13,ARI incidence,2024-11-10,1,SI,ECDC,soca_simplex,WIS,102.569733960297,1.1835956417856206,7,1,1.0
2024-11-13,ARI incidence,2024-11-10,1,SI,ISI,GLEAM,WIS,839.684808695652,-1.8496471586858485,7,7,0.0
2024-11-13,ARI incidence,2024-11-10,1,SI,ISI,SEIR_BRW,WIS,203.686052238856,0.19385353581057085,7,2,0.8628215298474764
2024-11-13,ARI incidence,2024-11-10,1,SI,fjordhest,ensemble,WIS,226.164873913043,0.042825849335302826,7,3,0.8323258549594578
2024-11-13,ARI incidence,2024-11-10,1,SI,respicast,hubEnsemble,WIS,226.356096782463,0.04160656307144785,7,4,0.8320664343127037
2024-11-13,ARI incidence,2024-11-10,1,SI,respicast,quantileBaseline,WIS,232.979130434783,0.0,7,5,0.8230813600965811
2024-11-13,ARI incidence,2024-11-17,2,BE,ECDC,SARIMA,WIS,191.771429892147,-0.04069611800662542,8,7,0.7891964449876717
2024-11-13,ARI incidence,2024-11-17,2,BE,ECDC,soca_simplex,WIS,29.3608366525545,2.6667267014122555,8,1,1.0
2024-11-13,ARI incidence,2024-11-17,2,BE,ISI,FluABCaster,WIS,46.5349318417221,2.0023056863590485,8,2,0.9777085949396429
2024-11-13,ARI incidence,2024-11-17,2,BE,ISI,GLEAM,WIS,799.79657826087,-2.1009414232849344,8,8,0.0
2024-11-13,ARI incidence,2024-11-17,2,BE,ISI,SEIR_BRW,WIS,118.79472246175,0.6502209408185359,8,3,0.8839177870661885
2024-11-13,ARI incidence,2024-11-17,2,BE,fjordhest,ensemble,WIS,187.73502173913,-0.010006122624587858,8,6,0.7944355686874508
2024-11-13,ARI incidence,2024-11-17,2,BE,respicast,hubEnsemble,WIS,145.450652272132,0.35816191944369885,8,4,0.8493192756384389
2024-11-13,ARI incidence,2024-11-17,2,BE,respicast,quantileBaseline,WIS,186.43745,0.0,8,5,0.7961197737016436
2024-11-13,ARI incidence,2024-11-17,2,BG,ECDC,SARIMA,WIS,226.523437285144,0.18158074619328482,8,2,0.8912452783266805
2024-11-13,ARI incidence,2024-11-17,2,BG,ECDC,soca_simplex,WIS,340.207600215384,-0.40517429820358325,8,7,0.41301166707516923
2024-11-13,ARI incidence,2024-11-17,2,BG,ISI,FluABCaster,WIS,257.429761176823,-0.002937778746993507,8,4,0.7612320688852193
2024-11-13,ARI incidence,2024-11-17,2,BG,ISI,FluBcast,WIS,438.387411393838,-0.770965298009626,8,8,0.0
2024-11-13,ARI incidence,2024-11-17,2,BG,ISI,SEIR_BRW,WIS,289.685736560312,-0.17324757859963652,8,5,0.6255412989971425
2024-11-13,ARI incidence,2024-11-17,2,BG,fjordhest,ensemble,WIS,200.670613043478,0.35641171436887253,8,1,1.0
2024-11-13,ARI incidence,2024-11-17,2,BG,respicast,hubEnsemble,WIS,291.415223847375,-0.18183517445496197,8,6,0.61826588851263
2024-11-13,ARI incidence,2024-11-17,2,BG,respicast,quantileBaseline,WIS,256.906086956522,0.0,8,3,0.763435002055845
2024-11-13,ARI incidence,2024-11-17,2,CZ,ECDC,SARIMA,WIS,482.476556992778,-0.48946230489158626,8,6,0.6566635203626434
2024-11-13,ARI incidence,2024-11-17,2,CZ,ECDC,soca_simplex,WIS,506.893771547644,-0.5606868967139074,8,7,0.6295094125235309
2024-11-13,ARI incidence,2024-11-17,2,CZ,ISI,FluABCaster,WIS,338.865701516633,0.02028291920297947,8,3,0.8163715266835075
2024-11-13,ARI incidence,2024-11-17,2,CZ,ISI,GLEAM,WIS,1072.9542173913,-1.6425200727444018,8,8,0.0
2024-11-13,ARI incidence,2024-11-17,2,CZ,ISI,SEIR_BRW,WIS,173.745350006022,0.9840221731072011,8,1,1.0
2024-11-13,ARI incidence,2024-11-17,2,CZ,fjordhest,ensemble,WIS,334.649447826087,0.03834590637257808,8,2,0.8210603746736369
2024-11-13,ARI incidence,2024-11-17,2,CZ,respicast,hubEnsemble,WIS,431.029798046599,-0.3267910692513305,8,5,0.7138768784735081
2024-11-13,ARI incidence,2024-11-17,2,CZ,respicast,quantileBaseline,WIS,343.663477826087,0.0,8,4,0.8110359739732623
2024-11-13,ARI incidence,2024-11-17,2,DE,ECDC,SARIMA,WIS,147.97078472547,0.007933485132271432,7,5,0.9330914024680214
2024-11-13,ARI incidence,2024-11-17,2,DE,ECDC,soca_simplex,WIS,67.1718860688389,1.1473164012051187,7,1,1.0
2024-11-13,ARI incidence,2024-11-17,2,DE,ISI,GLEAM,WIS,1274.77302608696,-3.098922648186805,7,7,0.0
2024-11-13,ARI incidence,2024-11-17,2,DE,ISI,SEIR_BRW,WIS,102.993386021161,0.5306941500471761,7,2,0.9703366461282202
2024-11-13,ARI incidence,2024-11-17,2,DE,fjordhest,ensemble,WIS,116.545339130435,0.3523545346420719,7,3,0.9591144365259086
2024-11-13,ARI incidence,2024-11-17,2,DE,respicast,hubEnsemble,WIS,119.372930514643,0.3177701217804433,7,4,0.9567729420617963
2024-11-13,ARI incidence,2024-11-17,2,DE,respicast,quantileBaseline,WIS,148.78672826087,0.0,7,6,0.9324157294263514
2024-11-13,ARI incidence,2024-11-17,2,EE,ECDC,SARIMA,WIS,15.3167811822188,0.27253460341207053,7,3,0.984781617699588
2024-11-13,ARI incidence,2024-11-17,2,EE,ECDC,soca_simplex,WIS,30.9374252690539,-0.7417053846586643,7,6,0.9085200614070017
2024-11-13,ARI incidence,2024-11-17,2,EE,ISI,FluABCaster,WIS,217.029464494432,-3.5521712644295502,7,7,0.0
2024-11-13,ARI incidence,2024-11-17,2,EE,ISI,FluBcast,WIS,12.1996020286741,0.600813665078879,7,1,1.0
2024-11-13,ARI incidence,2024-11-17,2,EE,ISI,SEIR_BRW,WIS,19.7600692071079,-0.09494024926488752,7,5,0.9630890384467367
2024-11-13,ARI incidence,2024-11-17,2,EE,respicast,hubEnsemble,WIS,13.8094303767469,0.42199393922262013,7,2,0.9921406560122945
2024-11-13,ARI incidence,2024-11-17,2,EE,respicast,quantileBaseline,WIS,18.5015706521739,0.0,7,4,0.969233155031028
2024-11-13,ARI incidence,2024-11-17,2,ES,ECDC,SARIMA,WIS,48.8535442043144,0.03360828677306454,8,5,0.5832870719774882
2024-11-13,ARI incidence,2024-11-17,2,ES,ECDC,soca_simplex,WIS,28.5229757899953,0.8099470113384385,8,3,0.7806436432751827
2024-11-13,ARI incidence,2024-11-17,2,ES,ISI,FluABCaster,WIS,5.92611272034496,3.0769135436200568,8,1,1.0
2024-11-13,ARI incidence,2024-11-17,2,ES,ISI,FluBcast,WIS,108.940510876119,-1.123397115971648,8,8,0.0
2024-11-13,ARI incidence,2024-11-17,2,ES,ISI,SEIR_BRW,WIS,27.8712474221307,0.8432939427313116,8,2,0.7869702187785319
2024-11-13,ARI incidence,2024-11-17,2,ES,fjordhest,ensemble,WIS,66.8486869565217,-0.4188277064114904,8,7,0.40860136712100975
2024-11-13,ARI incidence,2024-11-17,2,ES,respicast,hubEnsemble,WIS,37.969224669319,0.3972409772768394,8,4,0.6889453074266397
2024-11-13,ARI incidence,2024-11-17,2,ES,respicast,quantileBaseline,WIS,50.0049708695652,0.0,8,6,0.5721097347715798
2024-11-13,ARI incidence,2024-11-17,2,FR,ECDC,soca_simplex,WIS,8.04391219108386,1.0405677437470053,7,1,1.0
2024-11-13,ARI incidence,2024-11-17,2,FR,ISI,FluABCaster,WIS,145.798533581262,-3.13936732237709,7,7,0.0
2024-11-13,ARI incidence,2024-11-17,2,FR,ISI,FluBcast,WIS,11.4455406914321,0.5317513639154006,7,3,0.9753066106529129
2024-11-13,ARI incidence,2024-11-17,2,FR,ISI,SEIR_BRW,WIS,59.3805406434999,-1.8434532468780445,7,6,0.6273328042693431
2024-11-13,ARI incidence,2024-11-17,2,FR,fjordhest,ensemble,WIS,12.1193608695652,0.4492233634515594,7,4,0.970415158218627
2024-11-13,ARI incidence,2024-11-17,2,FR,respicast,hubEnsemble,WIS,10.5927264511666,0.6434630109010318,7,2,0.9814974319238012
2024-11-13,ARI incidence,2024-11-17,2,FR,respicast,quantileBaseline,WIS,16.546625,0.0,7,5,0.938276387949026
2024-11-13,ARI incidence,2024-11-17,2,GB-ENG,ECDC,SARIMA,WIS,21.3452243373726,0.18851372970221986,8,2,0.9939068013399341
2024-11-13,ARI incidence,2024-11-17,2,GB-ENG,ECDC,soca_simplex,WIS,35.3361449681567,-0.5387176011963484,8,7,0.7779873347056349
2024-11-13,ARI incidence,2024-11-17,2,GB-ENG,ISI,FluABCaster,WIS,29.9170524199218,-0.2985409855493173,8,6,0.8616192559733641
2024-11-13,ARI incidence,2024-11-17,2,GB-ENG,ISI,FluBcast,WIS,23.3988264798705,0.05599087881556149,8,3,0.9622139134315026
2024-11-13,ARI incidence,2024-11-17,2,GB-ENG,ISI,GLEAM,WIS,85.7473432787621,-1.8176649177381812,8,8,0.0
2024-11-13,ARI incidence,2024-11-17,2,GB-ENG,ISI,SEIR_BRW,WIS,27.9054365373224,-0.1981191602644978,8,5,0.8926641771694902
2024-11-13,ARI incidence,2024-11-17,2,GB-ENG,respicast,hubEnsemble,WIS,20.9504037120282,0.21544901025822952,8,1,1.0
2024-11-13,ARI incidence,2024-11-17,2,GB-ENG,respicast,quantileBaseline,WIS,24.3247850260674,0.0,8,4,0.9479237547853021
2024-11-13,ARI incidence,2024-11-17,2,GB-NIR,ECDC,soca_simplex,WIS,5.03859869928859,0.6177237283202429,7,1,1.0
2024-11-13,ARI incidence,2024-11-17,2,GB-NIR,ISI,FluABCaster,WIS,39.5161085681989,-2.35362269105791,7,6,0.23475809890162172
2024-11-13,ARI incidence,2024-11-17,2,GB-NIR,ISI,FluBcast,WIS,16.4885731244368,-1.092648366899189,7,4,0.7458633111862507
2024-11-13,ARI incidence,2024-11-17,2,GB-NIR,ISI,GLEAM,WIS,50.0929923745742,-2.6957906051300218,7,7,0.0
2024-11-13,ARI incidence,2024-11-17,2,GB-NIR,ISI,SEIR_BRW,WIS,12.077015159841,-0.6434457455035173,7,3,0.843779576498589
2024-11-13,ARI incidence,2024-11-17,2,GB-NIR,respicast,hubEnsemble,WIS,16.535365506864,-1.096736745575653,7,5,0.7448247358418695
2024-11-13,ARI incidence,2024-11-17,2,GB-NIR,respicast,quantileBaseline,WIS,7.73148898482777,0.0,7,2,0.9402302402525428
2024-11-13,ARI incidence,2024-11-17,2,GB-SCT,ECDC,SARIMA,WIS,14.2494853818854,-0.17219689053508028,8,5,0.6603980272452065
2024-11-13,ARI incidence,2024-11-17,2,GB-SCT,ECDC,soca_simplex,WIS,6.10295418369956,1.0511332620428198,8,3,0.9555166109206039
2024-11-13,ARI incidence,2024-11-17,2,GB-SCT,ISI,FluABCaster,WIS,22.9160208753654,-0.8576436301481479,8,7,0.3464416183164655
2024-11-13,ARI incidence,2024-11-17,2,GB-SCT,ISI,FluBcast,WIS,5.34839771160748,1.2415342723409384,8,2,0.9828513908323913
2024-11-13,ARI incidence,2024-11-17,2,GB-SCT,ISI,GLEAM,WIS,32.4792866542136,-1.3608070198578524,8,8,0.0
2024-11-13,ARI incidence,2024-11-17,2,GB-SCT,ISI,SEIR_BRW,WIS,16.7291937327729,-0.40365498908286934,8,6,0.5705673988907798
2024-11-13,ARI incidence,2024-11-17,2,GB-SCT,respicast,hubEnsemble,WIS,4.87502298254237,1.3752320016055597,8,1,1.0
2024-11-13,ARI incidence,2024-11-17,2,GB-SCT,respicast,quantileBaseline,WIS,12.6462787676856,0.0,8,4,0.7184762514379816
2024-11-13,ARI incidence,2024-11-17,2,HU,ECDC,SARIMA,WIS,327.900044355409,-0.03093958810656966,6,3,0.8430083015296095
2024-11-13,ARI incidence,2024-11-17,2,HU,ECDC,soca_simplex,WIS,94.0034291626586,1.7715312176666453,6,1,1.0
2024-11-13,ARI incidence,2024-11-17,2,HU,ISI,GLEAM,WIS,1583.86956521739,-2.303065117635193,6,6,0.0
2024-11-13,ARI incidence,2024-11-17,2,HU,ISI,SEIR_BRW,WIS,556.928533576543,-0.7951757005278733,6,5,0.6892840952545293
2024-11-13,ARI incidence,2024-11-17,2,HU,respicast,hubEnsemble,WIS,439.986718303675,-0.45514346559182933,6,4,0.7677755868341273
2024-11-13,ARI incidence,2024-11-17,2,HU,respicast,quantileBaseline,WIS,320.942869565217,0.0,6,2,0.8476779658852374
2024-11-13,ARI incidence,2024-11-17,2,LT,ECDC,SARIMA,WIS,159.946395278282,-0.45229007378353797,8,7,0.8615103778957897
2024-11-13,ARI incidence,2024-11-17,2,LT,ECDC,soca_simplex,WIS,47.1336991543058,1.3104675882040686,8,1,1.0
2024-11-13,ARI incidence,2024-11-17,2,LT,ISI,FluABCaster,WIS,55.97212956375,1.0625178610238668,8,2,0.9891498835729169
2024-11-13,ARI incidence,2024-11-17,2,LT,ISI,GLEAM,WIS,861.726839130435,-2.881932213471883,8,8,0.0
2024-11-13,ARI incidence,2024-11-17,2,LT,ISI,SEIR_BRW,WIS,64.0783147298939,0.8673902946859955,8,3,0.9791986763157805
2024-11-13,ARI incidence,2024-11-17,2,LT,fjordhest,ensemble,WIS,108.199434782609,0.1116054421648877,8,5,0.925035293533048
2024-11-13,ARI incidence,2024-11-17,2,LT,respicast,hubEnsemble,WIS,88.0922427316533,0.40821151660008137,8,4,0.9497190173016338
2024-11-13,ARI incidence,2024-11-17,2,LT,respicast,quantileBaseline,WIS,116.901902173913,0.0,8,6,0.9143520862185855
2024-11-13,ARI incidence,2024-11-17,2,LU,ECDC,SARIMA,WIS,1402.65742267421,0.6522212020813987,5,1,1.0
2024-11-13,ARI incidence,2024-11-17,2,LU,ECDC,soca_simplex,WIS,4920.46003152059,-1.1584093064551813,5,5,0.0
2024-11-13,ARI incidence,2024-11-17,2,LU,fjordhest,ensemble,WIS,1646.65896956522,0.4208421007607333,5,3,0.9306380789310327
2024-11-13,ARI incidence,2024-11-17,2,LU,respicast,hubEnsemble,WIS,1467.7366191629,0.5867907939637612,5,2,0.9815000431448222
2024-11-13,ARI incidence,2024-11-17,2,LU,respicast,quantileBaseline,WIS,2204.39673913043,0.0,5,4,0.7720908744453002
2024-11-13,ARI incidence,2024-11-17,2,LV,ECDC,SARIMA,WIS,518.130147523166,0.5804282006560756,7,6,0.34046503469379413
2024-11-13,ARI incidence,2024-11-17,2,LV,ECDC,soca_simplex,WIS,72.7982561624886,3.4117669331559037,7,5,0.931285140569186
2024-11-13,ARI incidence,2024-11-17,2,LV,ISI,FluABCaster,WIS,37.4293602096953,4.371500437053035,7,3,0.9782089186702262
2024-11-13,ARI incidence,2024-11-17,2,LV,ISI,FluBcast,WIS,22.9180714835835,5.07918517623171,7,2,0.997460989559095
2024-11-13,ARI incidence,2024-11-17,2,LV,ISI,SEIR_BRW,WIS,38.2862591619366,4.338844119546191,7,4,0.9770720741290889
2024-11-13,ARI incidence,2024-11-17,2,LV,respicast,hubEnsemble,WIS,21.0042870497288,5.2049870079831075,7,1,1.0
2024-11-13,ARI incidence,2024-11-17,2,LV,respicast,quantileBaseline,WIS,774.75638,0.0,7,7,0.0
2024-11-13,ARI incidence,2024-11-17,2,RO,ECDC,SARIMA,WIS,573.003208742687,-0.07033231582574576,9,4,0.3784002426375617
2024-11-13,ARI incidence,2024-11-17,2,RO,ECDC,soca_simplex,WIS,660.102395161817,-0.27447893077421837,9,7,0.27353591424115276
2024-11-13,ARI incidence,2024-11-17,2,RO,ISI,FluABCaster,WIS,887.298391656972,-0.7012084513405439,9,9,0.0
2024-11-13,ARI incidence,2024-11-17,2,RO,ISI,FluBcast,WIS,509.033072700434,0.10045150850994596,9,2,0.45541801546975924
2024-11-13,ARI incidence,2024-11-17,2,RO,ISI,GLEAM,WIS,56.7091173913043,3.266558294292258,9,1,1.0
2024-11-13,ARI incidence,2024-11-17,2,RO,ISI,SEIR_BRW,WIS,693.355730752843,-0.3453848244760539,9,8,0.23350007869484665
2024-11-13,ARI incidence,2024-11-17,2,RO,fjordhest,ensemble,WIS,611.4759,-0.16408473708686927,9,5,0.3320804881580362
2024-11-13,ARI incidence,2024-11-17,2,RO,respicast,hubEnsemble,WIS,617.774283787196,-0.17886891478075073,9,6,0.32449745767312593
2024-11-13,ARI incidence,2024-11-17,2,RO,respicast,quantileBaseline,WIS,545.738907608696,0.0,9,3,0.4112254933104598
2024-11-13,ARI incidence,2024-11-17,2,SI,ECDC,SARIMA,WIS,291.854424409287,0.012362320135591494,7,2,0.8364880205081481
2024-11-13,ARI incidence,2024-11-17,2,SI,ECDC,soca_simplex,WIS,110.092356803264,1.4188969464464736,7,1,1.0
2024-11-13,ARI incidence,2024-11-17,2,SI,ISI,GLEAM,WIS,1221.70551304348,-2.053213407135168,7,7,0.0
2024-11-13,ARI incidence,2024-11-17,2,SI,ISI,SEIR_BRW,WIS,471.242586734815,-0.6788586638055657,7,6,0.6751115908405931
2024-11-13,ARI incidence,2024-11-17,2,SI,fjordhest,ensemble,WIS,306.58442173913,-0.058673132934623874,7,5,0.823237010255927
2024-11-13,ARI incidence,2024-11-17,2,SI,respicast,hubEnsemble,WIS,306.370555041449,-0.05766638872545908,7,4,0.8234294033528243
2024-11-13,ARI incidence,2024-11-17,2,SI,respicast,quantileBaseline,WIS,294.366043478261,0.0,7,3,0.8342285842511421
2024-11-20,ARI incidence,2024-11-17,1,BE,ECDC,SARIMA,WIS,173.366489819514,0.021214955683411595,10,6,0.6699357974381974
2024-11-20,ARI incidence,2024-11-17,1,BE,ECDC,soca_simplex,WIS,124.515080709491,0.4987195355929004,10,3,0.7729655899696063
2024-11-20,ARI incidence,2024-11-17,1,BE,ISI,FluABCaster,WIS,491.01546216046,-1.4807284347304117,10,10,0.0
2024-11-20,ARI incidence,2024-11-17,1,BE,ISI,FluBcast,WIS,126.397013193429,0.4770776487185684,10,4,0.7689965107370796
2024-11-20,ARI incidence,2024-11-17,1,BE,ISI,LSTFlu,WIS,16.8670832327769,3.3827576012676475,10,1,1.0
2024-11-20,ARI incidence,2024-11-17,1,BE,ISI,SEIR_BRW,WIS,38.9439227005687,2.1755699065494842,10,2,0.9534389645753509
2024-11-20,ARI incidence,2024-11-17,1,BE,NotreDame,Rt_cocirc,WIS,423.574343478261,-1.2675751845763368,10,9,0.14223631605515846
2024-11-20,ARI incidence,2024-11-17,1,BE,fjordhest,ensemble,WIS,221.32,-0.3310938076561503,10,8,0.5687997136474315
2024-11-20,ARI incidence,2024-11-17,1,BE,respicast,hubEnsemble,WIS,155.839343307138,0.17498051807760903,10,5,0.7069013282537088
2024-11-20,ARI incidence,2024-11-17,1,BE,respicast,quantileBaseline,WIS,175.934695652174,0.0,10,7,0.6645193372185756
2024-11-20,ARI incidence,2024-11-17,1,BG,ECDC,SARIMA,WIS,53.1813887101361,-0.8606631731288088,11,3,0.8327228884176987
2024-11-20,ARI incidence,2024-11-17,1,BG,ECDC,soca_simplex,WIS,82.1403348609592,-1.4878325515196198,11,5,0.6299907695549041
2024-11-20,ARI incidence,2024-11-17,1,BG,ISI,FluABCaster,WIS,103.051882736439,-1.8150406805086359,11,8,0.4835958563071271
2024-11-20,ARI incidence,2024-11-17,1,BG,ISI,FluBcast,WIS,165.978923170442,-2.50266987026079,11,10,0.04306420938503845
2024-11-20,ARI incidence,2024-11-17,1,BG,ISI,GLEAM,WIS,89.2426086956522,-1.6074744091093072,11,7,0.5802700713032457
2024-11-20,ARI incidence,2024-11-17,1,BG,ISI,LSTFlu,WIS,29.5667113439889,-0.013715506583012765,11,2,0.9980415279070791
2024-11-20,ARI incidence,2024-11-17,1,BG,ISI,SEIR_BRW,WIS,172.130361470424,-2.5551714093917566,11,11,0.0
2024-11-20,ARI incidence,2024-11-17,1,BG,NotreDame,Rt_cocirc,WIS,140.771082608696,-2.2650208216440983,11,9,0.2195360637965296
2024-11-20,ARI incidence,2024-11-17,1,BG,fjordhest,ensemble,WIS,85.490147826087,-1.5454998912851508,11,6,0.606539823630371
2024-11-20,ARI incidence,2024-11-17,1,BG,respicast,hubEnsemble,WIS,77.5290967772117,-1.4044795802237644,11,4,0.662272540529238
2024-11-20,ARI incidence,2024-11-17,1,BG,respicast,quantileBaseline,WIS,29.2869565217391,0.0,11,1,1.0
2024-11-20,ARI incidence,2024-11-17,1,CZ,ECDC,SARIMA,WIS,106.801362406591,-0.9878919990292974,10,8,0.7390499107551358
2024-11-20,ARI incidence,2024-11-17,1,CZ,ECDC,soca_simplex,WIS,133.564628872245,-1.3104999462438793,10,9,0.644902877968479
2024-11-20,ARI incidence,2024-11-17,1,CZ,ISI,FluABCaster,WIS,32.620832590825,0.7231725418356139,10,1,1.0
2024-11-20,ARI incidence,2024-11-17,1,CZ,ISI,FluBcast,WIS,92.9715113244976,-0.7878225612972578,10,7,0.787700154735308
2024-11-20,ARI incidence,2024-11-17,1,CZ,ISI,LSTFlu,WIS,316.891782757691,-2.55695219825204,10,10,0.0
2024-11-20,ARI incidence,2024-11-17,1,CZ,ISI,SEIR_BRW,WIS,92.2845797276583,-0.7771234545136042,10,6,0.7901166225327951
2024-11-20,ARI incidence,2024-11-17,1,CZ,NotreDame,Rt_cocirc,WIS,53.975545652174,-0.003339776210560276,10,4,0.9248790175400833
2024-11-20,ARI incidence,2024-11-17,1,CZ,fjordhest,ensemble,WIS,47.278352173913,0.18778639355907645,10,2,0.9484382080740783
2024-11-20,ARI incidence,2024-11-17,1,CZ,respicast,hubEnsemble,WIS,80.9471977169087,-0.5880149905579626,10,5,0.829998932012869
2024-11-20,ARI incidence,2024-11-17,1,CZ,respicast,quantileBaseline,WIS,53.8507391304347,0.0,10,3,0.9253180582569276
2024-11-20,ARI incidence,2024-11-17,1,DE,ECDC,SARIMA,WIS,58.9298627616068,-0.04264330334705924,9,4,0.9077997282617872
2024-11-20,ARI incidence,2024-11-17,1,DE,ECDC,soca_simplex,WIS,111.514493811933,-0.9628037247919247,9,6,0.6820105105047067
2024-11-20,ARI incidence,2024-11-17,1,DE,ISI,FluABCaster,WIS,267.388901708904,-2.224512077769253,9,8,0.01271303851670375
2024-11-20,ARI incidence,2024-11-17,1,DE,ISI,LSTFlu,WIS,161.286114416772,-1.4951947299455783,9,7,0.468299868090699
2024-11-20,ARI incidence,2024-11-17,1,DE,ISI,SEIR_BRW,WIS,37.4571045836238,0.6111162187860733,9,1,1.0
2024-11-20,ARI incidence,2024-11-17,1,DE,NotreDame,Rt_cocirc,WIS,270.349673913043,-2.2403991081403785,9,9,0.0
2024-11-20,ARI incidence,2024-11-17,1,DE,fjordhest,ensemble,WIS,61.8644913043478,-0.11275597250696417,9,5,0.8951989460591139
2024-11-20,ARI incidence,2024-11-17,1,DE,respicast,hubEnsemble,WIS,57.2759802973546,-0.0015746429080000833,9,3,0.9149012105847927
2024-11-20,ARI incidence,2024-11-17,1,DE,respicast,quantileBaseline,WIS,57.2134999999999,0.0,9,2,0.9151694900646172
2024-11-20,ARI incidence,2024-11-17,1,EE,ECDC,SARIMA,WIS,14.7342666862336,-0.3417125445202513,10,6,0.910884943958104
2024-11-20,ARI incidence,2024-11-17,1,EE,ECDC,soca_simplex,WIS,13.1983459786858,-0.18289442602420855,10,5,0.9276055078574993
2024-11-20,ARI incidence,2024-11-17,1,EE,ISI,FluABCaster,WIS,66.0079889011733,-2.505177927577211,10,8,0.35270147495368886
2024-11-20,ARI incidence,2024-11-17,1,EE,ISI,FluBcast,WIS,6.54831908586706,0.8282661876988391,10,1,1.0
2024-11-20,ARI incidence,2024-11-17,1,EE,ISI,GLEAM,WIS,13.0786608695652,-0.1697521143098823,10,4,0.9289084413390409
2024-11-20,ARI incidence,2024-11-17,1,EE,ISI,LSTFlu,WIS,98.4065074094882,-3.0812910051790783,10,10,0.0
2024-11-20,ARI incidence,2024-11-17,1,EE,ISI,SEIR_BRW,WIS,17.4451059183583,-0.5853596410721611,10,7,0.8813738107472651
2024-11-20,ARI incidence,2024-11-17,1,EE,NotreDame,Rt_cocirc,WIS,83.2108565217391,-2.8393090532482983,10,9,0.16542510978132982
2024-11-20,ARI incidence,2024-11-17,1,EE,respicast,hubEnsemble,WIS,9.92593150027133,0.2281883122262357,10,2,0.9632301433759529
2024-11-20,ARI incidence,2024-11-17,1,EE,respicast,quantileBaseline,WIS,11.6268695652174,0.0,10,3,0.9447131434656827
2024-11-20,ARI incidence,2024-11-17,1,ES,ECDC,SARIMA,WIS,17.4229850497271,-0.6208162773324747,10,6,0.8752206661075382
2024-11-20,ARI incidence,2024-11-17,1,ES,ECDC,soca_simplex,WIS,35.2308125875067,-1.6366622083067202,10,9,0.6581892535901068
2024-11-20,ARI incidence,2024-11-17,1,ES,ISI,FluABCaster,WIS,7.72978322196843,0.5516756820674785,10,2,0.9933557547381933
2024-11-20,ARI incidence,2024-11-17,1,ES,ISI,FluBcast,WIS,7.18461064824498,0.6571936614986196,10,1,1.0
2024-11-20,ARI incidence,2024-11-17,1,ES,ISI,LSTFlu,WIS,29.6629938273248,-1.3884886712863909,10,8,0.7260465802404076
2024-11-20,ARI incidence,2024-11-17,1,ES,ISI,SEIR_BRW,WIS,21.5022544124243,-0.9243123854676955,10,7,0.8255049110584164
2024-11-20,ARI incidence,2024-11-17,1,ES,NotreDame,Rt_cocirc,WIS,89.2364543478261,-2.977457649580306,10,10,0.0
2024-11-20,ARI incidence,2024-11-17,1,ES,fjordhest,ensemble,WIS,16.7968043478261,-0.5680112390003587,10,5,0.8828521911734911
2024-11-20,ARI incidence,2024-11-17,1,ES,respicast,hubEnsemble,WIS,9.9284204356823,0.1905394269875479,10,3,0.9665600471150495
2024-11-20,ARI incidence,2024-11-17,1,ES,respicast,quantileBaseline,WIS,11.3302173913044,0.0,10,4,0.9494757636618398
2024-11-20,ARI incidence,2024-11-17,1,FR,ECDC,soca_simplex,WIS,8.05216013902061,1.0155791443498698,4,1,1.0
2024-11-20,ARI incidence,2024-11-17,1,FR,NotreDame,Rt_cocirc,WIS,207.172832608696,-3.669736010112972,4,4,0.0
2024-11-20,ARI incidence,2024-11-17,1,FR,respicast,hubEnsemble,WIS,103.201427786378,-2.6643641114905976,4,3,0.5221527405104163
2024-11-20,ARI incidence,2024-11-17,1,FR,respicast,quantileBaseline,WIS,16.2791673913043,0.0,4,2,0.9586833092202588
2024-11-20,ARI incidence,2024-11-17,1,GB-ENG,ECDC,SARIMA,WIS,11.1051067533587,-0.4377106827446299,8,6,0.9389746644753918
2024-11-20,ARI incidence,2024-11-17,1,GB-ENG,ECDC,soca_simplex,WIS,8.38714562238284,-0.03273923145444366,8,3,0.996048316789158
2024-11-20,ARI incidence,2024-11-17,1,GB-ENG,ISI,FluABCaster,WIS,55.8209526393885,-2.7672941667919475,8,8,0.0
2024-11-20,ARI incidence,2024-11-17,1,GB-ENG,ISI,FluBcast,WIS,10.3182471862916,-0.3316853347197407,8,4,0.9554976930201098
2024-11-20,ARI incidence,2024-11-17,1,GB-ENG,ISI,GLEAM,WIS,53.4817187387884,-2.7055332511501766,8,7,0.0491208725547484
2024-11-20,ARI incidence,2024-11-17,1,GB-ENG,ISI,SEIR_BRW,WIS,10.9390419908522,-0.41597381784095716,8,5,0.9424618087207038
2024-11-20,ARI incidence,2024-11-17,1,GB-ENG,respicast,hubEnsemble,WIS,8.36237213495123,-0.028471572642638488,8,2,0.9965685278371222
2024-11-20,ARI incidence,2024-11-17,1,GB-ENG,respicast,quantileBaseline,WIS,8.19895858802324,0.0,8,1,1.0
2024-11-20,ARI incidence,2024-11-17,1,GB-NIR,ECDC,SARIMA,WIS,6.90302387726304,-0.26885856650182743,8,5,0.4882345700012802
2024-11-20,ARI incidence,2024-11-17,1,GB-NIR,ECDC,soca_simplex,WIS,7.2434050632615,-0.33829814745381576,8,6,0.4507897689204855
2024-11-20,ARI incidence,2024-11-17,1,GB-NIR,ISI,FluABCaster,WIS,9.07935139043643,-0.6642193301201694,8,7,0.24882018939034112
2024-11-20,ARI incidence,2024-11-17,1,GB-NIR,ISI,FluBcast,WIS,2.37781242202767,1.2687349980082538,8,2,0.9860459936637749
2024-11-20,ARI incidence,2024-11-17,1,GB-NIR,ISI,GLEAM,WIS,2.25096754399224,1.3478246528435671,8,1,1.0
2024-11-20,ARI incidence,2024-11-17,1,GB-NIR,ISI,SEIR_BRW,WIS,11.3411797009221,-0.9851289030082792,8,8,0.0
2024-11-20,ARI incidence,2024-11-17,1,GB-NIR,respicast,hubEnsemble,WIS,4.5859468623773,0.3211502695826784,8,3,0.7431325828182124
2024-11-20,ARI incidence,2024-11-17,1,GB-NIR,respicast,quantileBaseline,WIS,5.72934378421746,0.0,8,4,0.6173492785233287
2024-11-20,ARI incidence,2024-11-17,1,GB-SCT,ECDC,SARIMA,WIS,3.03954457626258,0.5078931654794528,8,3,0.9929262001526913
2024-11-20,ARI incidence,2024-11-17,1,GB-SCT,ECDC,soca_simplex,WIS,2.81964630343673,0.6162341399378655,8,1,1.0
2024-11-20,ARI incidence,2024-11-17,1,GB-SCT,ISI,FluABCaster,WIS,15.818395314473,-1.8717830068005445,8,7,0.5818496089676237
2024-11-20,ARI incidence,2024-11-17,1,GB-SCT,ISI,FluBcast,WIS,3.38906708324552,0.3508601483464233,8,4,0.9816825817979214
2024-11-20,ARI incidence,2024-11-17,1,GB-SCT,ISI,GLEAM,WIS,33.9059475237788,-2.9717181148744376,8,8,0.0
2024-11-20,ARI incidence,2024-11-17,1,GB-SCT,ISI,SEIR_BRW,WIS,13.9732466832487,-1.692847022534132,8,6,0.6412052916571064
2024-11-20,ARI incidence,2024-11-17,1,GB-SCT,respicast,hubEnsemble,WIS,3.00058891683672,0.5265026601182974,8,2,0.9941793456829279
2024-11-20,ARI incidence,2024-11-17,1,GB-SCT,respicast,quantileBaseline,WIS,4.32214760464882,0.0,8,5,0.9516667714643101
2024-11-20,ARI incidence,2024-11-17,1,HU,ECDC,SARIMA,WIS,50.7337999089734,1.1432365985338484,8,4,0.9923933787099626
2024-11-20,ARI incidence,2024-11-17,1,HU,ECDC,soca_simplex,WIS,41.3631994457409,1.437836036902141,8,3,0.9949603235287512
2024-11-20,ARI incidence,2024-11-17,1,HU,ISI,FluABCaster,WIS,22.9659225232427,2.2866890827510673,8,1,1.0
2024-11-20,ARI incidence,2024-11-17,1,HU,ISI,LSTFlu,WIS,497.569848654526,-2.1506433402962815,8,7,0.8699888983700019
2024-11-20,ARI incidence,2024-11-17,1,HU,ISI,SEIR_BRW,WIS,344.081644712163,-1.6184952079778858,8,6,0.9120348431737466
2024-11-20,ARI incidence,2024-11-17,1,HU,NotreDame,Rt_cocirc,WIS,3673.45361304348,-5.03480942730439,8,8,0.0
2024-11-20,ARI incidence,2024-11-17,1,HU,respicast,hubEnsemble,WIS,30.4148943989484,1.8814058242555258,8,2,0.9979594584320748
2024-11-20,ARI incidence,2024-11-17,1,HU,respicast,quantileBaseline,WIS,112.058782608696,0.0,8,5,0.9755942581817727
2024-11-20,ARI incidence,2024-11-17,1,IE,ECDC,SARIMA,WIS,4.69921228245714,-0.5411955265270318,9,6,0.9987574356954576
2024-11-20,ARI incidence,2024-11-17,1,IE,ISI,FluABCaster,WIS,1.49632364783113,1.1098011578729101,9,3,0.9998538914514801
2024-11-20,ARI incidence,2024-11-17,1,IE,ISI,FluBcast,WIS,2.14442709788875,0.5906311442302584,9,4,0.9996320239938884
2024-11-20,ARI incidence,2024-11-17,1,IE,ISI,GLEAM,WIS,1.06952173913043,1.5942576080010509,9,1,1.0
2024-11-20,ARI incidence,2024-11-17,1,IE,ISI,LSTFlu,WIS,15.1414713183392,-2.2292100806910584,9,8,0.9951827016563183
2024-11-20,ARI incidence,2024-11-17,1,IE,ISI,SEIR_BRW,WIS,4.82924096099601,-0.5805730353094822,9,7,0.9987129225358394
2024-11-20,ARI incidence,2024-11-17,1,IE,NotreDame,Rt_cocirc,WIS,2922.19845652174,-9.821615029436035,9,9,0.0
2024-11-20,ARI incidence,2024-11-17,1,IE,respicast,hubEnsemble,WIS,1.21519176900179,1.4100394120505741,9,2,0.9999501322834001
2024-11-20,ARI incidence,2024-11-17,1,IE,respicast,quantileBaseline,WIS,3.22930434782609,0.0,9,5,0.9992606342763652
2024-11-20,ARI incidence,2024-11-17,1,LT,ECDC,SARIMA,WIS,33.174951463019,0.07017128367986096,9,4,0.9484869246564603
2024-11-20,ARI incidence,2024-11-17,1,LT,ECDC,soca_simplex,WIS,31.8163209153566,0.13049861945158073,9,3,0.9528970760284097
2024-11-20,ARI incidence,2024-11-17,1,LT,ISI,FluABCaster,WIS,17.3053742392256,1.0090454975289123,9,1,1.0
2024-11-20,ARI incidence,2024-11-17,1,LT,ISI,LSTFlu,WIS,246.298255224035,-2.822068864188012,9,8,0.2566829371094604
2024-11-20,ARI incidence,2024-11-17,1,LT,ISI,SEIR_BRW,WIS,45.4117982297528,-0.38280152763035996,9,7,0.9087657902763329
2024-11-20,ARI incidence,2024-11-17,1,LT,NotreDame,Rt_cocirc,WIS,325.374289130435,-3.2237627110304663,9,9,0.0
2024-11-20,ARI incidence,2024-11-17,1,LT,fjordhest,ensemble,WIS,41.7796217391304,-0.2625337921857215,9,6,0.9205559330497608
2024-11-20,ARI incidence,2024-11-17,1,LT,respicast,hubEnsemble,WIS,31.109838956118,0.16289471192138552,9,2,0.9551903355073418
2024-11-20,ARI incidence,2024-11-17,1,LT,respicast,quantileBaseline,WIS,34.8284347826087,0.0,9,5,0.9431196732407385
2024-11-20,ARI incidence,2024-11-17,1,LU,ECDC,SARIMA,WIS,1056.4960521073,1.2236737328210785,7,3,0.9355275556244863
2024-11-20,ARI incidence,2024-11-17,1,LU,ECDC,soca_simplex,WIS,699.760873474827,1.8180272041731502,7,1,1.0
2024-11-20,ARI incidence,2024-11-17,1,LU,ISI,LSTFlu,WIS,2864.92657584155,-0.2155370560800088,7,6,0.6086914504907147
2024-11-20,ARI incidence,2024-11-17,1,LU,NotreDame,Rt_cocirc,WIS,6232.9027,-1.3369430823682589,7,7,0.0
2024-11-20,ARI incidence,2024-11-17,1,LU,fjordhest,ensemble,WIS,1081.89892608696,1.189395384069073,7,4,0.9309365158904455
2024-11-20,ARI incidence,2024-11-17,1,LU,respicast,hubEnsemble,WIS,1023.72838661995,1.2691281156616063,7,2,0.9414496278421667
2024-11-20,ARI incidence,2024-11-17,1,LU,respicast,quantileBaseline,WIS,2467.34782608696,0.0,7,5,0.6805455186168285
2024-11-20,ARI incidence,2024-11-17,1,LV,ECDC,soca_simplex,WIS,72.7331911544616,3.414116253429066,7,5,0.9532149299348851
2024-11-20,ARI incidence,2024-11-17,1,LV,ISI,FluABCaster,WIS,64.4571703693153,3.5883892727283997,7,4,0.9644431016095747
2024-11-20,ARI incidence,2024-11-17,1,LV,ISI,FluBcast,WIS,44.7540569179201,4.114711661672156,7,2,0.9911745400751731
2024-11-20,ARI incidence,2024-11-17,1,LV,ISI,SEIR_BRW,WIS,54.854020680169,3.8211327581722063,7,3,0.9774718041861803
2024-11-20,ARI incidence,2024-11-17,1,LV,NotreDame,Rt_cocirc,WIS,743.959645652174,0.059577666347857806,7,6,0.04255435290730685
2024-11-20,ARI incidence,2024-11-17,1,LV,respicast,hubEnsemble,WIS,38.2490183513129,4.3413074070999675,7,1,1.0
2024-11-20,ARI incidence,2024-11-17,1,LV,respicast,quantileBaseline,WIS,775.325456521739,0.0,7,7,0.0
2024-11-20,ARI incidence,2024-11-17,1,RO,ECDC,SARIMA,WIS,635.494732014729,0.12477024924967485,11,3,0.30592926131851633
2024-11-20,ARI incidence,2024-11-17,1,RO,ECDC,soca_simplex,WIS,839.983506085858,-0.2777105842215196,11,10,0.022276769934110128
2024-11-20,ARI incidence,2024-11-17,1,RO,ISI,FluABCaster,WIS,753.646707741182,-0.12123796448630322,11,9,0.14203712382083253
2024-11-20,ARI incidence,2024-11-17,1,RO,ISI,FluBcast,WIS,747.823538233822,-0.1100474664869304,11,8,0.15011461631898715
2024-11-20,ARI incidence,2024-11-17,1,RO,ISI,GLEAM,WIS,135.1301,2.358301346864516,11,1,1.0
2024-11-20,ARI incidence,2024-11-17,1,RO,ISI,LSTFlu,WIS,588.730775166597,0.2350423704868166,11,2,0.3707969437975141
2024-11-20,ARI incidence,2024-11-17,1,RO,ISI,SEIR_BRW,WIS,724.848053012345,-0.06502818525963609,11,7,0.18198459868569977
2024-11-20,ARI incidence,2024-11-17,1,RO,NotreDame,Rt_cocirc,WIS,856.043119565217,-0.3050330529490082,11,11,0.0
2024-11-20,ARI incidence,2024-11-17,1,RO,fjordhest,ensemble,WIS,665.397713043478,0.05843350747171744,11,4,0.2644499424309431
2024-11-20,ARI incidence,2024-11-17,1,RO,respicast,hubEnsemble,WIS,719.979672649676,-0.05530576000018029,11,6,0.18873767461933333
2024-11-20,ARI incidence,2024-11-17,1,RO,respicast,quantileBaseline,WIS,692.901565217391,0.0,11,5,0.2262985268960974
2024-11-20,ARI incidence,2024-11-17,1,SI,ECDC,SARIMA,WIS,74.2954389919564,0.15025041208420162,9,4,0.9352479411840703
2024-11-20,ARI incidence,2024-11-17,1,SI,ECDC,soca_simplex,WIS,40.4728270624929,1.026570432261622,9,2,0.9987137633617986
2024-11-20,ARI incidence,2024-11-17,1,SI,ISI,FluABCaster,WIS,39.7873576055383,1.0512139696757918,9,1,1.0
2024-11-20,ARI incidence,2024-11-17,1,SI,ISI,LSTFlu,WIS,444.60474215954,-2.430927372833502,9,8,0.24038781522439184
2024-11-20,ARI incidence,2024-11-17,1,SI,ISI,SEIR_BRW,WIS,251.886642066037,-1.6111786523595533,9,7,0.6020101729675336
2024-11-20,ARI incidence,2024-11-17,1,SI,NotreDame,Rt_cocirc,WIS,572.713754347826,-2.7962182883637934,9,9,0.0
2024-11-20,ARI incidence,2024-11-17,1,SI,fjordhest,ensemble,WIS,79.4620826086956,0.053257453024207674,9,5,0.9255530871698533
2024-11-20,ARI incidence,2024-11-17,1,SI,respicast,hubEnsemble,WIS,71.1603992926316,0.21244945247805902,9,3,0.9411306291471528
2024-11-20,ARI incidence,2024-11-17,1,SI,respicast,quantileBaseline,WIS,82.4502608695652,0.0,9,6,0.9199459746696357
2024-10-23,ILI incidence,2024-10-20,1,AT,ECDC,SARIMA,AE,507.52844696058,0.08947071968019982,10,3,0.8262192968569634
2024-10-23,ILI incidence,2024-10-20,1,AT,ItaLuxColab,EpiEKF,AE,257.64087876758,1.0675978894589953,10,1,1.0
2024-10-23,ILI incidence,2024-10-20,1,AT,ItaLuxColab,EpiNetEKF,AE,609.31794780584,-0.17423582910591204,10,5,0.7554312574303446
2024-10-23,ILI incidence,2024-10-20,1,AT,MRC_GIDA,CATBoost,AE,764.262531177627,-0.5011088950793258,10,6,0.6476772829478786
2024-10-23,ILI incidence,2024-10-20,1,AT,MRC_GIDA,NBEATS,AE,1695.5886121665,-1.6507548697879997,10,10,0.0
2024-10-23,ILI incidence,2024-10-20,1,AT,MRC_GIDA,NHiTS,AE,1508.32456632802,-1.4819155935709063,10,9,0.13023007824897675
2024-10-23,ILI incidence,2024-10-20,1,AT,MRC_GIDA,Prophet,AE,1233.0412752883,-1.191189781477775,10,8,0.3216718703571117
2024-10-23,ILI incidence,2024-10-20,1,AT,RIVM,KFdlm,AE,382.749956671249,0.4965571928696003,10,2,0.9129946972356603
2024-10-23,ILI incidence,2024-10-20,1,AT,respicast,hubEnsemble,AE,764.26253117763,-0.5011088950793312,10,7,0.6476772829478765
2024-10-23,ILI incidence,2024-10-20,1,AT,respicast,quantileBaseline,AE,540.0,0.0,10,4,0.8036374238964866
2024-10-23,ILI incidence,2024-10-20,1,BE,ECDC,SARIMA,AE,18.463423697533,0.2658895778999954,18,2,0.9181089791795822
2024-10-23,ILI incidence,2024-10-20,1,BE,ECDC,soca_simplex,AE,164.530472962555,-2.889723230968303,18,18,0.0
2024-10-23,ILI incidence,2024-10-20,1,BE,ISI,FluABCaster,AE,43.8021254466311,-0.9804412000299972,18,13,0.758841781590131
2024-10-23,ILI incidence,2024-10-20,1,BE,ISI,FluBcast,AE,29.6719607825418,-0.41854058956806,18,8,0.8476573708737097
2024-10-23,ILI incidence,2024-10-20,1,BE,ISI,RC_AdaptEns2,AE,47.4965489914667,-1.0972630172099724,18,15,0.7356203675445043
2024-10-23,ILI incidence,2024-10-20,1,BE,ISI,SEIR_BRW,AE,44.8434428848908,-1.01433736968303,18,14,0.7522965484588183
2024-10-23,ILI incidence,2024-10-20,1,BE,ItaLuxColab,EpiEKF,AE,42.920896349257,-0.9511205287158123,18,12,0.7643807744778803
2024-10-23,ILI incidence,2024-10-20,1,BE,ItaLuxColab,EpiNetEKF,AE,37.027349651887,-0.738031611229581,18,11,0.8014248454664855
2024-10-23,ILI incidence,2024-10-20,1,BE,MRC_GIDA,CATBoost,AE,34.8517392353921,-0.650670977327932,18,10,0.815099712376109
2024-10-23,ILI incidence,2024-10-20,1,BE,MRC_GIDA,NBEATS,AE,25.527673827941,-0.20150240367680036,18,6,0.8737064153670522
2024-10-23,ILI incidence,2024-10-20,1,BE,MRC_GIDA,NHiTS,AE,5.43492703341397,2.030227104975284,18,1,1.0
2024-10-23,ILI incidence,2024-10-20,1,BE,MRC_GIDA,Prophet,AE,20.9506565205119,0.08356422291107543,18,3,0.9024753999460902
2024-10-23,ILI incidence,2024-10-20,1,BE,QMUL,ARIMA,AE,25.1175409340101,-0.17813555134976483,18,5,0.8762843184223241
2024-10-23,ILI incidence,2024-10-20,1,BE,RIVM,KFdlm,AE,74.4067992586744,-1.7448747835828577,18,16,0.5664751528871868
2024-10-23,ILI incidence,2024-10-20,1,BE,fjordhest,ensemble,AE,29.19,-0.39491453426479955,18,7,0.850686750355876
2024-10-23,ILI incidence,2024-10-20,1,BE,respicast,hubEnsemble,AE,34.851739235392,-0.650670977327928,18,9,0.8150997123761096
2024-10-23,ILI incidence,2024-10-20,1,BE,respicast,quantileBaseline,AE,22.2,0.0,18,4,0.894622612665392
2024-10-23,ILI incidence,2024-10-20,1,BE,safinea,syndromic,AE,139.2761905,-2.649317066175835,18,17,0.15873657753940448
2024-10-23,ILI incidence,2024-10-20,1,CH,ECDC,SARIMA,AE,22.1951559928994,0.10091289085992282,11,2,0.6303217656284109
2024-10-23,ILI incidence,2024-10-20,1,CH,ECDC,soca_simplex,AE,13.3206311072724,0.8374953028713239,11,1,1.0
2024-10-23,ILI incidence,2024-10-20,1,CH,ISI,FluABCaster,AE,31.6529409138564,-0.41118180929352594,11,9,0.2363471838107163
2024-10-23,ILI incidence,2024-10-20,1,CH,ISI,FluBcast,AE,32.412424361355,-0.4453891951977168,11,10,0.20471005353904956
2024-10-23,ILI incidence,2024-10-20,1,CH,ISI,SEIR_BRW,AE,28.2531553184933,-0.2472542578528959,11,6,0.3779690455254008
2024-10-23,ILI incidence,2024-10-20,1,CH,ItaLuxColab,EpiEKF,AE,25.5787693629647,-0.10378911627042069,11,4,0.48937357599995096
2024-10-23,ILI incidence,2024-10-20,1,CH,ItaLuxColab,EpiNetEKF,AE,27.4963569529847,-0.2080827465971077,11,5,0.40949432571134464
2024-10-23,ILI incidence,2024-10-20,1,CH,RIVM,KFdlm,AE,28.2947685873836,-0.24937759902454737,11,8,0.3762355983867588
2024-10-23,ILI incidence,2024-10-20,1,CH,respicast,hubEnsemble,AE,28.2739619529384,-0.24831631907717666,11,7,0.37710232195608184
2024-10-23,ILI incidence,2024-10-20,1,CH,respicast,quantileBaseline,AE,23.8032363454265,0.0,11,3,0.5633353845982945
2024-10-23,ILI incidence,2024-10-20,1,CH,safinea,syndromic,AE,37.326710071355,-0.6490506177758961,11,11,0.0
2024-10-23,ILI incidence,2024-10-20,1,CZ,ECDC,SARIMA,AE,4.3470609121662,-0.3975742867106819,17,10,0.6822768487518854
2024-10-23,ILI incidence,2024-10-20,1,CZ,ECDC,soca_simplex,AE,3.83677272439109,-0.21742728331424666,17,7,0.7258194562408753
2024-10-23,ILI incidence,2024-10-20,1,CZ,ISI,FluABCaster,AE,3.67362268529201,-0.15473743158841008,17,6,0.7397409584125764
2024-10-23,ILI incidence,2024-10-20,1,CZ,ISI,FluBcast,AE,5.92870166453791,-0.8452501768913597,17,14,0.5473163222905848
2024-10-23,ILI incidence,2024-10-20,1,CZ,ISI,RC_AdaptEns2,AE,5.31084341847865,-0.6864749700859039,17,13,0.6000378230748643
2024-10-23,ILI incidence,2024-10-20,1,CZ,ItaLuxColab,EpiEKF,AE,4.5980834909459,-0.47856663794864535,17,11,0.6608572316011636
2024-10-23,ILI incidence,2024-10-20,1,CZ,ItaLuxColab,EpiNetEKF,AE,6.0007394251968,-0.8626742594729292,17,15,0.5411693802058932
2024-10-23,ILI incidence,2024-10-20,1,CZ,MRC_GIDA,CATBoost,AE,2.24394069109096,0.556431479451172,17,2,0.861734928484656
2024-10-23,ILI incidence,2024-10-20,1,CZ,MRC_GIDA,NBEATS,AE,3.33575791376785,-0.015548567285227107,17,4,0.7685707716108338
2024-10-23,ILI incidence,2024-10-20,1,CZ,MRC_GIDA,NHiTS,AE,0.623573036397762,2.403835572811297,17,1,1.0
2024-10-23,ILI incidence,2024-10-20,1,CZ,MRC_GIDA,Prophet,AE,5.06376773318965,-0.6177452077319011,17,12,0.6211206539973654
2024-10-23,ILI incidence,2024-10-20,1,CZ,QMUL,ARIMA,AE,4.16640059760513,-0.33633553607719385,17,8,0.6976924929980677
2024-10-23,ILI incidence,2024-10-20,1,CZ,RIVM,KFdlm,AE,10.523697592297,-1.6731037675179012,17,16,0.1552278732745998
2024-10-23,ILI incidence,2024-10-20,1,CZ,fjordhest,ensemble,AE,3.6,-0.12553088208385899,17,5,0.7460231412354486
2024-10-23,ILI incidence,2024-10-20,1,CZ,respicast,hubEnsemble,AE,4.2567307548857,-0.3672798157364764,17,9,0.6899846708749736
2024-10-23,ILI incidence,2024-10-20,1,CZ,respicast,quantileBaseline,AE,3.3,0.0,17,3,0.771621974521501
2024-10-23,ILI incidence,2024-10-20,1,CZ,safinea,syndromic,AE,12.34285714,-1.9031384604134538,17,17,0.0
2024-10-23,ILI incidence,2024-10-20,1,DK,ECDC,SARIMA,AE,9.48932104559302,-2.398307960544217,16,8,0.884160116326166
2024-10-23,ILI incidence,2024-10-20,1,DK,ECDC,soca_simplex,AE,22.030353085923,-3.6134238059871118,16,13,0.719476415068108
2024-10-23,ILI incidence,2024-10-20,1,DK,ISI,FluABCaster,AE,4.48455595026726,-1.3169682335365347,16,4,0.9498806437257352
2024-10-23,ILI incidence,2024-10-20,1,DK,ISI,RC_AdaptEns2,AE,6.70907499303718,-1.8981169634546609,16,6,0.9206691698769895
2024-10-23,ILI incidence,2024-10-20,1,DK,ItaLuxColab,EpiEKF,AE,7.25862677843602,-2.0116997315656344,16,7,0.9134526806948062
2024-10-23,ILI incidence,2024-10-20,1,DK,ItaLuxColab,EpiNetEKF,AE,0.667854916256999,1.4303902734887095,16,1,1.0
2024-10-23,ILI incidence,2024-10-20,1,DK,MRC_GIDA,CATBoost,AE,24.0533132086326,-3.740166819144501,16,14,0.6929117304844215
2024-10-23,ILI incidence,2024-10-20,1,DK,MRC_GIDA,NBEATS,AE,42.2670571810044,-4.553464857404088,16,15,0.45373629727518555
2024-10-23,ILI incidence,2024-10-20,1,DK,MRC_GIDA,NHiTS,AE,18.6141455498104,-3.3703305816186293,16,11,0.7643366546005069
2024-10-23,ILI incidence,2024-10-20,1,DK,MRC_GIDA,Prophet,AE,76.8200906537711,-5.4154148546964445,16,16,0.0
2024-10-23,ILI incidence,2024-10-20,1,DK,QMUL,ARIMA,AE,6.48141484892821,-1.8483118714819025,16,5,0.9236587097362483
2024-10-23,ILI incidence,2024-10-20,1,DK,RIVM,KFdlm,AE,18.7334659337403,-3.379549029869173,16,12,0.7627697881418363
2024-10-23,ILI incidence,2024-10-20,1,DK,fjordhest,ensemble,AE,3.94999999999999,-1.133855746734803,16,3,0.9569002137369141
2024-10-23,ILI incidence,2024-10-20,1,DK,respicast,hubEnsemble,AE,9.48932104559302,-2.398307960544217,16,8,0.884160116326166
2024-10-23,ILI incidence,2024-10-20,1,DK,respicast,quantileBaseline,AE,1.79999999999998,0.0,16,2,0.9851331340074463
2024-10-23,ILI incidence,2024-10-20,1,DK,safinea,syndromic,AE,12.0952381,-2.748370358006462,16,10,0.8499402798477045
2024-10-23,ILI incidence,2024-10-20,1,EE,ItaLuxColab,EpiEKF,AE,69.071887000362,-0.7880986377059774,6,3,0.43830060465343373
2024-10-23,ILI incidence,2024-10-20,1,EE,ItaLuxColab,EpiNetEKF,AE,35.075070949049,0.1895539779014365,6,1,1.0
2024-10-23,ILI incidence,2024-10-20,1,EE,RIVM,KFdlm,AE,95.3571668601749,-1.2533413727810458,6,4,0.004012117711375974
2024-10-23,ILI incidence,2024-10-20,1,EE,respicast,hubEnsemble,AE,95.357166860175,-1.2533413727810472,6,5,0.00401211771137433
2024-10-23,ILI incidence,2024-10-20,1,EE,respicast,quantileBaseline,AE,40.0,0.0,6,2,0.9186297426832982
2024-10-23,ILI incidence,2024-10-20,1,EE,safinea,syndromic,AE,95.6,-1.2570106182060237,6,6,0.0
2024-10-23,ILI incidence,2024-10-20,1,FR,ECDC,SARIMA,AE,23.294351001039,0.12484836061097994,18,5,0.9384117580758118
2024-10-23,ILI incidence,2024-10-20,1,FR,ECDC,soca_simplex,AE,21.9254778469113,0.2122202116885784,18,3,0.9574622842366818
2024-10-23,ILI incidence,2024-10-20,1,FR,ISI,FluABCaster,AE,27.9777504246742,-0.1394514690206003,18,9,0.8732331672233808
2024-10-23,ILI incidence,2024-10-20,1,FR,ISI,FluBcast,AE,35.6197560352398,-0.4878491382530111,18,14,0.7668798302713039
2024-10-23,ILI incidence,2024-10-20,1,FR,ISI,RC_AdaptEns2,AE,32.256254403121,-0.34475042544613405,18,13,0.8136894821675312
2024-10-23,ILI incidence,2024-10-20,1,FR,ISI,SEIR_BRW,AE,31.1173235490267,-0.29288948014542937,18,11,0.8295399150333667
2024-10-23,ILI incidence,2024-10-20,1,FR,ItaLuxColab,EpiEKF,AE,21.554500791664,0.23683934731939008,18,2,0.9626251498205093
2024-10-23,ILI incidence,2024-10-20,1,FR,ItaLuxColab,EpiNetEKF,AE,26.494387811398,-0.06085829535214518,18,7,0.8938770363686432
2024-10-23,ILI incidence,2024-10-20,1,FR,MRC_GIDA,CATBoost,AE,18.8689356467319,0.4288154508735442,18,1,1.0
2024-10-23,ILI incidence,2024-10-20,1,FR,MRC_GIDA,NBEATS,AE,59.0967265019306,-1.2182497215571784,18,17,0.4401522304896642
2024-10-23,ILI incidence,2024-10-20,1,FR,MRC_GIDA,NHiTS,AE,31.6086995316259,-0.315493183045059,18,12,0.8227014647481067
2024-10-23,ILI incidence,2024-10-20,1,FR,MRC_GIDA,Prophet,AE,47.9825908138505,-0.9176825608711382,18,15,0.5948269949430236
2024-10-23,ILI incidence,2024-10-20,1,FR,QMUL,ARIMA,AE,22.9371023155266,0.14714535233385553,18,4,0.9433835667556506
2024-10-23,ILI incidence,2024-10-20,1,FR,RIVM,KFdlm,AE,58.9419801039854,-1.2144670303497065,18,16,0.4423058268937327
2024-10-23,ILI incidence,2024-10-20,1,FR,fjordhest,ensemble,AE,30.68,-0.2724699858434053,18,10,0.8356261208197653
2024-10-23,ILI incidence,2024-10-20,1,FR,respicast,hubEnsemble,AE,26.494387811398,-0.06085829535214518,18,7,0.8938770363686432
2024-10-23,ILI incidence,2024-10-20,1,FR,respicast,quantileBaseline,AE,25.4,0.0,18,6,0.9091075663620966
2024-10-23,ILI incidence,2024-10-20,1,FR,safinea,syndromic,AE,90.7238095,-1.8366527234344758,18,18,0.0
2024-10-23,ILI incidence,2024-10-20,1,GB-ENG,ECDC,SARIMA,AE,0.355783438715742,0.07800039359267114,8,4,0.3877312711786103
2024-10-23,ILI incidence,2024-10-20,1,GB-ENG,ECDC,soca_simplex,AE,0.336852187595212,0.15688408152226654,8,3,0.44117551184586024
2024-10-23,ILI incidence,2024-10-20,1,GB-ENG,ISI,FluABCaster,AE,0.493127294111981,-0.39296035673451674,8,8,0.0
2024-10-23,ILI incidence,2024-10-20,1,GB-ENG,ISI,SEIR_BRW,AE,0.138902949558222,1.434922515272803,8,1,1.0
2024-10-23,ILI incidence,2024-10-20,1,GB-ENG,ItaLuxColab,EpiEKF,AE,0.222392407364022,0.7558922158089081,8,2,0.7643034447251855
2024-10-23,ILI incidence,2024-10-20,1,GB-ENG,RIVM,KFdlm,AE,0.407731495204284,-0.1186196519862293,8,7,0.24107828900149714
2024-10-23,ILI incidence,2024-10-20,1,GB-ENG,respicast,hubEnsemble,AE,0.355783438715742,0.07800039359267114,8,4,0.3877312711786103
2024-10-23,ILI incidence,2024-10-20,1,GB-ENG,respicast,quantileBaseline,AE,0.375548633866703,0.0,8,6,0.3319327484207783
2024-10-23,ILI incidence,2024-10-20,1,GB-NIR,ISI,FluABCaster,AE,1.17365040375693,0.051114179685731814,7,5,0.04024978046281332
2024-10-23,ILI incidence,2024-10-20,1,GB-NIR,ISI,SEIR_BRW,AE,0.164359223387929,2.887192591442777,7,1,1.0
2024-10-23,ILI incidence,2024-10-20,1,GB-NIR,ItaLuxColab,EpiEKF,AE,1.19922252167525,0.020017532528185042,7,6,0.015932867501020267
2024-10-23,ILI incidence,2024-10-20,1,GB-NIR,RIVM,KFdlm,AE,0.860394963693239,0.49904593021794735,7,4,0.33812910728148987
2024-10-23,ILI incidence,2024-10-20,1,GB-NIR,respicast,hubEnsemble,AE,0.348017870152654,1.8048836221893663,7,3,0.8253562203051218
2024-10-23,ILI incidence,2024-10-20,1,GB-NIR,respicast,quantileBaseline,AE,1.21597782145994,0.0,7,7,0.0
2024-10-23,ILI incidence,2024-10-20,1,GB-NIR,safinea,syndromic,AE,0.317707326265036,1.9363466515302832,7,2,0.8541789740517632
2024-10-23,ILI incidence,2024-10-20,1,GB-SCT,ECDC,SARIMA,AE,0.88940031201945,0.8274137660382531,9,1,1.0
2024-10-23,ILI incidence,2024-10-20,1,GB-SCT,ECDC,soca_simplex,AE,1.47684327636368,0.09580184754287667,9,8,0.14720197620285455
2024-10-23,ILI incidence,2024-10-20,1,GB-SCT,ISI,FluABCaster,AE,0.932176306971337,0.7596438323416931,9,2,0.937901573131192
2024-10-23,ILI incidence,2024-10-20,1,GB-SCT,ISI,SEIR_BRW,AE,1.45563486288372,0.11667007228955541,9,7,0.1779904853882066
2024-10-23,ILI incidence,2024-10-20,1,GB-SCT,ItaLuxColab,EpiEKF,AE,1.22570260467128,0.3647096052321243,9,5,0.5117859128807747
2024-10-23,ILI incidence,2024-10-20,1,GB-SCT,RIVM,KFdlm,AE,1.15387035276197,0.451837448048178,9,3,0.6160656577944649
2024-10-23,ILI incidence,2024-10-20,1,GB-SCT,respicast,hubEnsemble,AE,1.21883551177359,0.37281514211251754,9,4,0.5217549543160037
2024-10-23,ILI incidence,2024-10-20,1,GB-SCT,respicast,quantileBaseline,AE,1.57824215727678,0.0,9,9,0.0
2024-10-23,ILI incidence,2024-10-20,1,GB-SCT,safinea,syndromic,AE,1.2838006707852,0.2978973620558935,9,6,0.42744425083755716
2024-10-23,ILI incidence,2024-10-20,1,GB-WLS,respicast,quantileBaseline,AE,0.0702691970356013,0.0,1,1,0.0
2024-10-23,ILI incidence,2024-10-20,1,GR,ECDC,SARIMA,AE,95.6530401283979,-0.03748086741335054,17,11,0.8960805781612812
2024-10-23,ILI incidence,2024-10-20,1,GR,ECDC,soca_simplex,AE,47.6464054504647,0.9679625767233385,17,1,1.0
2024-10-23,ILI incidence,2024-10-20,1,GR,ISI,FluABCaster,AE,74.3296287757682,0.32639255209257534,17,3,0.9422391267506708
2024-10-23,ILI incidence,2024-10-20,1,GR,ISI,FluBcast,AE,110.822169138669,-0.24984465052122412,17,12,0.8632441353004175
2024-10-23,ILI incidence,2024-10-20,1,GR,ISI,RC_AdaptEns2,AE,67.4198096175849,0.46715740148436546,17,2,0.9571967345218853
2024-10-23,ILI incidence,2024-10-20,1,GR,ItaLuxColab,EpiEKF,AE,82.126803867052,0.18247680114662984,17,8,0.9253606695770433
2024-10-23,ILI incidence,2024-10-20,1,GR,ItaLuxColab,EpiNetEKF,AE,79.395927193145,0.2312649521581322,17,7,0.9312721675807913
2024-10-23,ILI incidence,2024-10-20,1,GR,MRC_GIDA,CATBoost,AE,117.940889393602,-0.33966211870117474,17,13,0.8478343216759633
2024-10-23,ILI incidence,2024-10-20,1,GR,MRC_GIDA,NBEATS,AE,163.482609529927,-0.8107353171420824,17,16,0.7492506726062429
2024-10-23,ILI incidence,2024-10-20,1,GR,MRC_GIDA,NHiTS,AE,145.507910445145,-0.6426957264730749,17,15,0.7881603014345703
2024-10-23,ILI incidence,2024-10-20,1,GR,MRC_GIDA,Prophet,AE,509.606584101561,-2.450982057298466,17,17,0.0
2024-10-23,ILI incidence,2024-10-20,1,GR,QMUL,ARIMA,AE,91.1271964670024,0.03244827129609035,17,9,0.9058776210029623
2024-10-23,ILI incidence,2024-10-20,1,GR,RIVM,KFdlm,AE,78.065696849278,0.2556412074971241,17,5,0.9341517022362484
2024-10-23,ILI incidence,2024-10-20,1,GR,fjordhest,ensemble,AE,75.86,0.29699058324740363,17,4,0.938926349383798
2024-10-23,ILI incidence,2024-10-20,1,GR,respicast,hubEnsemble,AE,78.730812021211,0.2434015967751328,17,6,0.9327119349085209
2024-10-23,ILI incidence,2024-10-20,1,GR,respicast,quantileBaseline,AE,93.1999999999999,0.0,17,10,0.9013906465216337
2024-10-23,ILI incidence,2024-10-20,1,GR,safinea,syndromic,AE,143.0714286,-0.6183337342762939,17,14,0.7934345262655058
2024-10-23,ILI incidence,2024-10-20,1,HR,ECDC,SARIMA,AE,1.81639325276508,-inf,9,9,0.0
2024-10-23,ILI incidence,2024-10-20,1,HR,ECDC,soca_simplex,AE,0.0114862892452411,-inf,9,2,0.9938925871206328
2024-10-23,ILI incidence,2024-10-20,1,HR,ISI,FluABCaster,AE,0.0978510987138368,-inf,9,3,0.9463348206241662
2024-10-23,ILI incidence,2024-10-20,1,HR,ISI,FluBcast,AE,0.118162957733224,-inf,9,5,0.935149863993139
2024-10-23,ILI incidence,2024-10-20,1,HR,ISI,SEIR_BRW,AE,0.363097860123871,-inf,9,6,0.8002736688576084
2024-10-23,ILI incidence,2024-10-20,1,HR,ItaLuxColab,EpiEKF,AE,0.92904298455157,-inf,9,8,0.48862953691364547
2024-10-23,ILI incidence,2024-10-20,1,HR,ItaLuxColab,EpiNetEKF,AE,0.363259354331401,-inf,9,7,0.800184740231939
2024-10-23,ILI incidence,2024-10-20,1,HR,RIVM,KFdlm,AE,0.0003952395906745,-inf,9,1,1.0
2024-10-23,ILI incidence,2024-10-20,1,HR,respicast,hubEnsemble,AE,0.097851098713837,-inf,9,4,0.9463348206241661
2024-10-23,ILI incidence,2024-10-20,1,HU,ECDC,SARIMA,AE,13.100748144914,-1.478916540252,13,5,0.8939239258291922
2024-10-23,ILI incidence,2024-10-20,1,HU,ECDC,soca_simplex,AE,40.7473157753863,-3.115972363205546,13,10,0.6246138759585488
2024-10-23,ILI incidence,2024-10-20,1,HU,ISI,RC_AdaptEns2,AE,30.3785122494948,-2.692318555440938,13,8,0.725618204307031
2024-10-23,ILI incidence,2024-10-20,1,HU,ItaLuxColab,EpiEKF,AE,9.26435002605399,-0.9790290055300283,13,4,0.9312949507796837
2024-10-23,ILI incidence,2024-10-20,1,HU,ItaLuxColab,EpiNetEKF,AE,28.976478939371,-2.6241496353614573,13,7,0.7392756559558775
2024-10-23,ILI incidence,2024-10-20,1,HU,MRC_GIDA,CATBoost,AE,2.21129429814201,1.0877697125428651,13,1,1.0
2024-10-23,ILI incidence,2024-10-20,1,HU,MRC_GIDA,NBEATS,AE,104.868315986533,-4.479774293228724,13,13,0.0
2024-10-23,ILI incidence,2024-10-20,1,HU,MRC_GIDA,NHiTS,AE,86.8333731283923,-4.207516965943138,13,12,0.1756815321691745
2024-10-23,ILI incidence,2024-10-20,1,HU,MRC_GIDA,Prophet,AE,83.1127704906429,-4.144337505923109,13,11,0.21192457308889895
2024-10-23,ILI incidence,2024-10-20,1,HU,QMUL,ARIMA,AE,16.233826721821,-1.7882704576285664,13,6,0.8634040595270382
2024-10-23,ILI incidence,2024-10-20,1,HU,RIVM,KFdlm,AE,36.5795868263655,-2.9603061177512444,13,9,0.6652124524657815
2024-10-23,ILI incidence,2024-10-20,1,HU,respicast,hubEnsemble,AE,5.44472692338599,-0.21219893656766645,13,3,0.9685025673639854
2024-10-23,ILI incidence,2024-10-20,1,HU,respicast,quantileBaseline,AE,4.69999999999999,0.0,13,2,0.9757570825558111
2024-10-23,ILI incidence,2024-10-20,1,IE,ECDC,SARIMA,AE,2.09954262666821,-1.8070406734363222,18,15,0.4384655974228692
2024-10-23,ILI incidence,2024-10-20,1,IE,ECDC,soca_simplex,AE,1.32841984554403,-1.146676775005711,18,10,0.656202889085367
2024-10-23,ILI incidence,2024-10-20,1,IE,ISI,FluABCaster,AE,1.59945999546942,-1.4145505034315258,18,12,0.5796709156809293
2024-10-23,ILI incidence,2024-10-20,1,IE,ISI,FluBcast,AE,2.73941529288257,-2.190833588053704,18,17,0.25778860958020333
2024-10-23,ILI incidence,2024-10-20,1,IE,ISI,RC_AdaptEns2,AE,0.678482220523179,-0.1773485099132179,18,3,0.8397218586783646
2024-10-23,ILI incidence,2024-10-20,1,IE,ISI,SEIR_BRW,AE,1.62038308241254,-1.433300521943933,18,13,0.5737629897374468
2024-10-23,ILI incidence,2024-10-20,1,IE,ItaLuxColab,EpiEKF,AE,1.10994392765104,-0.8874523902523213,18,8,0.7178926171286073
2024-10-23,ILI incidence,2024-10-20,1,IE,ItaLuxColab,EpiNetEKF,AE,1.8976087476771,-1.6611481597747326,18,14,0.4954844496506913
2024-10-23,ILI incidence,2024-10-20,1,IE,MRC_GIDA,CATBoost,AE,0.110852646619366,2.4363192855989033,18,1,1.0
2024-10-23,ILI incidence,2024-10-20,1,IE,MRC_GIDA,NBEATS,AE,1.27118690949356,-1.0831417673683854,18,9,0.6723634082589218
2024-10-23,ILI incidence,2024-10-20,1,IE,MRC_GIDA,NHiTS,AE,0.702232735587708,-0.22698675036683688,18,4,0.833015568898933
2024-10-23,ILI incidence,2024-10-20,1,IE,MRC_GIDA,Prophet,AE,1.05913248936373,-0.8198486648867656,18,7,0.7322399366851974
2024-10-23,ILI incidence,2024-10-20,1,IE,QMUL,ARIMA,AE,2.18302623494903,-1.8632950624717441,18,16,0.41489283416099465
2024-10-23,ILI incidence,2024-10-20,1,IE,RIVM,KFdlm,AE,1.0173180630464,-0.7617364004413057,18,6,0.7440468242024919
2024-10-23,ILI incidence,2024-10-20,1,IE,fjordhest,ensemble,AE,0.79,-0.3968901525685822,18,5,0.808233255475513
2024-10-23,ILI incidence,2024-10-20,1,IE,respicast,hubEnsemble,AE,1.32841984554403,-1.146676775005711,18,10,0.656202889085367
2024-10-23,ILI incidence,2024-10-20,1,IE,respicast,quantileBaseline,AE,0.600000000000001,0.0,18,2,0.8618824102256334
2024-10-23,ILI incidence,2024-10-20,1,IE,safinea,syndromic,AE,3.65238095,-2.6058028430625355,18,18,0.0
2024-10-23,ILI incidence,2024-10-20,1,IS,respicast,quantileBaseline,AE,1.6,0.0,1,1,0.0
2024-10-23,ILI incidence,2024-10-20,1,IT,respicast,quantileBaseline,AE,208.2,0.0,1,1,0.0
2024-10-23,ILI incidence,2024-10-20,1,LT,ECDC,SARIMA,AE,1.54730977317494,-0.9516901497767889,16,16,0.0
2024-10-23,ILI incidence,2024-10-20,1,LT,ECDC,soca_simplex,AE,0.871684215179306,-0.12380558488008907,16,13,0.4514255342779363
2024-10-23,ILI incidence,2024-10-20,1,LT,ISI,FluABCaster,AE,0.220047167560132,1.862187198470907,16,2,0.8868229210338169
2024-10-23,ILI incidence,2024-10-20,1,LT,ISI,FluBcast,AE,0.37326078335852,1.0998160601408145,16,7,0.7844518109538032
2024-10-23,ILI incidence,2024-10-20,1,LT,ISI,SEIR_BRW,AE,0.507428263289048,0.6567961215690701,16,10,0.6948065546523028
2024-10-23,ILI incidence,2024-10-20,1,LT,ItaLuxColab,EpiEKF,AE,0.0506608096281398,3.9810579614380397,16,1,1.0
2024-10-23,ILI incidence,2024-10-20,1,LT,ItaLuxColab,EpiNetEKF,AE,0.31033664498553,1.3661659376243827,16,5,0.8264951624046809
2024-10-23,ILI incidence,2024-10-20,1,LT,MRC_GIDA,CATBoost,AE,0.416731446920079,0.9408820288200141,16,8,0.755406480605569
2024-10-23,ILI incidence,2024-10-20,1,LT,MRC_GIDA,NBEATS,AE,1.22347771914114,-0.6129159234993723,16,15,0.2163714150219794
2024-10-23,ILI incidence,2024-10-20,1,LT,MRC_GIDA,NHiTS,AE,1.13413165019305,-0.503516213171563,16,14,0.2760688264552891
2024-10-23,ILI incidence,2024-10-20,1,LT,MRC_GIDA,Prophet,AE,0.508430813216847,0.6539485331346018,16,11,0.6941366915433055
2024-10-23,ILI incidence,2024-10-20,1,LT,RIVM,KFdlm,AE,0.274500161507026,1.5431930019341276,16,4,0.8504396439440112
2024-10-23,ILI incidence,2024-10-20,1,LT,fjordhest,ensemble,AE,0.26,1.6214883767462702,16,3,0.8601280624444075
2024-10-23,ILI incidence,2024-10-20,1,LT,respicast,hubEnsemble,AE,0.31033664498553,1.3661659376243827,16,5,0.8264951624046809
2024-10-23,ILI incidence,2024-10-20,1,LT,respicast,quantileBaseline,AE,0.8,0.0,16,12,0.499322012961506
2024-10-23,ILI incidence,2024-10-20,1,LT,safinea,syndromic,AE,0.495238095,0.6918777053312716,16,9,0.7029515295836049
2024-10-23,ILI incidence,2024-10-20,1,LU,ECDC,SARIMA,AE,1536.45575177564,-0.034643718788269946,14,7,0.6066141133890677
2024-10-23,ILI incidence,2024-10-20,1,LU,ECDC,soca_simplex,AE,3817.79950613825,-1.3477788400785666,14,14,0.0
2024-10-23,ILI incidence,2024-10-20,1,LU,ISI,FluABCaster,AE,1662.42187855124,-0.14832404556194656,14,11,0.5731194547411058
2024-10-23,ILI incidence,2024-10-20,1,LU,ItaLuxColab,EpiEKF,AE,1579.3068688676,-0.07432902207882632,14,8,0.5952199110235706
2024-10-23,ILI incidence,2024-10-20,1,LU,ItaLuxColab,EpiNetEKF,AE,2188.26892336471,-0.5448275457109414,14,13,0.4332956170323924
2024-10-23,ILI incidence,2024-10-20,1,LU,MRC_GIDA,CATBoost,AE,57.0169855716526,4.71742692298057,14,1,1.0
2024-10-23,ILI incidence,2024-10-20,1,LU,MRC_GIDA,NBEATS,AE,263.206666741085,2.5106945641626686,14,3,0.9451737291263607
2024-10-23,ILI incidence,2024-10-20,1,LU,MRC_GIDA,NHiTS,AE,797.539559663423,0.9113345142046709,14,4,0.8030934865172146
2024-10-23,ILI incidence,2024-10-20,1,LU,MRC_GIDA,Prophet,AE,1644.79783407506,-0.13294776913531822,14,10,0.5778057253190505
2024-10-23,ILI incidence,2024-10-20,1,LU,QMUL,ARIMA,AE,1937.80905979258,-0.3694639224253257,14,12,0.49989342272906323
2024-10-23,ILI incidence,2024-10-20,1,LU,RIVM,KFdlm,AE,215.559876549862,2.79880192999272,14,2,0.9578431110782967
2024-10-23,ILI incidence,2024-10-20,1,LU,fjordhest,ensemble,AE,1623.29,-0.11395825898468934,14,9,0.5835247037384195
2024-10-23,ILI incidence,2024-10-20,1,LU,respicast,hubEnsemble,AE,802.7024464898,0.9020253009274195,14,5,0.8017206640266444
2024-10-23,ILI incidence,2024-10-20,1,LU,respicast,quantileBaseline,AE,1500.0,0.0,14,6,0.6163077746354372
2024-10-23,ILI incidence,2024-10-20,1,LV,ECDC,SARIMA,AE,1923.71518634662,-6.392403809655347,10,10,0.0
2024-10-23,ILI incidence,2024-10-20,1,LV,ItaLuxColab,EpiEKF,AE,1079.34186766208,-5.55866048376999,10,9,0.4401301388370699
2024-10-23,ILI incidence,2024-10-20,1,LV,ItaLuxColab,EpiNetEKF,AE,299.210309775261,-3.707740383038645,10,8,0.8467742182814907
2024-10-23,ILI incidence,2024-10-20,1,LV,MRC_GIDA,CATBoost,AE,21.8625958418813,0.06688288963309413,10,5,0.9913418936668467
2024-10-23,ILI incidence,2024-10-20,1,LV,MRC_GIDA,NBEATS,AE,15.5203291067844,0.5611884482912703,10,2,0.9946478043071885
2024-10-23,ILI incidence,2024-10-20,1,LV,MRC_GIDA,NHiTS,AE,5.25234052656739,2.1243152392666342,10,1,1.0
2024-10-23,ILI incidence,2024-10-20,1,LV,MRC_GIDA,Prophet,AE,17.3415238368989,0.4011169214842778,10,4,0.9936985053754513
2024-10-23,ILI incidence,2024-10-20,1,LV,RIVM,KFdlm,AE,21.9854256095733,0.05880013678019439,10,6,0.9912778685709427
2024-10-23,ILI incidence,2024-10-20,1,LV,respicast,hubEnsemble,AE,15.5203291067844,0.5611884482912703,10,2,0.9946478043071885
2024-10-23,ILI incidence,2024-10-20,1,LV,respicast,quantileBaseline,AE,22.9,0.0,10,7,0.9908011460780263
2024-10-23,ILI incidence,2024-10-20,1,MT,ECDC,SARIMA,AE,1272.15129886943,0.031241360533952888,9,6,0.5674176054938296
2024-10-23,ILI incidence,2024-10-20,1,MT,ECDC,soca_simplex,AE,1347.00700014751,-0.051245724986617454,9,8,0.4949739628472842
2024-10-23,ILI incidence,2024-10-20,1,MT,ISI,FluABCaster,AE,825.165789605359,0.6557557081016008,9,1,1.0
2024-10-23,ILI incidence,2024-10-20,1,MT,ISI,FluBcast,AE,825.169984164591,0.655748374479075,9,2,0.9999959406011182
2024-10-23,ILI incidence,2024-10-20,1,MT,ItaLuxColab,EpiEKF,AE,1858.46144597238,-0.5155971363576227,9,9,0.0
2024-10-23,ILI incidence,2024-10-20,1,MT,ItaLuxColab,EpiNetEKF,AE,1103.45643643999,0.23648194893532895,9,3,0.7306766508502736
2024-10-23,ILI incidence,2024-10-20,1,MT,RIVM,KFdlm,AE,1224.9384531174,0.08580236024055982,9,5,0.6131091222065063
2024-10-23,ILI incidence,2024-10-20,1,MT,respicast,hubEnsemble,AE,1103.45643643999,0.23648194893532895,9,3,0.7306766508502736
2024-10-23,ILI incidence,2024-10-20,1,MT,respicast,quantileBaseline,AE,1300.0,0.0,9,7,0.5404662668726226
2024-10-23,ILI incidence,2024-10-20,1,NL,ECDC,SARIMA,AE,5.1274685780358,-0.00774949857743915,13,2,0.9967538540299287
2024-10-23,ILI incidence,2024-10-20,1,NL,ECDC,soca_simplex,AE,6.75849337039779,-0.40620442408131036,13,6,0.8040047226438187
2024-10-23,ILI incidence,2024-10-20,1,NL,ISI,FluABCaster,AE,8.05034609220939,-0.6585535603395447,13,10,0.6513378280791013
2024-10-23,ILI incidence,2024-10-20,1,NL,ISI,FluBcast,AE,10.5174746519265,-1.0442191888874452,13,12,0.3597807106580456
2024-10-23,ILI incidence,2024-10-20,1,NL,ISI,RC_AdaptEns2,AE,6.42475431796975,-0.3331440397479003,13,4,0.8434449032997919
2024-10-23,ILI incidence,2024-10-20,1,NL,ISI,SEIR_BRW,AE,7.5826736721079,-0.5722093893550846,13,9,0.7066058124591915
2024-10-23,ILI incidence,2024-10-20,1,NL,ItaLuxColab,EpiEKF,AE,8.0937354153413,-0.6663084409133103,13,11,0.646210220954874
2024-10-23,ILI incidence,2024-10-20,1,NL,ItaLuxColab,EpiNetEKF,AE,7.2913404770767,-0.51568682423778,13,8,0.7410346087283662
2024-10-23,ILI incidence,2024-10-20,1,NL,RIVM,KFdlm,AE,5.64050177120322,-0.1453262613957684,13,3,0.9361252830735924
2024-10-23,ILI incidence,2024-10-20,1,NL,fjordhest,ensemble,AE,6.61,-0.374153024648834,13,5,0.82155317947587
2024-10-23,ILI incidence,2024-10-20,1,NL,respicast,hubEnsemble,AE,7.0249169237372,-0.46198391712187964,13,7,0.7725196656860979
2024-10-23,ILI incidence,2024-10-20,1,NL,respicast,quantileBaseline,AE,5.1,0.0,13,1,1.0
2024-10-23,ILI incidence,2024-10-20,1,NL,safinea,syndromic,AE,13.56190476,-1.4109906660135163,13,13,0.0
2024-10-23,ILI incidence,2024-10-20,1,NO,ECDC,SARIMA,AE,3.1737256862862,-0.3442493426313622,18,15,0.48260155849937086
2024-10-23,ILI incidence,2024-10-20,1,NO,ECDC,soca_simplex,AE,4.17328059197604,-0.7392538290792264,18,17,0.3086890309305929
2024-10-23,ILI incidence,2024-10-20,1,NO,ISI,FluABCaster,AE,1.57864663686185,0.663239819381985,18,7,0.7601293136815065
2024-10-23,ILI incidence,2024-10-20,1,NO,ISI,FluBcast,AE,0.200000000000003,3.643856189774703,18,1,1.0
2024-10-23,ILI incidence,2024-10-20,1,NO,ISI,RC_AdaptEns2,AE,1.73431312463079,0.5275636988828826,18,8,0.7330449062202008
2024-10-23,ILI incidence,2024-10-20,1,NO,ISI,SEIR_BRW,AE,0.708806802658284,1.8184637397837742,18,3,0.911472719916851
2024-10-23,ILI incidence,2024-10-20,1,NO,ItaLuxColab,EpiEKF,AE,2.7296646838759,-0.126795644308685,18,14,0.559863718771199
2024-10-23,ILI incidence,2024-10-20,1,NO,ItaLuxColab,EpiNetEKF,AE,0.2382214683008,3.3915527563566403,18,2,0.993349847895555
2024-10-23,ILI incidence,2024-10-20,1,NO,MRC_GIDA,CATBoost,AE,2.47583206709157,0.014014633400880161,18,11,0.6040280480272228
2024-10-23,ILI incidence,2024-10-20,1,NO,MRC_GIDA,NBEATS,AE,2.61219642888547,-0.06333529216688467,18,13,0.5803020168758741
2024-10-23,ILI incidence,2024-10-20,1,NO,MRC_GIDA,NHiTS,AE,1.26094468041676,0.9874231110840818,18,5,0.815406267398
2024-10-23,ILI incidence,2024-10-20,1,NO,MRC_GIDA,Prophet,AE,5.94745775743235,-1.2503450248762396,18,18,0.0
2024-10-23,ILI incidence,2024-10-20,1,NO,QMUL,ARIMA,AE,2.07775018605155,0.2669058896394611,18,10,0.6732903023735446
2024-10-23,ILI incidence,2024-10-20,1,NO,RIVM,KFdlm,AE,1.5336481396848,0.7049605673001408,18,6,0.7679586008335276
2024-10-23,ILI incidence,2024-10-20,1,NO,fjordhest,ensemble,AE,0.950000000000003,1.3959286763311347,18,4,0.8695075228643248
2024-10-23,ILI incidence,2024-10-20,1,NO,respicast,hubEnsemble,AE,1.7343131246308,0.5275636988828744,18,9,0.7330449062201989
2024-10-23,ILI incidence,2024-10-20,1,NO,respicast,quantileBaseline,AE,2.5,0.0,18,12,0.599823070117263
2024-10-23,ILI incidence,2024-10-20,1,NO,safinea,syndromic,AE,3.71904762,-0.5730051259579425,18,16,0.38772101187706387
2024-10-23,ILI incidence,2024-10-20,1,PL,ECDC,SARIMA,AE,29.0519092477,-0.6589272122073123,17,10,0.8407435270058399
2024-10-23,ILI incidence,2024-10-20,1,PL,ECDC,soca_simplex,AE,85.2233678787989,-2.211543299151166,17,14,0.4345267778626895
2024-10-23,ILI incidence,2024-10-20,1,PL,ISI,FluABCaster,AE,11.7927123432817,0.6418101875609412,17,3,0.9655573564877888
2024-10-23,ILI incidence,2024-10-20,1,PL,ISI,FluBcast,AE,39.9,-1.116682980165333,17,11,0.7622930778417967
2024-10-23,ILI incidence,2024-10-20,1,PL,ISI,RC_AdaptEns2,AE,104.322732373279,-2.503275890190036,17,16,0.2964053556186819
2024-10-23,ILI incidence,2024-10-20,1,PL,ItaLuxColab,EpiEKF,AE,25.064712438254,-0.44595191622078495,17,8,0.8695778525796889
2024-10-23,ILI incidence,2024-10-20,1,PL,ItaLuxColab,EpiNetEKF,AE,14.980728576236,0.296597976413386,17,4,0.9425024880203121
2024-10-23,ILI incidence,2024-10-20,1,PL,MRC_GIDA,CATBoost,AE,28.4928981216437,-0.6308966048732606,17,9,0.8447861438061756
2024-10-23,ILI incidence,2024-10-20,1,PL,MRC_GIDA,NBEATS,AE,20.9789188406373,-0.18923456351838316,17,7,0.8991252033756474
2024-10-23,ILI incidence,2024-10-20,1,PL,MRC_GIDA,NHiTS,AE,11.2423991989919,0.7107558176337274,17,2,0.9695370718438073
2024-10-23,ILI incidence,2024-10-20,1,PL,MRC_GIDA,Prophet,AE,72.2844892021203,-1.97398034075753,17,13,0.5280972380516665
2024-10-23,ILI incidence,2024-10-20,1,PL,QMUL,ARIMA,AE,40.1934847899009,-1.1272558987272014,17,12,0.760170675465539
2024-10-23,ILI incidence,2024-10-20,1,PL,RIVM,KFdlm,AE,99.1470617092138,-2.4298642515539934,17,15,0.33383440166855843
2024-10-23,ILI incidence,2024-10-20,1,PL,fjordhest,ensemble,AE,7.02999999999997,1.388109171871846,17,1,1.0
2024-10-23,ILI incidence,2024-10-20,1,PL,respicast,hubEnsemble,AE,17.979823708437,0.033326890936633026,17,5,0.9208138456979773
2024-10-23,ILI incidence,2024-10-20,1,PL,respicast,quantileBaseline,AE,18.4,0.0,17,6,0.9177752447539161
2024-10-23,ILI incidence,2024-10-20,1,PL,safinea,syndromic,AE,145.3095238,-2.9813515910304234,17,17,0.0
2024-10-23,ILI incidence,2024-10-20,1,RO,ECDC,SARIMA,AE,0.504232230456932,-inf,13,11,0.34298032471244716
2024-10-23,ILI incidence,2024-10-20,1,RO,ISI,FluABCaster,AE,0.511420312501265,-inf,13,12,0.3334652094748477
2024-10-23,ILI incidence,2024-10-20,1,RO,ISI,FluBcast,AE,0.13,-inf,13,4,0.838364597799443
2024-10-23,ILI incidence,2024-10-20,1,RO,ISI,RC_AdaptEns2,AE,0.2,-inf,13,8,0.7457031531297795
2024-10-23,ILI incidence,2024-10-20,1,RO,ISI,SEIR_BRW,AE,0.199516194619519,-inf,13,7,0.74634358320827
2024-10-23,ILI incidence,2024-10-20,1,RO,ItaLuxColab,EpiEKF,AE,0.315757821593765,-inf,13,9,0.5924704819770451
2024-10-23,ILI incidence,2024-10-20,1,RO,ItaLuxColab,EpiNetEKF,AE,0.007894433932312,-inf,13,1,1.0
2024-10-23,ILI incidence,2024-10-20,1,RO,MRC_GIDA,CATBoost,AE,0.131069729346195,-inf,13,6,0.836948559704815
2024-10-23,ILI incidence,2024-10-20,1,RO,MRC_GIDA,NBEATS,AE,0.0550155726333303,-inf,13,2,0.9376241030497723
2024-10-23,ILI incidence,2024-10-20,1,RO,MRC_GIDA,NHiTS,AE,0.316183151886095,-inf,13,10,0.5919074574149156
2024-10-23,ILI incidence,2024-10-20,1,RO,MRC_GIDA,Prophet,AE,0.763332688208931,-inf,13,13,0.0
2024-10-23,ILI incidence,2024-10-20,1,RO,RIVM,KFdlm,AE,0.0918803152210624,-inf,13,3,0.8888249558275648
2024-10-23,ILI incidence,2024-10-20,1,RO,respicast,hubEnsemble,AE,0.13,-inf,13,4,0.838364597799443
2024-10-23,ILI incidence,2024-10-20,1,SI,ECDC,SARIMA,AE,7.5481337440832,-0.6233382368022097,17,15,0.4832367222842087
2024-10-23,ILI incidence,2024-10-20,1,SI,ECDC,soca_simplex,AE,3.62949655625179,0.43301230188005424,17,4,0.7564880645659631
2024-10-23,ILI incidence,2024-10-20,1,SI,ISI,FluABCaster,AE,5.20646040694533,-0.08752114558125297,17,11,0.6465244552096502
2024-10-23,ILI incidence,2024-10-20,1,SI,ISI,FluBcast,AE,1.85,1.4052564784862585,17,2,0.8805745260764899
2024-10-23,ILI incidence,2024-10-20,1,SI,ISI,RC_AdaptEns2,AE,14.4781249187143,-1.5630211148182245,17,17,0.0
2024-10-23,ILI incidence,2024-10-20,1,SI,ISI,SEIR_BRW,AE,3.83768772773864,0.3525444248679502,17,7,0.7419706406930286
2024-10-23,ILI incidence,2024-10-20,1,SI,ItaLuxColab,EpiEKF,AE,3.63217765682866,0.43194697987065683,17,5,0.7563011081583383
2024-10-23,ILI incidence,2024-10-20,1,SI,ItaLuxColab,EpiNetEKF,AE,6.5594119679905,-0.4207847380409803,17,13,0.5521814955588286
2024-10-23,ILI incidence,2024-10-20,1,SI,MRC_GIDA,CATBoost,AE,0.137345637963933,5.156898752323454,17,1,1.0
2024-10-23,ILI incidence,2024-10-20,1,SI,MRC_GIDA,NBEATS,AE,4.39637548870961,0.1564671389723242,17,8,0.7030126628848843
2024-10-23,ILI incidence,2024-10-20,1,SI,MRC_GIDA,NHiTS,AE,3.71591126036747,0.39906570007898123,17,6,0.7504622620329254
2024-10-23,ILI incidence,2024-10-20,1,SI,MRC_GIDA,Prophet,AE,2.9130952281792,0.7502288857254443,17,3,0.8064436014337688
2024-10-23,ILI incidence,2024-10-20,1,SI,RIVM,KFdlm,AE,7.27897981973059,-0.5709545154611189,17,14,0.5020051531402568
2024-10-23,ILI incidence,2024-10-20,1,SI,fjordhest,ensemble,AE,6.2,-0.33948646627166684,17,12,0.577243729692293
2024-10-23,ILI incidence,2024-10-20,1,SI,respicast,hubEnsemble,AE,4.41797848159856,0.1493953573718355,17,9,0.7015062598878067
2024-10-23,ILI incidence,2024-10-20,1,SI,respicast,quantileBaseline,AE,4.9,0.0,17,10,0.6678943125197541
2024-10-23,ILI incidence,2024-10-20,1,SI,safinea,syndromic,AE,7.71428571,-0.6547508300765211,17,16,0.4716507434009115
2024-10-23,ILI incidence,2024-10-27,2,AT,ECDC,SARIMA,AE,844.99355022207,0.10961884613701112,10,7,0.4725187080591168
2024-10-23,ILI incidence,2024-10-27,2,AT,ItaLuxColab,EpiEKF,AE,334.972543607,1.44451632725085,10,1,1.0
2024-10-23,ILI incidence,2024-10-27,2,AT,ItaLuxColab,EpiNetEKF,AE,792.6288822405,0.20191363761439604,10,6,0.5266760513071778
2024-10-23,ILI incidence,2024-10-27,2,AT,MRC_GIDA,CATBoost,AE,522.681483029741,0.8026271255515169,10,3,0.8058649494994452
2024-10-23,ILI incidence,2024-10-27,2,AT,MRC_GIDA,NBEATS,AE,1301.87130268608,-0.5139557563244652,10,10,0.0
2024-10-23,ILI incidence,2024-10-27,2,AT,MRC_GIDA,NHiTS,AE,1118.58636730547,-0.29504557210254345,10,9,0.1895595931420775
2024-10-23,ILI incidence,2024-10-27,2,AT,MRC_GIDA,Prophet,AE,779.955282634201,0.22516776362087404,10,5,0.5397835245429174
2024-10-23,ILI incidence,2024-10-27,2,AT,RIVM,KFdlm,AE,760.281811122848,0.2620248989335914,10,4,0.560130506402829
2024-10-23,ILI incidence,2024-10-27,2,AT,respicast,hubEnsemble,AE,522.68148302974,0.8026271255515197,10,2,0.8058649494994463
2024-10-23,ILI incidence,2024-10-27,2,AT,respicast,quantileBaseline,AE,911.7,0.0,10,8,0.4035286000963509
2024-10-23,ILI incidence,2024-10-27,2,BE,ECDC,SARIMA,AE,107.993173112651,0.14486272261977987,18,4,0.8732587051312788
2024-10-23,ILI incidence,2024-10-27,2,BE,ECDC,soca_simplex,AE,319.779655332064,-1.421275319585154,18,18,0.0
2024-10-23,ILI incidence,2024-10-27,2,BE,ISI,FluABCaster,AE,170.436932852442,-0.5134351578200751,18,15,0.615784497134352
2024-10-23,ILI incidence,2024-10-27,2,BE,ISI,FluBcast,AE,124.205791222907,-0.056929605665709176,18,7,0.80640925492377
2024-10-23,ILI incidence,2024-10-27,2,BE,ISI,RC_AdaptEns2,AE,158.804901514652,-0.41145260536021105,18,13,0.6637468246523162
2024-10-23,ILI incidence,2024-10-27,2,BE,ISI,SEIR_BRW,AE,162.248030201134,-0.4423981264518575,18,14,0.6495497802194112
2024-10-23,ILI incidence,2024-10-27,2,BE,ItaLuxColab,EpiEKF,AE,147.159582303284,-0.30157864989123395,18,12,0.7117639420282214
2024-10-23,ILI incidence,2024-10-27,2,BE,ItaLuxColab,EpiNetEKF,AE,139.319229007642,-0.2225915575849343,18,9,0.7440920523730112
2024-10-23,ILI incidence,2024-10-27,2,BE,MRC_GIDA,CATBoost,AE,140.559343493255,-0.235376521515022,18,11,0.7389786912246873
2024-10-23,ILI incidence,2024-10-27,2,BE,MRC_GIDA,NBEATS,AE,77.2553255143902,0.6280965443839824,18,1,1.0
2024-10-23,ILI incidence,2024-10-27,2,BE,MRC_GIDA,NHiTS,AE,90.0741219178958,0.40661824879440545,18,3,0.9471442868715786
2024-10-23,ILI incidence,2024-10-27,2,BE,MRC_GIDA,Prophet,AE,89.9674219893943,0.4083282483022243,18,2,0.9475842424363738
2024-10-23,ILI incidence,2024-10-27,2,BE,QMUL,ARIMA,AE,116.633203695535,0.033824276300664834,18,5,0.8376332873046242
2024-10-23,ILI incidence,2024-10-27,2,BE,RIVM,KFdlm,AE,219.693045057475,-0.8796863616977864,18,16,0.41268688526974856
2024-10-23,ILI incidence,2024-10-27,2,BE,fjordhest,ensemble,AE,131.71,-0.1415620488756607,18,8,0.7754671684834753
2024-10-23,ILI incidence,2024-10-27,2,BE,respicast,hubEnsemble,AE,139.319229007642,-0.2225915575849343,18,9,0.7440920523730112
2024-10-23,ILI incidence,2024-10-27,2,BE,respicast,quantileBaseline,AE,119.4,0.0,18,6,0.8262249625953257
2024-10-23,ILI incidence,2024-10-27,2,BE,safinea,syndromic,AE,267.647619,-1.1645319818556383,18,17,0.21495590306859555
2024-10-23,ILI incidence,2024-10-27,2,CH,ECDC,SARIMA,AE,3.52519954878332,0.5096705015768481,11,3,0.8483069049623172
2024-10-23,ILI incidence,2024-10-27,2,CH,ECDC,soca_simplex,AE,7.00761411688191,-0.4815479061598975,11,8,0.5838549906488452
2024-10-23,ILI incidence,2024-10-27,2,CH,ISI,FluABCaster,AE,12.4491880409921,-1.3106043178746516,11,9,0.1706260045620652
2024-10-23,ILI incidence,2024-10-27,2,CH,ISI,FluBcast,AE,14.6960633775762,-1.5499824210211675,11,11,0.0
2024-10-23,ILI incidence,2024-10-27,2,CH,ISI,SEIR_BRW,AE,5.94116421853751,-0.24337023919195258,11,7,0.6648403850128971
2024-10-23,ILI incidence,2024-10-27,2,CH,ItaLuxColab,EpiEKF,AE,2.36335576137382,1.086538609283717,11,2,0.9365364387255584
2024-10-23,ILI incidence,2024-10-27,2,CH,ItaLuxColab,EpiNetEKF,AE,1.52764076608148,1.7160701023060454,11,1,1.0
2024-10-23,ILI incidence,2024-10-27,2,CH,RIVM,KFdlm,AE,4.91687911060951,0.02963254252884069,11,4,0.742623817254349
2024-10-23,ILI incidence,2024-10-27,2,CH,respicast,hubEnsemble,AE,5.42902166457348,-0.11331681382716785,11,6,0.7037321011336252
2024-10-23,ILI incidence,2024-10-27,2,CH,respicast,quantileBaseline,AE,5.01891470159349,0.0,11,5,0.7348753120617139
2024-10-23,ILI incidence,2024-10-27,2,CH,safinea,syndromic,AE,12.5174919475762,-1.3184981950899948,11,10,0.1654390578335726
2024-10-23,ILI incidence,2024-10-27,2,CZ,ECDC,SARIMA,AE,3.4675283308879,-2.115835764794423,17,10,0.8000625877642554
2024-10-23,ILI incidence,2024-10-27,2,CZ,ECDC,soca_simplex,AE,1.60085114647783,-1.000767261441024,17,5,0.9388962055945363
2024-10-23,ILI incidence,2024-10-27,2,CZ,ISI,FluABCaster,AE,3.24742518867396,-2.0212243854035443,17,8,0.8164327002746472
2024-10-23,ILI incidence,2024-10-27,2,CZ,ISI,FluBcast,AE,7.22644905003012,-3.1752150012108245,17,15,0.5204938616159035
2024-10-23,ILI incidence,2024-10-27,2,CZ,ISI,RC_AdaptEns2,AE,3.88433209801461,-2.2795946467455805,17,11,0.7690629187273305
2024-10-23,ILI incidence,2024-10-27,2,CZ,ItaLuxColab,EpiEKF,AE,4.1647072943224,-2.380143197952668,17,12,0.748210088265599
2024-10-23,ILI incidence,2024-10-27,2,CZ,ItaLuxColab,EpiNetEKF,AE,6.693229036101,-3.064630477723895,17,14,0.5601519579656952
2024-10-23,ILI incidence,2024-10-27,2,CZ,MRC_GIDA,CATBoost,AE,0.779284578667156,0.037849732998481905,17,1,1.0
2024-10-23,ILI incidence,2024-10-27,2,CZ,MRC_GIDA,NBEATS,AE,2.84473341034873,-1.8302215538906697,17,7,0.8463827939075051
2024-10-23,ILI incidence,2024-10-27,2,CZ,MRC_GIDA,NHiTS,AE,1.39458858463388,-0.8017676725328592,17,3,0.9542369286305805
2024-10-23,ILI incidence,2024-10-27,2,CZ,MRC_GIDA,Prophet,AE,4.48628411935618,-2.4874490850410074,17,13,0.7242928976540234
2024-10-23,ILI incidence,2024-10-27,2,CZ,QMUL,ARIMA,AE,2.8030477600734,-1.8089244210037665,17,6,0.8494831530310142
2024-10-23,ILI incidence,2024-10-27,2,CZ,RIVM,KFdlm,AE,14.2247109356466,-4.152255525192595,17,17,0.0
2024-10-23,ILI incidence,2024-10-27,2,CZ,fjordhest,ensemble,AE,1.43,-0.8379432418910252,17,4,0.9516032140553832
2024-10-23,ILI incidence,2024-10-27,2,CZ,respicast,hubEnsemble,AE,3.3574767597809,-2.069305508340559,17,9,0.8082476440194536
2024-10-23,ILI incidence,2024-10-27,2,CZ,respicast,quantileBaseline,AE,0.800000000000001,0.0,17,2,0.998459296062256
2024-10-23,ILI incidence,2024-10-27,2,CZ,safinea,syndromic,AE,12.81428571,-4.001609252379149,17,16,0.10490000005945936
2024-10-23,ILI incidence,2024-10-27,2,DK,ECDC,SARIMA,AE,3.70105181301599,-0.08058041078614525,16,4,0.9428377378614241
2024-10-23,ILI incidence,2024-10-27,2,DK,ECDC,soca_simplex,AE,4.74906841914873,-0.44028961898925384,16,6,0.925910660981573
2024-10-23,ILI incidence,2024-10-27,2,DK,ISI,FluABCaster,AE,11.8422016790032,-1.7585105017772564,16,10,0.8113456709747464
2024-10-23,ILI incidence,2024-10-27,2,DK,ISI,RC_AdaptEns2,AE,0.161929234997245,4.433919541014531,16,1,1.0
2024-10-23,ILI incidence,2024-10-27,2,DK,ItaLuxColab,EpiEKF,AE,5.99752386741599,-0.777012071742335,16,8,0.9057461891304349
2024-10-23,ILI incidence,2024-10-27,2,DK,ItaLuxColab,EpiNetEKF,AE,1.31401427033501,1.413373978490392,16,2,0.9813920582449069
2024-10-23,ILI incidence,2024-10-27,2,DK,MRC_GIDA,CATBoost,AE,24.5878010530479,-2.8125158898004794,16,13,0.605484676767455
2024-10-23,ILI incidence,2024-10-27,2,DK,MRC_GIDA,NBEATS,AE,48.4228481128837,-3.790261110437806,16,15,0.2205120802878061
2024-10-23,ILI incidence,2024-10-27,2,DK,MRC_GIDA,NHiTS,AE,20.5647606273793,-2.554747451879204,16,12,0.6704629549526923
2024-10-23,ILI incidence,2024-10-27,2,DK,MRC_GIDA,Prophet,AE,62.0755492635226,-4.148598294697108,16,16,0.0
2024-10-23,ILI incidence,2024-10-27,2,DK,QMUL,ARIMA,AE,5.31810248923892,-0.6035566586904316,16,7,0.9167198872902913
2024-10-23,ILI incidence,2024-10-27,2,DK,RIVM,KFdlm,AE,8.74642250274871,-1.321338118551989,16,9,0.8613472566489192
2024-10-23,ILI incidence,2024-10-27,2,DK,fjordhest,ensemble,AE,12.39,-1.8237493603082726,16,11,0.8024978872279002
2024-10-23,ILI incidence,2024-10-27,2,DK,respicast,hubEnsemble,AE,3.70105181301599,-0.08058041078614525,16,4,0.9428377378614241
2024-10-23,ILI incidence,2024-10-27,2,DK,respicast,quantileBaseline,AE,3.5,0.0,16,3,0.9460850332533486
2024-10-23,ILI incidence,2024-10-27,2,DK,safinea,syndromic,AE,25.6095238,-2.871253599612629,16,14,0.5889822860740765
2024-10-23,ILI incidence,2024-10-27,2,EE,ItaLuxColab,EpiEKF,AE,32.334179302519,-1.2283917257478323,6,3,0.8655273414303642
2024-10-23,ILI incidence,2024-10-27,2,EE,ItaLuxColab,EpiNetEKF,AE,5.11598066475398,1.4315855501568433,6,1,1.0
2024-10-23,ILI incidence,2024-10-27,2,EE,RIVM,KFdlm,AE,207.522915481695,-3.910530481097333,6,6,0.0
2024-10-23,ILI incidence,2024-10-27,2,EE,respicast,hubEnsemble,AE,175.2,-3.666262602823004,6,4,0.15969272747956095
2024-10-23,ILI incidence,2024-10-27,2,EE,respicast,quantileBaseline,AE,13.8,0.0,6,2,0.957096236138846
2024-10-23,ILI incidence,2024-10-27,2,EE,safinea,syndromic,AE,175.2,-3.666262602823004,6,4,0.15969272747956095
2024-10-23,ILI incidence,2024-10-27,2,FR,ECDC,SARIMA,AE,52.465849173065,0.14218469229731615,18,7,0.6869306780912678
2024-10-23,ILI incidence,2024-10-27,2,FR,ECDC,soca_simplex,AE,57.8991444740316,2.1317308993572515e-05,18,8,0.6432200700421219
2024-10-23,ILI incidence,2024-10-27,2,FR,ISI,FluABCaster,AE,67.7125482146454,-0.22585986475159703,18,14,0.5642716932701689
2024-10-23,ILI incidence,2024-10-27,2,FR,ISI,FluBcast,AE,82.1275449042112,-0.5043028230201432,18,16,0.4483037151970365
2024-10-23,ILI incidence,2024-10-27,2,FR,ISI,RC_AdaptEns2,AE,66.8629413345876,-0.2076434730208826,18,13,0.5711067411136862
2024-10-23,ILI incidence,2024-10-27,2,FR,ISI,SEIR_BRW,AE,66.5725247898706,-0.2013635358708168,18,12,0.573443128711624
2024-10-23,ILI incidence,2024-10-27,2,FR,ItaLuxColab,EpiEKF,AE,50.59180481891,0.1946596412526372,18,5,0.7020072777777623
2024-10-23,ILI incidence,2024-10-27,2,FR,ItaLuxColab,EpiNetEKF,AE,59.363680919133,-0.03601720262451681,18,10,0.631437942441929
2024-10-23,ILI incidence,2024-10-27,2,FR,MRC_GIDA,CATBoost,AE,41.6437500260838,0.4754633588174594,18,4,0.7739939625033146
2024-10-23,ILI incidence,2024-10-27,2,FR,MRC_GIDA,NBEATS,AE,19.2643235882274,1.5876318174489166,18,2,0.9540354075570758
2024-10-23,ILI incidence,2024-10-27,2,FR,MRC_GIDA,NHiTS,AE,13.5508545866022,2.095179509995112,18,1,1.0
2024-10-23,ILI incidence,2024-10-27,2,FR,MRC_GIDA,Prophet,AE,24.378734699541,1.2479400987973428,18,3,0.912890207985638
2024-10-23,ILI incidence,2024-10-27,2,FR,QMUL,ARIMA,AE,51.5235068320324,0.16833255761516747,18,6,0.6945117784061472
2024-10-23,ILI incidence,2024-10-27,2,FR,RIVM,KFdlm,AE,106.055777382989,-0.873187960419763,18,17,0.2558021975632297
2024-10-23,ILI incidence,2024-10-27,2,FR,fjordhest,ensemble,AE,68.26,-0.2374770662222667,18,15,0.5598674691133881
2024-10-23,ILI incidence,2024-10-27,2,FR,respicast,hubEnsemble,AE,59.363680919133,-0.03601720262451681,18,10,0.631437942441929
2024-10-23,ILI incidence,2024-10-27,2,FR,respicast,quantileBaseline,AE,57.9,0.0,18,9,0.6432131873754879
2024-10-23,ILI incidence,2024-10-27,2,FR,safinea,syndromic,AE,137.852381,-1.251488932608019,18,18,0.0
2024-10-23,ILI incidence,2024-10-27,2,GB-ENG,ECDC,SARIMA,AE,0.130468994628257,0.6226387870232527,8,6,0.7513557398708653
2024-10-23,ILI incidence,2024-10-27,2,GB-ENG,ECDC,soca_simplex,AE,0.0276188122313199,2.862622602729767,8,2,0.9565757663653058
2024-10-23,ILI incidence,2024-10-27,2,GB-ENG,ISI,FluABCaster,AE,0.108449106592098,0.8893276164587627,8,5,0.7952926770825561
2024-10-23,ILI incidence,2024-10-27,2,GB-ENG,ISI,SEIR_BRW,AE,0.507026176745167,-1.3357144480636727,8,8,0.0
2024-10-23,ILI incidence,2024-10-27,2,GB-ENG,ItaLuxColab,EpiEKF,AE,0.0058558760010369,5.100316969631942,8,1,1.0
2024-10-23,ILI incidence,2024-10-27,2,GB-ENG,RIVM,KFdlm,AE,0.078874201500398,1.3487203846863383,8,4,0.8543043644227428
2024-10-23,ILI incidence,2024-10-27,2,GB-ENG,respicast,hubEnsemble,AE,0.0788742015003971,1.348720384686355,8,3,0.8543043644227447
2024-10-23,ILI incidence,2024-10-27,2,GB-ENG,respicast,quantileBaseline,AE,0.200881650107735,0.0,8,7,0.6108592751463389
2024-10-23,ILI incidence,2024-10-27,2,GB-NIR,ISI,FluABCaster,AE,0.67180291855995,0.3846449792945411,7,3,0.7164092686043846
2024-10-23,ILI incidence,2024-10-27,2,GB-NIR,ISI,SEIR_BRW,AE,1.7408162776397,-0.9890090042043623,7,7,0.0
2024-10-23,ILI incidence,2024-10-27,2,GB-NIR,ItaLuxColab,EpiEKF,AE,0.89829084597678,-0.03449958969329183,7,5,0.5646262725826208
2024-10-23,ILI incidence,2024-10-27,2,GB-NIR,RIVM,KFdlm,AE,0.248633797697386,1.8186606219702264,7,1,1.0
2024-10-23,ILI incidence,2024-10-27,2,GB-NIR,respicast,hubEnsemble,AE,0.350879631055561,1.3217068423268663,7,2,0.9314790015748424
2024-10-23,ILI incidence,2024-10-27,2,GB-NIR,respicast,quantileBaseline,AE,0.877064560187226,0.0,7,4,0.5788512658893205
2024-10-23,ILI incidence,2024-10-27,2,GB-NIR,safinea,syndromic,AE,0.950393059808511,-0.11584125849776496,7,6,0.529709488253572
2024-10-23,ILI incidence,2024-10-27,2,GB-SCT,ECDC,SARIMA,AE,0.100755826154833,2.5412559507733863,9,4,0.9122424094013019
2024-10-23,ILI incidence,2024-10-27,2,GB-SCT,ECDC,soca_simplex,AE,0.0921392722410594,2.6702311070302733,9,2,0.9284247221632136
2024-10-23,ILI incidence,2024-10-27,2,GB-SCT,ISI,FluABCaster,AE,0.0540277705386822,3.4403461596997116,9,1,1.0
2024-10-23,ILI incidence,2024-10-27,2,GB-SCT,ISI,SEIR_BRW,AE,0.496796906373521,0.23946302533696986,9,8,0.16845774899088517
2024-10-23,ILI incidence,2024-10-27,2,GB-SCT,ItaLuxColab,EpiEKF,AE,0.349270361072737,0.7477749935833439,9,6,0.4455198692574883
2024-10-23,ILI incidence,2024-10-27,2,GB-SCT,RIVM,KFdlm,AE,0.249256687305614,1.2344870038557227,9,5,0.633350475966776
2024-10-23,ILI incidence,2024-10-27,2,GB-SCT,respicast,hubEnsemble,AE,0.0976144583834671,2.5869524583266346,9,3,0.9181420528417233
2024-10-23,ILI incidence,2024-10-27,2,GB-SCT,respicast,quantileBaseline,AE,0.586495165066763,0.0,9,9,0.0
2024-10-23,ILI incidence,2024-10-27,2,GB-SCT,safinea,syndromic,AE,0.373706850743287,0.65021220380098,9,7,0.399626937743423
2024-10-23,ILI incidence,2024-10-27,2,GB-WLS,respicast,quantileBaseline,AE,0.374510001848515,0.0,1,1,0.0
2024-10-23,ILI incidence,2024-10-27,2,GR,ECDC,SARIMA,AE,193.211069023936,0.06560524898600793,17,4,0.9594830732224461
2024-10-23,ILI incidence,2024-10-27,2,GR,ECDC,soca_simplex,AE,242.144948612993,-0.26008790994392256,17,11,0.8924583826467901
2024-10-23,ILI incidence,2024-10-27,2,GR,ISI,FluABCaster,AE,256.412417721588,-0.34268313426154295,17,13,0.8729162431243975
2024-10-23,ILI incidence,2024-10-27,2,GR,ISI,FluBcast,AE,168.809278339122,0.26038879553014793,17,2,0.9929061838336746
2024-10-23,ILI incidence,2024-10-27,2,GR,ISI,RC_AdaptEns2,AE,293.31331791155,-0.5366595810095574,17,15,0.8223731135388074
2024-10-23,ILI incidence,2024-10-27,2,GR,ItaLuxColab,EpiEKF,AE,209.467838569352,-0.05094575409012305,17,7,0.9372161906925573
2024-10-23,ILI incidence,2024-10-27,2,GR,ItaLuxColab,EpiNetEKF,AE,226.126064389301,-0.16134429647591295,17,8,0.9143994338668595
2024-10-23,ILI incidence,2024-10-27,2,GR,MRC_GIDA,CATBoost,AE,163.630172801618,0.3053441967753401,17,1,1.0
2024-10-23,ILI incidence,2024-10-27,2,GR,MRC_GIDA,NBEATS,AE,269.023574567757,-0.41194960461814856,17,14,0.8556427530084704
2024-10-23,ILI incidence,2024-10-27,2,GR,MRC_GIDA,NHiTS,AE,188.882290694239,0.09829555398624097,17,3,0.9654121969819983
2024-10-23,ILI incidence,2024-10-27,2,GR,MRC_GIDA,Prophet,AE,893.717535664136,-2.1440359345170323,17,17,0.0
2024-10-23,ILI incidence,2024-10-27,2,GR,QMUL,ARIMA,AE,204.982211078528,-0.019715716868554535,17,6,0.9433601506061172
2024-10-23,ILI incidence,2024-10-27,2,GR,RIVM,KFdlm,AE,250.115972471625,-0.3068141941036633,17,12,0.8815404784834043
2024-10-23,ILI incidence,2024-10-27,2,GR,fjordhest,ensemble,AE,238.72,-0.2395364434648608,17,9,0.8971495316615662
2024-10-23,ILI incidence,2024-10-27,2,GR,respicast,hubEnsemble,AE,240.432474306497,-0.24984877134076486,17,10,0.8948039571541775
2024-10-23,ILI incidence,2024-10-27,2,GR,respicast,quantileBaseline,AE,202.2,0.0,17,5,0.9471709426017758
2024-10-23,ILI incidence,2024-10-27,2,GR,safinea,syndromic,AE,499.9571429,-1.3060214328951727,17,16,0.5393332535167912
2024-10-23,ILI incidence,2024-10-27,2,HR,ECDC,SARIMA,AE,4.76946493697968,-inf,9,9,0.0
2024-10-23,ILI incidence,2024-10-27,2,HR,ECDC,soca_simplex,AE,1.07774714950674,-inf,9,7,0.790483844523097
2024-10-23,ILI incidence,2024-10-27,2,HR,ISI,FluABCaster,AE,0.155945462293591,-inf,9,2,0.9878633257144035
2024-10-23,ILI incidence,2024-10-27,2,HR,ISI,FluBcast,AE,0.26737611850099,-inf,9,3,0.9640033942170797
2024-10-23,ILI incidence,2024-10-27,2,HR,ISI,SEIR_BRW,AE,0.392303015068979,-inf,9,5,0.9372535993604686
2024-10-23,ILI incidence,2024-10-27,2,HR,ItaLuxColab,EpiEKF,AE,1.35371322120988,-inf,9,8,0.7313930001313427
2024-10-23,ILI incidence,2024-10-27,2,HR,ItaLuxColab,EpiNetEKF,AE,0.73932201354225,-inf,9,6,0.8629486476205147
2024-10-23,ILI incidence,2024-10-27,2,HR,RIVM,KFdlm,AE,0.0992647639449316,-inf,9,1,1.0
2024-10-23,ILI incidence,2024-10-27,2,HR,respicast,hubEnsemble,AE,0.26737611850099,-inf,9,3,0.9640033942170797
2024-10-23,ILI incidence,2024-10-27,2,HU,ECDC,SARIMA,AE,43.228243651267,-0.3128869151452002,13,5,0.6171086510257796
2024-10-23,ILI incidence,2024-10-27,2,HU,ECDC,soca_simplex,AE,11.7563115964115,1.5656518034011646,13,2,0.9461622719602794
2024-10-23,ILI incidence,2024-10-27,2,HU,ISI,RC_AdaptEns2,AE,60.9814269391694,-0.8092826031122531,13,10,0.43149090014172264
2024-10-23,ILI incidence,2024-10-27,2,HU,ItaLuxColab,EpiEKF,AE,48.571455061139,-0.4810213999303322,13,7,0.5612429018632442
2024-10-23,ILI incidence,2024-10-27,2,HU,ItaLuxColab,EpiNetEKF,AE,79.09111442752,-1.1844283166718907,13,12,0.24214573278284085
2024-10-23,ILI incidence,2024-10-27,2,HU,MRC_GIDA,CATBoost,AE,6.60706779218924,2.3970052533169413,13,1,1.0
2024-10-23,ILI incidence,2024-10-27,2,HU,MRC_GIDA,NBEATS,AE,74.1635168130241,-1.0916223517029686,13,11,0.29366604728822
2024-10-23,ILI incidence,2024-10-27,2,HU,MRC_GIDA,NHiTS,AE,44.5267938211237,-0.35558642731262025,13,6,0.6035317077795981
2024-10-23,ILI incidence,2024-10-27,2,HU,MRC_GIDA,Prophet,AE,52.1982091309598,-0.5849130041272026,13,8,0.5233235088995907
2024-10-23,ILI incidence,2024-10-27,2,HU,QMUL,ARIMA,AE,54.024859814427,-0.6345361174606936,13,9,0.5042250302764891
2024-10-23,ILI incidence,2024-10-27,2,HU,RIVM,KFdlm,AE,102.25084756728,-1.5549535906702978,13,13,0.0
2024-10-23,ILI incidence,2024-10-27,2,HU,respicast,hubEnsemble,AE,27.492277623839,0.3400608728316736,13,3,0.7816354614930321
2024-10-23,ILI incidence,2024-10-27,2,HU,respicast,quantileBaseline,AE,34.8,0.0,13,4,0.7052298406220741
2024-10-23,ILI incidence,2024-10-27,2,IE,ECDC,SARIMA,AE,6.9197426902296,-0.7203290645325213,18,13,0.3859142881840305
2024-10-23,ILI incidence,2024-10-27,2,IE,ECDC,soca_simplex,AE,6.00689579026644,-0.5162303078108552,18,10,0.5284735684425405
2024-10-23,ILI incidence,2024-10-27,2,IE,ISI,FluABCaster,AE,7.20515207893232,-0.7786395537516498,18,14,0.34134191023749516
2024-10-23,ILI incidence,2024-10-27,2,IE,ISI,FluBcast,AE,9.39085969489933,-1.1608679088795615,18,18,0.0
2024-10-23,ILI incidence,2024-10-27,2,IE,ISI,RC_AdaptEns2,AE,4.85576752056214,-0.20931002348784872,18,7,0.7082452449645199
2024-10-23,ILI incidence,2024-10-27,2,IE,ISI,SEIR_BRW,AE,7.58911191666553,-0.8535417424153464,18,16,0.2813789108367964
2024-10-23,ILI incidence,2024-10-27,2,IE,ItaLuxColab,EpiEKF,AE,5.30443900031708,-0.33681085128678456,18,8,0.6381762298547943
2024-10-23,ILI incidence,2024-10-27,2,IE,ItaLuxColab,EpiNetEKF,AE,6.6518363521123,-0.6633633481149934,18,12,0.42775321510620845
2024-10-23,ILI incidence,2024-10-27,2,IE,MRC_GIDA,CATBoost,AE,4.56332852781272,-0.11969719360741943,18,6,0.7539154360201761
2024-10-23,ILI incidence,2024-10-27,2,IE,MRC_GIDA,NBEATS,AE,4.40805688042644,-0.06975351230163332,18,4,0.7781642057720748
2024-10-23,ILI incidence,2024-10-27,2,IE,MRC_GIDA,NHiTS,AE,3.75286421363045,0.16239723640509948,18,2,0.8804856301126293
2024-10-23,ILI incidence,2024-10-27,2,IE,MRC_GIDA,Prophet,AE,2.98758031310217,0.49141183128108673,18,1,1.0
2024-10-23,ILI incidence,2024-10-27,2,IE,QMUL,ARIMA,AE,7.20909491171918,-0.7794288153002018,18,15,0.34072615812802637
2024-10-23,ILI incidence,2024-10-27,2,IE,RIVM,KFdlm,AE,5.71889718147206,-0.4453476400534032,18,9,0.5734503048337535
2024-10-23,ILI incidence,2024-10-27,2,IE,fjordhest,ensemble,AE,4.5,-0.0995356735509144,18,5,0.7638054508136499
2024-10-23,ILI incidence,2024-10-27,2,IE,respicast,hubEnsemble,AE,6.00689579026644,-0.5162303078108552,18,10,0.5284735684425405
2024-10-23,ILI incidence,2024-10-27,2,IE,respicast,quantileBaseline,AE,4.2,0.0,18,3,0.8106564442050708
2024-10-23,ILI incidence,2024-10-27,2,IE,safinea,syndromic,AE,8.3952381,-0.9991819145809793,18,17,0.1554862025432812
2024-10-23,ILI incidence,2024-10-27,2,IS,respicast,quantileBaseline,AE,1.7,0.0,1,1,0.0
2024-10-23,ILI incidence,2024-10-27,2,IT,respicast,quantileBaseline,AE,191.55,0.0,1,1,0.0
2024-10-23,ILI incidence,2024-10-27,2,LT,ECDC,SARIMA,AE,2.43220436317915,0.20316237250131747,16,12,0.2156573113040844
2024-10-23,ILI incidence,2024-10-27,2,LT,ECDC,soca_simplex,AE,2.85065893098847,-0.025868610209201226,16,16,0.0
2024-10-23,ILI incidence,2024-10-27,2,LT,ISI,FluABCaster,AE,1.49717826969022,0.9031808131983472,16,5,0.6975380908033514
2024-10-23,ILI incidence,2024-10-27,2,LT,ISI,FluBcast,AE,1.71723575100332,0.705338713598506,16,6,0.584127918222903
2024-10-23,ILI incidence,2024-10-27,2,LT,ISI,SEIR_BRW,AE,2.06039139175263,0.44250840951617093,16,10,0.40727712357092927
2024-10-23,ILI incidence,2024-10-27,2,LT,ItaLuxColab,EpiEKF,AE,1.41739468941863,0.9821852783854504,16,3,0.7386558458266996
2024-10-23,ILI incidence,2024-10-27,2,LT,ItaLuxColab,EpiNetEKF,AE,1.82721049400325,0.6157839856722089,16,9,0.5274506604960144
2024-10-23,ILI incidence,2024-10-27,2,LT,MRC_GIDA,CATBoost,AE,2.31549194998496,0.2741080857783719,16,11,0.2758069360459981
2024-10-23,ILI incidence,2024-10-27,2,LT,MRC_GIDA,NBEATS,AE,2.48860585319922,0.17008907361414896,16,13,0.1865898936511959
2024-10-23,ILI incidence,2024-10-27,2,LT,MRC_GIDA,NHiTS,AE,2.67430646535908,0.0662620248955859,16,14,0.09088608777431341
2024-10-23,ILI incidence,2024-10-27,2,LT,MRC_GIDA,Prophet,AE,0.910290829026536,1.6210273761289957,16,1,1.0
2024-10-23,ILI incidence,2024-10-27,2,LT,RIVM,KFdlm,AE,1.82116647211251,0.6205640226402371,16,7,0.530565544669089
2024-10-23,ILI incidence,2024-10-27,2,LT,fjordhest,ensemble,AE,1.49,0.9101144964828048,16,4,0.7012375278756069
2024-10-23,ILI incidence,2024-10-27,2,LT,respicast,hubEnsemble,AE,1.82116647211251,0.6205640226402371,16,7,0.530565544669089
2024-10-23,ILI incidence,2024-10-27,2,LT,respicast,quantileBaseline,AE,2.8,0.0,16,15,0.026107897226947927
2024-10-23,ILI incidence,2024-10-27,2,LT,safinea,syndromic,AE,1.19047619,1.2338880607513552,16,2,0.855601954757881
2024-10-23,ILI incidence,2024-10-27,2,LU,ECDC,SARIMA,AE,853.85739316555,0.2279329563677828,14,4,0.7097894249674723
2024-10-23,ILI incidence,2024-10-27,2,LU,ECDC,soca_simplex,AE,1639.05515190439,-0.7128643999164924,14,12,0.3016528140716078
2024-10-23,ILI incidence,2024-10-27,2,LU,ISI,FluABCaster,AE,1162.09428637295,-0.2167271263709127,14,9,0.5495714931832564
2024-10-23,ILI incidence,2024-10-27,2,LU,ItaLuxColab,EpiEKF,AE,811.99983587508,0.300448659080645,14,3,0.7315464936584873
2024-10-23,ILI incidence,2024-10-27,2,LU,ItaLuxColab,EpiNetEKF,AE,2219.39297802194,-1.1501651417336807,14,14,0.0
2024-10-23,ILI incidence,2024-10-27,2,LU,MRC_GIDA,CATBoost,AE,1050.96395437336,-0.0717131890540611,14,6,0.6073357399163276
2024-10-23,ILI incidence,2024-10-27,2,LU,MRC_GIDA,NBEATS,AE,1445.3005524518,-0.5313695345558144,14,11,0.4023641886087422
2024-10-23,ILI incidence,2024-10-27,2,LU,MRC_GIDA,NHiTS,AE,295.532834685811,1.7586096673380769,14,1,1.0
2024-10-23,ILI incidence,2024-10-27,2,LU,MRC_GIDA,Prophet,AE,1998.99695981209,-0.9992762779517969,14,13,0.11455927239475194
2024-10-23,ILI incidence,2024-10-27,2,LU,QMUL,ARIMA,AE,1231.29774017543,-0.3001796621764186,14,10,0.5136003473376568
2024-10-23,ILI incidence,2024-10-27,2,LU,RIVM,KFdlm,AE,1140.37068264834,-0.18950285517284843,14,8,0.56086316830832
2024-10-23,ILI incidence,2024-10-27,2,LU,fjordhest,ensemble,AE,1122.9,-0.16722945407166875,14,7,0.5699442248023978
2024-10-23,ILI incidence,2024-10-27,2,LU,respicast,hubEnsemble,AE,728.81356052938,0.4563782922697875,14,2,0.7747857465916284
2024-10-23,ILI incidence,2024-10-27,2,LU,respicast,quantileBaseline,AE,1000.0,0.0,14,5,0.6338262072976958
2024-10-23,ILI incidence,2024-10-27,2,LV,ECDC,SARIMA,AE,22.9,-0.19534759832221918,10,8,0.9871577485396315
2024-10-23,ILI incidence,2024-10-27,2,LV,ItaLuxColab,EpiEKF,AE,1696.78481796279,-6.406659807252894,10,10,0.0
2024-10-23,ILI incidence,2024-10-27,2,LV,ItaLuxColab,EpiNetEKF,AE,506.855469105597,-4.663502513258213,10,9,0.701749585356003
2024-10-23,ILI incidence,2024-10-27,2,LV,MRC_GIDA,CATBoost,AE,18.7546611139083,0.09275080544642142,10,5,0.9896024229627548
2024-10-23,ILI incidence,2024-10-27,2,LV,MRC_GIDA,NBEATS,AE,11.0125832626871,0.8608470730484845,10,2,0.9941682401914048
2024-10-23,ILI incidence,2024-10-27,2,LV,MRC_GIDA,NHiTS,AE,1.12389604926629,4.153419490060942,10,1,1.0
2024-10-23,ILI incidence,2024-10-27,2,LV,MRC_GIDA,Prophet,AE,11.723575133324,0.7705874097115963,10,3,0.9937489394565417
2024-10-23,ILI incidence,2024-10-27,2,LV,RIVM,KFdlm,AE,19.0710209868122,0.06861791811222992,10,6,0.9894158527181879
2024-10-23,ILI incidence,2024-10-27,2,LV,respicast,hubEnsemble,AE,11.723575133324,0.7705874097115963,10,3,0.9937489394565417
2024-10-23,ILI incidence,2024-10-27,2,LV,respicast,quantileBaseline,AE,20.0,0.0,10,7,0.9888679961265886
2024-10-23,ILI incidence,2024-10-27,2,MT,ECDC,SARIMA,AE,214.05813912833,0.48695980857881244,9,2,0.8352091978063801
2024-10-23,ILI incidence,2024-10-27,2,MT,ECDC,soca_simplex,AE,17.4774980456805,4.101391921950569,9,1,1.0
2024-10-23,ILI incidence,2024-10-27,2,MT,ISI,FluABCaster,AE,1089.78532062364,-1.8610095572642054,9,8,0.10109934880707785
2024-10-23,ILI incidence,2024-10-27,2,MT,ISI,FluBcast,AE,1210.38777256257,-2.012434912682432,9,9,0.0
2024-10-23,ILI incidence,2024-10-27,2,MT,ItaLuxColab,EpiEKF,AE,1063.52898425479,-1.8258249456320204,9,7,0.12310966838411684
2024-10-23,ILI incidence,2024-10-27,2,MT,ItaLuxColab,EpiNetEKF,AE,258.10076667911,0.21702807380881164,9,3,0.7982888790769463
2024-10-23,ILI incidence,2024-10-27,2,MT,RIVM,KFdlm,AE,288.916816113409,0.05430832375743411,9,5,0.7724562158057886
2024-10-23,ILI incidence,2024-10-27,2,MT,respicast,hubEnsemble,AE,258.10076667911,0.21702807380881164,9,3,0.7982888790769463
2024-10-23,ILI incidence,2024-10-27,2,MT,respicast,quantileBaseline,AE,300.0,0.0,9,6,0.7631653377545626
2024-10-23,ILI incidence,2024-10-27,2,NL,ECDC,SARIMA,AE,11.9603058226495,-0.08193150679346185,13,2,0.9506228598834111
2024-10-23,ILI incidence,2024-10-27,2,NL,ECDC,soca_simplex,AE,14.8112658867286,-0.3903721772677966,13,5,0.7374303516211346
2024-10-23,ILI incidence,2024-10-27,2,NL,ISI,FluABCaster,AE,17.8794140004887,-0.6619766801870819,13,11,0.5079966951016511
2024-10-23,ILI incidence,2024-10-27,2,NL,ISI,FluBcast,AE,24.6727028558234,-1.1265929966294523,13,13,0.0
2024-10-23,ILI incidence,2024-10-27,2,NL,ISI,RC_AdaptEns2,AE,12.6026076068802,-0.15739950015550724,13,3,0.9025920473277431
2024-10-23,ILI incidence,2024-10-27,2,NL,ISI,SEIR_BRW,AE,17.7438859316546,-0.6509992234922442,13,10,0.5181313754497666
2024-10-23,ILI incidence,2024-10-27,2,NL,ItaLuxColab,EpiEKF,AE,17.050846530378,-0.5935205944600683,13,9,0.5699563063368538
2024-10-23,ILI incidence,2024-10-27,2,NL,ItaLuxColab,EpiNetEKF,AE,15.3755151194182,-0.44431197262644345,13,6,0.6952362463027855
2024-10-23,ILI incidence,2024-10-27,2,NL,RIVM,KFdlm,AE,15.5548535878264,-0.46104204273257854,13,8,0.6818254593929347
2024-10-23,ILI incidence,2024-10-27,2,NL,fjordhest,ensemble,AE,13.49,-0.25556757564571747,13,4,0.8362335555039778
2024-10-23,ILI incidence,2024-10-27,2,NL,respicast,hubEnsemble,AE,15.4651843536223,-0.452701258618685,13,7,0.6885308528478601
2024-10-23,ILI incidence,2024-10-27,2,NL,respicast,quantileBaseline,AE,11.3,0.0,13,1,1.0
2024-10-23,ILI incidence,2024-10-27,2,NL,safinea,syndromic,AE,22.67619048,-1.0048555203187537,13,12,0.14929759505977364
2024-10-23,ILI incidence,2024-10-27,2,NO,ECDC,SARIMA,AE,4.6092659972842,-0.3565401203709774,18,16,0.2821563784827225
2024-10-23,ILI incidence,2024-10-27,2,NO,ECDC,soca_simplex,AE,6.32681306929235,-0.8134820643588362,18,18,0.0
2024-10-23,ILI incidence,2024-10-27,2,NO,ISI,FluABCaster,AE,0.23959618181971,3.9093200837732955,18,1,1.0
2024-10-23,ILI incidence,2024-10-27,2,NO,ISI,FluBcast,AE,2.52,0.5145731728297582,18,10,0.6253782540797402
2024-10-23,ILI incidence,2024-10-27,2,NO,ISI,RC_AdaptEns2,AE,1.44651589748521,1.3154147277070412,18,3,0.8017288133515803
2024-10-23,ILI incidence,2024-10-27,2,NO,ISI,SEIR_BRW,AE,1.90219122231241,0.9203346227040888,18,5,0.7268710691228558
2024-10-23,ILI incidence,2024-10-27,2,NO,ItaLuxColab,EpiEKF,AE,3.4771091985053,0.05010853098544834,18,13,0.46814561128118803
2024-10-23,ILI incidence,2024-10-27,2,NO,ItaLuxColab,EpiNetEKF,AE,0.584403183800401,2.6229609635463875,18,2,0.943355558319222
2024-10-23,ILI incidence,2024-10-27,2,NO,MRC_GIDA,CATBoost,AE,2.74584287918869,0.3907478316528084,18,11,0.5882770823351504
2024-10-23,ILI incidence,2024-10-27,2,NO,MRC_GIDA,NBEATS,AE,2.36394964421062,0.6067976023514214,18,9,0.6510140016921718
2024-10-23,ILI incidence,2024-10-27,2,NO,MRC_GIDA,NHiTS,AE,3.35617681557388,0.10117818236484444,18,12,0.4880122244094793
2024-10-23,ILI incidence,2024-10-27,2,NO,MRC_GIDA,Prophet,AE,4.0015363964264,-0.15255712492666326,18,15,0.38199339958648737
2024-10-23,ILI incidence,2024-10-27,2,NO,QMUL,ARIMA,AE,2.292426322403,0.6511215395882407,18,7,0.6627637591149463
2024-10-23,ILI incidence,2024-10-27,2,NO,RIVM,KFdlm,AE,2.12797050957165,0.7585187491319856,18,6,0.6897803441769631
2024-10-23,ILI incidence,2024-10-27,2,NO,fjordhest,ensemble,AE,1.5,1.2630344058337937,18,4,0.7929425151953804
2024-10-23,ILI incidence,2024-10-27,2,NO,respicast,hubEnsemble,AE,2.292426322403,0.6511215395882407,18,7,0.6627637591149463
2024-10-23,ILI incidence,2024-10-27,2,NO,respicast,quantileBaseline,AE,3.6,0.0,18,14,0.44795727172200356
2024-10-23,ILI incidence,2024-10-27,2,NO,safinea,syndromic,AE,4.96190476,-0.46289713750361805,18,17,0.22422534542859832
2024-10-23,ILI incidence,2024-10-27,2,PL,ECDC,SARIMA,AE,7.97970668396397,0.43662369007257107,17,3,0.9665381090611436
2024-10-23,ILI incidence,2024-10-27,2,PL,ECDC,soca_simplex,AE,18.7763655205497,-0.7978865198827791,17,8,0.916536576102924
2024-10-23,ILI incidence,2024-10-27,2,PL,ISI,FluABCaster,AE,29.0347519628806,-1.4267493970969902,17,11,0.8690278925779596
2024-10-23,ILI incidence,2024-10-27,2,PL,ISI,FluBcast,AE,48.34,-2.162186160714752,17,13,0.7796213446259557
2024-10-23,ILI incidence,2024-10-27,2,PL,ISI,RC_AdaptEns2,AE,61.5294043717609,-2.510244714376311,17,14,0.7185385182279288
2024-10-23,ILI incidence,2024-10-27,2,PL,ItaLuxColab,EpiEKF,AE,4.96544870245498,1.1210353145864456,17,2,0.9804977536223178
2024-10-23,ILI incidence,2024-10-27,2,PL,ItaLuxColab,EpiNetEKF,AE,14.269222035455,-0.40187536817220315,17,6,0.9374100784454927
2024-10-23,ILI incidence,2024-10-27,2,PL,MRC_GIDA,CATBoost,AE,11.8836659241234,-0.13794864114991404,17,5,0.9484580761945954
2024-10-23,ILI incidence,2024-10-27,2,PL,MRC_GIDA,NBEATS,AE,0.754395796080814,3.83956586563914,17,1,1.0
2024-10-23,ILI incidence,2024-10-27,2,PL,MRC_GIDA,NHiTS,AE,27.6885234818275,-1.3582568102131438,17,10,0.8752625517242291
2024-10-23,ILI incidence,2024-10-27,2,PL,MRC_GIDA,Prophet,AE,113.79670026107,-3.3973555072256287,17,15,0.4764779921334724
2024-10-23,ILI incidence,2024-10-27,2,PL,QMUL,ARIMA,AE,18.9595243256588,-0.8118914566142144,17,9,0.9156883302549383
2024-10-23,ILI incidence,2024-10-27,2,PL,RIVM,KFdlm,AE,206.937855107688,-4.260094363803941,17,16,0.04512227419151628
2024-10-23,ILI incidence,2024-10-27,2,PL,fjordhest,ensemble,AE,31.35,-1.5374341306385704,17,12,0.8583055058853106
2024-10-23,ILI incidence,2024-10-27,2,PL,respicast,hubEnsemble,AE,16.522793778002,-0.6134263349553319,17,7,0.9269733272742099
2024-10-23,ILI incidence,2024-10-27,2,PL,respicast,quantileBaseline,AE,10.8,0.0,17,4,0.9534767544950659
2024-10-23,ILI incidence,2024-10-27,2,PL,safinea,syndromic,AE,216.6809524,-4.326469119659548,17,17,0.0
2024-10-23,ILI incidence,2024-10-27,2,RO,ECDC,SARIMA,AE,0.97723737140748,-inf,13,13,0.0
2024-10-23,ILI incidence,2024-10-27,2,RO,ISI,FluABCaster,AE,0.594482561472573,-inf,13,10,0.41465016791822146
2024-10-23,ILI incidence,2024-10-27,2,RO,ISI,FluBcast,AE,0.2,-inf,13,6,0.8420053731558259
2024-10-23,ILI incidence,2024-10-27,2,RO,ISI,RC_AdaptEns2,AE,0.824469245477881,-inf,13,12,0.16549845338333696
2024-10-23,ILI incidence,2024-10-27,2,RO,ISI,SEIR_BRW,AE,0.19994062210258,-inf,13,5,0.84206969907544
2024-10-23,ILI incidence,2024-10-27,2,RO,ItaLuxColab,EpiEKF,AE,0.541889927912359,-inf,13,9,0.4716254005500801
2024-10-23,ILI incidence,2024-10-27,2,RO,ItaLuxColab,EpiNetEKF,AE,0.054158497819769,-inf,13,1,1.0
2024-10-23,ILI incidence,2024-10-27,2,RO,MRC_GIDA,CATBoost,AE,0.13931296806851,-inf,13,3,0.9077495188273859
2024-10-23,ILI incidence,2024-10-27,2,RO,MRC_GIDA,NBEATS,AE,0.142710174163007,-inf,13,4,0.9040692200016819
2024-10-23,ILI incidence,2024-10-27,2,RO,MRC_GIDA,NHiTS,AE,0.278153131879533,-inf,13,8,0.7573396591895026
2024-10-23,ILI incidence,2024-10-27,2,RO,MRC_GIDA,Prophet,AE,0.802875166389799,-inf,13,11,0.1888919896303022
2024-10-23,ILI incidence,2024-10-27,2,RO,RIVM,KFdlm,AE,0.0954784209420954,-inf,13,2,0.9552368445377489
2024-10-23,ILI incidence,2024-10-27,2,RO,respicast,hubEnsemble,AE,0.2,-inf,13,6,0.8420053731558259
2024-10-23,ILI incidence,2024-10-27,2,SI,ECDC,SARIMA,AE,14.654415505269,-0.8553416138417318,16,14,0.26284984438867237
2024-10-23,ILI incidence,2024-10-27,2,SI,ISI,FluABCaster,AE,9.81467491547227,-0.2770185751192394,16,9,0.5076031122718561
2024-10-23,ILI incidence,2024-10-27,2,SI,ISI,FluBcast,AE,7.86,0.04339259551338037,16,6,0.6064540866855938
2024-10-23,ILI incidence,2024-10-27,2,SI,ISI,RC_AdaptEns2,AE,19.8519970203676,-1.2932903301003336,16,16,0.0
2024-10-23,ILI incidence,2024-10-27,2,SI,ISI,SEIR_BRW,AE,0.969345778147224,3.062838617498015,16,4,0.9549252717336246
2024-10-23,ILI incidence,2024-10-27,2,SI,ItaLuxColab,EpiEKF,AE,8.23565454091635,-0.02396140684910273,16,8,0.5874566477157717
2024-10-23,ILI incidence,2024-10-27,2,SI,ItaLuxColab,EpiNetEKF,AE,12.4177959805691,-0.6164153209904188,16,12,0.37595919963711666
2024-10-23,ILI incidence,2024-10-27,2,SI,MRC_GIDA,CATBoost,AE,4.0536945931186,0.9986845082873337,16,5,0.7989449174668322
2024-10-23,ILI incidence,2024-10-27,2,SI,MRC_GIDA,NBEATS,AE,0.0780400405300521,6.697563570561978,16,1,1.0
2024-10-23,ILI incidence,2024-10-27,2,SI,MRC_GIDA,NHiTS,AE,0.120532646089475,6.070426051677898,16,2,0.9978510823300186
2024-10-23,ILI incidence,2024-10-27,2,SI,MRC_GIDA,Prophet,AE,0.262476553366926,4.947661448113652,16,3,0.9906727564429854
2024-10-23,ILI incidence,2024-10-27,2,SI,RIVM,KFdlm,AE,16.6444062588363,-1.0390435943036682,16,15,0.162212892685157
2024-10-23,ILI incidence,2024-10-27,2,SI,fjordhest,ensemble,AE,10.84,-0.42037094358188454,16,11,0.4557508155578904
2024-10-23,ILI incidence,2024-10-27,2,SI,respicast,hubEnsemble,AE,9.8146749154723,-0.2770185751192439,16,10,0.5076031122718545
2024-10-23,ILI incidence,2024-10-27,2,SI,respicast,quantileBaseline,AE,8.1,0.0,16,7,0.5943169104873894
2024-10-23,ILI incidence,2024-10-27,2,SI,safinea,syndromic,AE,12.57142857,-0.6341547884184882,16,13,0.3681897587716616
2024-10-23,ILI incidence,2024-11-03,3,AT,ECDC,SARIMA,AE,1433.58270770606,0.09960003762037278,10,9,0.07202169129744239
2024-10-23,ILI incidence,2024-11-03,3,AT,ItaLuxColab,EpiEKF,AE,645.16584382488,1.251483211120822,10,5,0.6261801423791666
2024-10-23,ILI incidence,2024-11-03,3,AT,ItaLuxColab,EpiNetEKF,AE,1187.02423163795,0.37187579190080927,10,7,0.24532146386492235
2024-10-23,ILI incidence,2024-11-03,3,AT,MRC_GIDA,CATBoost,AE,137.425045504856,3.4825083158232553,10,2,0.9830584224338497
2024-10-23,ILI incidence,2024-11-03,3,AT,MRC_GIDA,NBEATS,AE,715.814623618762,1.101567255551554,10,6,0.576522885951821
2024-10-23,ILI incidence,2024-11-03,3,AT,MRC_GIDA,NHiTS,AE,454.703204599425,1.7562281011503391,10,4,0.7600515573341137
2024-10-23,ILI incidence,2024-11-03,3,AT,MRC_GIDA,Prophet,AE,113.321785096518,3.7607280399124026,10,1,1.0
2024-10-23,ILI incidence,2024-11-03,3,AT,RIVM,KFdlm,AE,1386.84156727448,0.1474221943731014,10,8,0.1048748672884387
2024-10-23,ILI incidence,2024-11-03,3,AT,respicast,hubEnsemble,AE,137.42504550486,3.482508315823213,10,3,0.9830584224338468
2024-10-23,ILI incidence,2024-11-03,3,AT,respicast,quantileBaseline,AE,1536.05,0.0,10,10,0.0
2024-10-23,ILI incidence,2024-11-03,3,BE,ECDC,SARIMA,AE,159.444326541083,0.1916781587895881,18,3,0.945972950683321
2024-10-23,ILI incidence,2024-11-03,3,BE,ECDC,soca_simplex,AE,463.394816664882,-1.3475109846119964,18,18,0.0
2024-10-23,ILI incidence,2024-11-03,3,BE,ISI,FluABCaster,AE,276.954707787074,-0.6049191399031796,18,15,0.5802500922075344
2024-10-23,ILI incidence,2024-11-03,3,BE,ISI,FluBcast,AE,187.494943802651,-0.042120768498051166,18,7,0.858672136762586
2024-10-23,ILI incidence,2024-11-03,3,BE,ISI,RC_AdaptEns2,AE,242.662831023222,-0.4142222236483257,18,14,0.686975328391748
2024-10-23,ILI incidence,2024-11-03,3,BE,ISI,SEIR_BRW,AE,235.244288972195,-0.36942877674318725,18,13,0.7100637600337565
2024-10-23,ILI incidence,2024-11-03,3,BE,ItaLuxColab,EpiEKF,AE,218.77643905494,-0.26472645434926007,18,12,0.7613159905246197
2024-10-23,ILI incidence,2024-11-03,3,BE,ItaLuxColab,EpiNetEKF,AE,207.807842186123,-0.19051917692038053,18,11,0.7954531157538782
2024-10-23,ILI incidence,2024-11-03,3,BE,MRC_GIDA,CATBoost,AE,189.219376292234,-0.05532890763846682,18,8,0.8533052545122545
2024-10-23,ILI incidence,2024-11-03,3,BE,MRC_GIDA,NBEATS,AE,142.084899817639,0.3579776831160025,18,1,1.0
2024-10-23,ILI incidence,2024-11-03,3,BE,MRC_GIDA,NHiTS,AE,171.533114881834,0.08624380326945368,18,4,0.9083494983499211
2024-10-23,ILI incidence,2024-11-03,3,BE,MRC_GIDA,Prophet,AE,146.447408103949,0.3143482623761958,18,2,0.986422739985383
2024-10-23,ILI incidence,2024-11-03,3,BE,QMUL,ARIMA,AE,176.263728317089,0.04699529598813299,18,5,0.8936265994065186
2024-10-23,ILI incidence,2024-11-03,3,BE,RIVM,KFdlm,AE,342.435171673462,-0.9110999669036521,18,16,0.37645786404073733
2024-10-23,ILI incidence,2024-11-03,3,BE,fjordhest,ensemble,AE,194.47,-0.09481669207705137,18,9,0.8369639484010513
2024-10-23,ILI incidence,2024-11-03,3,BE,respicast,hubEnsemble,AE,194.47,-0.09481669207705137,18,9,0.8369639484010513
2024-10-23,ILI incidence,2024-11-03,3,BE,respicast,quantileBaseline,AE,182.1,0.0,18,6,0.8754626045314842
2024-10-23,ILI incidence,2024-11-03,3,BE,safinea,syndromic,AE,364.5190476,-1.0012632808796582,18,17,0.3077271004738065
2024-10-23,ILI incidence,2024-11-03,3,CH,ECDC,SARIMA,AE,2.17134720124832,1.1280449756697266,11,2,0.9614487774275535
2024-10-23,ILI incidence,2024-11-03,3,CH,ECDC,soca_simplex,AE,23.7771216738618,-2.3248667670148366,11,9,0.21110435482503886
2024-10-23,ILI incidence,2024-11-03,3,CH,ISI,FluABCaster,AE,25.7034999866806,-2.437257507273363,11,10,0.14420338699913587
2024-10-23,ILI incidence,2024-11-03,3,CH,ISI,FluBcast,AE,29.855760953563,-2.6533020261078843,11,11,0.0
2024-10-23,ILI incidence,2024-11-03,3,CH,ISI,SEIR_BRW,AE,13.1765691173049,-1.473267459852872,11,6,0.5792497086238355
2024-10-23,ILI incidence,2024-11-03,3,CH,ItaLuxColab,EpiEKF,AE,1.06128494789692,2.160823346672342,11,1,1.0
2024-10-23,ILI incidence,2024-11-03,3,CH,ItaLuxColab,EpiNetEKF,AE,6.00052427959078,-0.3384531489216949,11,4,0.8284657331245779
2024-10-23,ILI incidence,2024-11-03,3,CH,RIVM,KFdlm,AE,11.2459080405253,-1.2446928409070952,11,5,0.6462994120599977
2024-10-23,ILI incidence,2024-11-03,3,CH,respicast,hubEnsemble,AE,14.970450750434,-1.6574103466508598,11,7,0.5169502025388452
2024-10-23,ILI incidence,2024-11-03,3,CH,respicast,quantileBaseline,AE,4.74574771600028,0.0,11,3,0.8720427221048112
2024-10-23,ILI incidence,2024-11-03,3,CH,safinea,syndromic,AE,16.764332383563,-1.8206877169345794,11,8,0.4546506964538584
2024-10-23,ILI incidence,2024-11-03,3,CZ,ECDC,SARIMA,AE,7.6158069193558,-1.1634621566501433,17,10,0.6859169308927515
2024-10-23,ILI incidence,2024-11-03,3,CZ,ECDC,soca_simplex,AE,0.0810302374755452,5.39093056745305,17,1,1.0
2024-10-23,ILI incidence,2024-11-03,3,CZ,ISI,FluABCaster,AE,8.14749998517465,-1.2608226979757062,17,12,0.6637535945410556
2024-10-23,ILI incidence,2024-11-03,3,CZ,ISI,FluBcast,AE,15.9191254598471,-2.2271544300468062,17,15,0.3397976122878324
2024-10-23,ILI incidence,2024-11-03,3,CZ,ISI,RC_AdaptEns2,AE,7.23751644734623,-1.0899599752850637,17,8,0.7016857635309532
2024-10-23,ILI incidence,2024-11-03,3,CZ,ItaLuxColab,EpiEKF,AE,8.919543174953,-1.391435076326681,17,13,0.6315713939574514
2024-10-23,ILI incidence,2024-11-03,3,CZ,ItaLuxColab,EpiNetEKF,AE,12.4059297008415,-1.8674232034270144,17,14,0.4862432672754057
2024-10-23,ILI incidence,2024-11-03,3,CZ,MRC_GIDA,CATBoost,AE,2.06041949049732,0.7225966539794522,17,2,0.9174902352392156
2024-10-23,ILI incidence,2024-11-03,3,CZ,MRC_GIDA,NBEATS,AE,4.78155600272277,-0.49194542667929453,17,5,0.804061139288055
2024-10-23,ILI incidence,2024-11-03,3,CZ,MRC_GIDA,NHiTS,AE,5.80864915876361,-0.7726679476377991,17,6,0.7612473195388735
2024-10-23,ILI incidence,2024-11-03,3,CZ,MRC_GIDA,Prophet,AE,7.69851125967363,-1.1790447376337092,17,11,0.6824694454353547
2024-10-23,ILI incidence,2024-11-03,3,CZ,QMUL,ARIMA,AE,6.17804748390714,-0.8616162130671403,17,7,0.745849151207864
2024-10-23,ILI incidence,2024-11-03,3,CZ,RIVM,KFdlm,AE,24.07078779842,-2.8236767082127723,17,17,0.0
2024-10-23,ILI incidence,2024-11-03,3,CZ,fjordhest,ensemble,AE,2.19,0.6346038765365283,17,3,0.9120887421572831
2024-10-23,ILI incidence,2024-11-03,3,CZ,respicast,hubEnsemble,AE,7.426661683351,-1.1271791124281383,17,9,0.693801347211853
2024-10-23,ILI incidence,2024-11-03,3,CZ,respicast,quantileBaseline,AE,3.4,0.0,17,4,0.8616505500694277
2024-10-23,ILI incidence,2024-11-03,3,CZ,safinea,syndromic,AE,18.18571429,-2.4191989409334056,17,16,0.2453160893130889
2024-10-23,ILI incidence,2024-11-03,3,DK,ECDC,SARIMA,AE,10.246552402043,-2.9785550477897114,16,4,0.7965417799028552
2024-10-23,ILI incidence,2024-11-03,3,DK,ECDC,soca_simplex,AE,14.7069010958681,-3.499909758701515,16,9,0.701354829369979
2024-10-23,ILI incidence,2024-11-03,3,DK,ISI,FluABCaster,AE,23.1927103409998,-4.157087897354255,16,11,0.5202617444356089
2024-10-23,ILI incidence,2024-11-03,3,DK,ISI,RC_AdaptEns2,AE,0.712739193636423,0.8670654575735679,16,1,1.0
2024-10-23,ILI incidence,2024-11-03,3,DK,ItaLuxColab,EpiEKF,AE,16.02659994457,-3.623884860732049,16,10,0.6731915359477434
2024-10-23,ILI incidence,2024-11-03,3,DK,ItaLuxColab,EpiNetEKF,AE,12.167082639393,-3.2263997591405214,16,8,0.7555563257941644
2024-10-23,ILI incidence,2024-11-03,3,DK,MRC_GIDA,CATBoost,AE,34.5395784346614,-4.731666946106279,16,14,0.27811166916689917
2024-10-23,ILI incidence,2024-11-03,3,DK,MRC_GIDA,NBEATS,AE,36.5250323748372,-4.812302023430263,16,15,0.23574069798017225
2024-10-23,ILI incidence,2024-11-03,3,DK,MRC_GIDA,NHiTS,AE,30.1957350236441,-4.537761263079335,16,12,0.3708123157462757
2024-10-23,ILI incidence,2024-11-03,3,DK,MRC_GIDA,Prophet,AE,47.5715645773171,-5.1935159463941005,16,16,0.0
2024-10-23,ILI incidence,2024-11-03,3,DK,QMUL,ARIMA,AE,11.1260575862726,-3.0973589494611806,16,7,0.7777725261490916
2024-10-23,ILI incidence,2024-11-03,3,DK,RIVM,KFdlm,AE,6.19340260741907,-2.252220609471732,16,3,0.8830388220595181
2024-10-23,ILI incidence,2024-11-03,3,DK,fjordhest,ensemble,AE,11.12,-3.0965732596950417,16,6,0.7779017992630249
2024-10-23,ILI incidence,2024-11-03,3,DK,respicast,hubEnsemble,AE,10.246552402043,-2.9785550477897114,16,4,0.7965417799028552
2024-10-23,ILI incidence,2024-11-03,3,DK,respicast,quantileBaseline,AE,1.30000000000001,0.0,16,2,0.9874674449998461
2024-10-23,ILI incidence,2024-11-03,3,DK,safinea,syndromic,AE,31.5238095,-4.599858359685068,16,13,0.34247028059107054
2024-10-23,ILI incidence,2024-11-03,3,EE,ItaLuxColab,EpiEKF,AE,45.450611395718,-1.3124560529868015,6,3,0.8374560090582063
2024-10-23,ILI incidence,2024-11-03,3,EE,ItaLuxColab,EpiNetEKF,AE,0.419830104144978,5.445894218715654,6,1,1.0
2024-10-23,ILI incidence,2024-11-03,3,EE,RIVM,KFdlm,AE,277.45733257139,-3.922350377046292,6,6,0.0
2024-10-23,ILI incidence,2024-11-03,3,EE,respicast,hubEnsemble,AE,203.7,-3.4765304266818453,6,4,0.2662359136020242
2024-10-23,ILI incidence,2024-11-03,3,EE,respicast,quantileBaseline,AE,18.3,0.0,6,2,0.9354593882177773
2024-10-23,ILI incidence,2024-11-03,3,EE,safinea,syndromic,AE,203.7,-3.4765304266818453,6,4,0.2662359136020242
2024-10-23,ILI incidence,2024-11-03,3,FR,ECDC,SARIMA,AE,61.389399400866,0.26367506392268747,18,5,0.6691947069291392
2024-10-23,ILI incidence,2024-11-03,3,FR,ECDC,soca_simplex,AE,90.0401687381027,-0.28890414113005164,18,14,0.49049524127706473
2024-10-23,ILI incidence,2024-11-03,3,FR,ISI,FluABCaster,AE,96.1067923542047,-0.3829737778538729,18,15,0.4526567320995571
2024-10-23,ILI incidence,2024-11-03,3,FR,ISI,FluBcast,AE,119.754768754816,-0.7003465822336168,18,16,0.30516049223245395
2024-10-23,ILI incidence,2024-11-03,3,FR,ISI,RC_AdaptEns2,AE,89.5395920412213,-0.2808611257532798,18,13,0.4936174188073667
2024-10-23,ILI incidence,2024-11-03,3,FR,ISI,SEIR_BRW,AE,82.4142589565137,-0.16122934850280024,18,10,0.5380592695598848
2024-10-23,ILI incidence,2024-11-03,3,FR,ItaLuxColab,EpiEKF,AE,65.114877117464,0.17867741860983224,18,7,0.6459583020208239
2024-10-23,ILI incidence,2024-11-03,3,FR,ItaLuxColab,EpiNetEKF,AE,75.388438435079,-0.03267866954072426,18,9,0.5818804444180414
2024-10-23,ILI incidence,2024-11-03,3,FR,MRC_GIDA,CATBoost,AE,54.0552483641701,0.44722991955899916,18,4,0.7149389889008557
2024-10-23,ILI incidence,2024-11-03,3,FR,MRC_GIDA,NBEATS,AE,15.3554641127474,2.262912501468284,18,2,0.9563157800501159
2024-10-23,ILI incidence,2024-11-03,3,FR,MRC_GIDA,NHiTS,AE,36.5290076905319,1.0126220558583872,18,3,0.8242529764732003
2024-10-23,ILI incidence,2024-11-03,3,FR,MRC_GIDA,Prophet,AE,8.35160148286094,3.1415398423881906,18,1,1.0
2024-10-23,ILI incidence,2024-11-03,3,FR,QMUL,ARIMA,AE,63.6888477233283,0.21062384876707838,18,6,0.6548526771678468
2024-10-23,ILI incidence,2024-11-03,3,FR,RIVM,KFdlm,AE,138.216165908723,-0.907189840297402,18,17,0.19001378298488653
2024-10-23,ILI incidence,2024-11-03,3,FR,fjordhest,ensemble,AE,85.23,-0.20969671292826528,18,12,0.5204970388929527
2024-10-23,ILI incidence,2024-11-03,3,FR,respicast,hubEnsemble,AE,82.414258956514,-0.16122934850280543,18,11,0.5380592695598829
2024-10-23,ILI incidence,2024-11-03,3,FR,respicast,quantileBaseline,AE,73.7,0.0,18,8,0.5924115070426984
2024-10-23,ILI incidence,2024-11-03,3,FR,safinea,syndromic,AE,168.6809524,-1.1945605480097554,18,18,0.0
2024-10-23,ILI incidence,2024-11-03,3,GB-ENG,ECDC,SARIMA,AE,0.189714722304205,-2.326222321615628,8,3,0.8784380647673337
2024-10-23,ILI incidence,2024-11-03,3,GB-ENG,ECDC,soca_simplex,AE,0.568292939138356,-3.9090254724943683,8,7,0.5754401548726918
2024-10-23,ILI incidence,2024-11-03,3,GB-ENG,ISI,FluABCaster,AE,0.450621032574051,-3.5743053344426343,8,6,0.6696197461879566
2024-10-23,ILI incidence,2024-11-03,3,GB-ENG,ISI,SEIR_BRW,AE,1.28727185157449,-5.088635537157456,8,8,0.0
2024-10-23,ILI incidence,2024-11-03,3,GB-ENG,ItaLuxColab,EpiEKF,AE,0.172918109334405,-2.1924796492078826,8,2,0.8918813596978188
2024-10-23,ILI incidence,2024-11-03,3,GB-ENG,RIVM,KFdlm,AE,0.28760687785851,-2.926488858965022,8,5,0.8000893452449169
2024-10-23,ILI incidence,2024-11-03,3,GB-ENG,respicast,hubEnsemble,AE,0.287606877858505,-2.9264888589649964,8,4,0.8000893452449209
2024-10-23,ILI incidence,2024-11-03,3,GB-ENG,respicast,quantileBaseline,AE,0.0378301740203781,0.0,8,1,1.0
2024-10-23,ILI incidence,2024-11-03,3,GB-NIR,ISI,FluABCaster,AE,0.600376377245516,0.9533420153225346,7,3,0.8632448148747155
2024-10-23,ILI incidence,2024-11-03,3,GB-NIR,ISI,SEIR_BRW,AE,2.93033175539466,-1.3337828741707503,7,7,0.0
2024-10-23,ILI incidence,2024-11-03,3,GB-NIR,ItaLuxColab,EpiEKF,AE,1.23656989009603,-0.08906264878165822,7,6,0.6275361157401425
2024-10-23,ILI incidence,2024-11-03,3,GB-NIR,RIVM,KFdlm,AE,0.231265003991936,2.329662260572729,7,1,1.0
2024-10-23,ILI incidence,2024-11-03,3,GB-NIR,respicast,hubEnsemble,AE,0.369028326906075,1.655477665340489,7,2,0.9489589048353315
2024-10-23,ILI incidence,2024-11-03,3,GB-NIR,respicast,quantileBaseline,AE,1.16254062604687,0.0,7,5,0.6549638420128204
2024-10-23,ILI incidence,2024-11-03,3,GB-NIR,safinea,syndromic,AE,0.969321657804085,0.26223374209608385,7,4,0.7265511668325448
2024-10-23,ILI incidence,2024-11-03,3,GB-SCT,ECDC,SARIMA,AE,1.62446536175673,0.5848698301978429,9,2,0.9815026402544424
2024-10-23,ILI incidence,2024-11-03,3,GB-SCT,ECDC,soca_simplex,AE,1.97354650455765,0.30404429658245397,9,3,0.5595913989845739
2024-10-23,ILI incidence,2024-11-03,3,GB-SCT,ISI,FluABCaster,AE,1.60916100660529,0.5985261278830231,9,1,1.0
2024-10-23,ILI incidence,2024-11-03,3,GB-SCT,ISI,SEIR_BRW,AE,2.26645828002273,0.10439520684645855,9,8,0.20556834927915935
2024-10-23,ILI incidence,2024-11-03,3,GB-SCT,ItaLuxColab,EpiEKF,AE,2.12241396900939,0.19912873577229037,9,6,0.3796651611833203
2024-10-23,ILI incidence,2024-11-03,3,GB-SCT,RIVM,KFdlm,AE,2.06902607783448,0.23588298289043785,9,5,0.4441915668598163
2024-10-23,ILI incidence,2024-11-03,3,GB-SCT,respicast,hubEnsemble,AE,2.02128629119606,0.2695611350048826,9,4,0.5018914829222009
2024-10-23,ILI incidence,2024-11-03,3,GB-SCT,respicast,quantileBaseline,AE,2.43654152803974,0.0,9,9,0.0
2024-10-23,ILI incidence,2024-11-03,3,GB-SCT,safinea,syndromic,AE,2.18800682554021,0.1552175731530064,9,7,0.3003874227890199
2024-10-23,ILI incidence,2024-11-03,3,GB-WLS,respicast,quantileBaseline,AE,0.597560620145597,0.0,1,1,0.0
2024-10-23,ILI incidence,2024-11-03,3,GR,ECDC,SARIMA,AE,9.67738254081496,-1.2389929821888956,17,3,0.9925053483602628
2024-10-23,ILI incidence,2024-11-03,3,GR,ECDC,soca_simplex,AE,20.001830009223,-2.2864361863792184,17,5,0.9786317909016818
2024-10-23,ILI incidence,2024-11-03,3,GR,ISI,FluABCaster,AE,102.191033600139,-4.639500897571034,17,13,0.8681894023881391
2024-10-23,ILI incidence,2024-11-03,3,GR,ISI,FluBcast,AE,34.617842105334,-3.0778199826237556,17,6,0.9589914097334703
2024-10-23,ILI incidence,2024-11-03,3,GR,ISI,RC_AdaptEns2,AE,151.76839048347,-5.210103625202041,17,15,0.8015694392888911
2024-10-23,ILI incidence,2024-11-03,3,GR,ItaLuxColab,EpiEKF,AE,18.613369106282,-2.1826433986947245,17,4,0.9804975461563711
2024-10-23,ILI incidence,2024-11-03,3,GR,ItaLuxColab,EpiNetEKF,AE,35.385299444878,-3.1094543131824217,17,7,0.9579601328995523
2024-10-23,ILI incidence,2024-11-03,3,GR,MRC_GIDA,CATBoost,AE,54.4782818317153,-3.731985388654378,17,9,0.9323037877043254
2024-10-23,ILI incidence,2024-11-03,3,GR,MRC_GIDA,NBEATS,AE,75.7078320517614,-4.206746741348604,17,11,0.903776412685093
2024-10-23,ILI incidence,2024-11-03,3,GR,MRC_GIDA,NHiTS,AE,108.090243905722,-4.720468593088722,17,14,0.8602622921592197
2024-10-23,ILI incidence,2024-11-03,3,GR,MRC_GIDA,Prophet,AE,748.281692347569,-7.511813758243732,17,17,0.0
2024-10-23,ILI incidence,2024-11-03,3,GR,QMUL,ARIMA,AE,7.44635013840809,-0.8609095457104828,17,2,0.995503315691828
2024-10-23,ILI incidence,2024-11-03,3,GR,RIVM,KFdlm,AE,86.5668941557234,-4.400119584601072,17,12,0.8891844626067374
2024-10-23,ILI incidence,2024-11-03,3,GR,fjordhest,ensemble,AE,43.9400000000001,-3.421839054917865,17,8,0.9464646867698098
2024-10-23,ILI incidence,2024-11-03,3,GR,respicast,hubEnsemble,AE,59.8239160258811,-3.8670265363729555,17,10,0.925120549727451
2024-10-23,ILI incidence,2024-11-03,3,GR,respicast,quantileBaseline,AE,4.09999999999991,0.0,17,1,1.0
2024-10-23,ILI incidence,2024-11-03,3,GR,safinea,syndromic,AE,363.3428571,-6.469563824930426,17,16,0.5172645863314034
2024-10-23,ILI incidence,2024-11-03,3,HR,ECDC,SARIMA,AE,7.68522046942979,-6.264014742648649,10,10,0.0
2024-10-23,ILI incidence,2024-11-03,3,HR,ECDC,soca_simplex,AE,2.44301515487475,-4.610590908060617,10,9,0.6911078373637722
2024-10-23,ILI incidence,2024-11-03,3,HR,ISI,FluABCaster,AE,0.167610484639215,-0.7451123976285172,10,3,0.9910865498357363
2024-10-23,ILI incidence,2024-11-03,3,HR,ISI,FluBcast,AE,0.390018521049538,-1.963542635748913,10,4,0.9617653142425615
2024-10-23,ILI incidence,2024-11-03,3,HR,ISI,SEIR_BRW,AE,0.515074107248637,-2.364780017671577,10,6,0.9452785704882959
2024-10-23,ILI incidence,2024-11-03,3,HR,ItaLuxColab,EpiEKF,AE,2.0706311985806,-4.37199871200952,10,8,0.7402011969826449
2024-10-23,ILI incidence,2024-11-03,3,HR,ItaLuxColab,EpiNetEKF,AE,1.03486724910932,-3.3713738081820206,10,7,0.8767514730946775
2024-10-23,ILI incidence,2024-11-03,3,HR,RIVM,KFdlm,AE,0.106406163134616,-0.08958171537142934,10,2,0.9991554414060297
2024-10-23,ILI incidence,2024-11-03,3,HR,respicast,hubEnsemble,AE,0.390018521049538,-1.963542635748913,10,4,0.9617653142425615
2024-10-23,ILI incidence,2024-11-03,3,HR,respicast,quantileBaseline,AE,0.1,0.0,10,1,1.0
2024-10-23,ILI incidence,2024-11-03,3,HU,ECDC,SARIMA,AE,69.244417604211,0.03205159267498982,13,7,0.6536394100216063
2024-10-23,ILI incidence,2024-11-03,3,HU,ECDC,soca_simplex,AE,42.3469457990523,0.7414914389079422,13,5,0.8139866010538284
2024-10-23,ILI incidence,2024-11-03,3,HU,ISI,RC_AdaptEns2,AE,109.0878208516,-0.6236687750324398,13,11,0.4161160532480662
2024-10-23,ILI incidence,2024-11-03,3,HU,ItaLuxColab,EpiEKF,AE,95.339635035082,-0.42932674240070956,13,10,0.4980747961900292
2024-10-23,ILI incidence,2024-11-03,3,HU,ItaLuxColab,EpiNetEKF,AE,125.866587746853,-0.8300740939714097,13,12,0.3160907363659697
2024-10-23,ILI incidence,2024-11-03,3,HU,MRC_GIDA,CATBoost,AE,25.7782220901694,1.4575965950627976,13,3,0.9127597617788751
2024-10-23,ILI incidence,2024-11-03,3,HU,MRC_GIDA,NBEATS,AE,27.5412556710345,1.3621550234542263,13,4,0.9022495738907711
2024-10-23,ILI incidence,2024-11-03,3,HU,MRC_GIDA,NHiTS,AE,18.5954716745156,1.9287980179053326,13,2,0.9555791710296255
2024-10-23,ILI incidence,2024-11-03,3,HU,MRC_GIDA,Prophet,AE,11.1440907859516,2.667470444213697,13,1,1.0
2024-10-23,ILI incidence,2024-11-03,3,HU,QMUL,ARIMA,AE,94.2544394643556,-0.4128112118382499,13,9,0.5045441053781594
2024-10-23,ILI incidence,2024-11-03,3,HU,RIVM,KFdlm,AE,178.889291883697,-1.3372457664147195,13,13,0.0
2024-10-23,ILI incidence,2024-11-03,3,HU,respicast,hubEnsemble,AE,55.795681701632,0.34359589109823374,13,6,0.7338130055377152
2024-10-23,ILI incidence,2024-11-03,3,HU,respicast,quantileBaseline,AE,70.8,0.0,13,8,0.6443659262759666
2024-10-23,ILI incidence,2024-11-03,3,IE,ECDC,SARIMA,AE,7.3316444473066,-1.066781901116245,18,12,0.5240807642866607
2024-10-23,ILI incidence,2024-11-03,3,IE,ECDC,soca_simplex,AE,5.79058990644257,-0.7263554057334052,18,9,0.6641058176182557
2024-10-23,ILI incidence,2024-11-03,3,IE,ISI,FluABCaster,AE,9.35886772709325,-1.418979075345237,18,16,0.33988089313348113
2024-10-23,ILI incidence,2024-11-03,3,IE,ISI,FluBcast,AE,13.0994482964569,-1.9040792245370213,18,18,0.0
2024-10-23,ILI incidence,2024-11-03,3,IE,ISI,RC_AdaptEns2,AE,4.66391501543442,-0.41418657833149986,18,7,0.7664790351244521
2024-10-23,ILI incidence,2024-11-03,3,IE,ISI,SEIR_BRW,AE,9.88039131071036,-1.4972132585015243,18,17,0.2924936231354145
2024-10-23,ILI incidence,2024-11-03,3,IE,ItaLuxColab,EpiEKF,AE,5.6025624655654,-0.6787319070433551,18,8,0.6811905811606721
2024-10-23,ILI incidence,2024-11-03,3,IE,ItaLuxColab,EpiNetEKF,AE,7.3549425666181,-1.071359153728584,18,13,0.5219638240274992
2024-10-23,ILI incidence,2024-11-03,3,IE,MRC_GIDA,CATBoost,AE,4.4745152855165,-0.3543764847758741,18,5,0.7836884891570636
2024-10-23,ILI incidence,2024-11-03,3,IE,MRC_GIDA,NBEATS,AE,4.50405892824287,-0.3638707807885158,18,6,0.7810040610341951
2024-10-23,ILI incidence,2024-11-03,3,IE,MRC_GIDA,NHiTS,AE,4.46031131053426,-0.3497894855072701,18,4,0.7849791069137159
2024-10-23,ILI incidence,2024-11-03,3,IE,MRC_GIDA,Prophet,AE,2.09388533327316,0.7411724834411051,18,1,1.0
2024-10-23,ILI incidence,2024-11-03,3,IE,QMUL,ARIMA,AE,7.61459858068794,-1.1214130620068399,18,14,0.49837066346511344
2024-10-23,ILI incidence,2024-11-03,3,IE,RIVM,KFdlm,AE,6.2507151235714,-0.8366663311108558,18,10,0.6222973959438661
2024-10-23,ILI incidence,2024-11-03,3,IE,fjordhest,ensemble,AE,3.62,-0.048634775250876595,18,3,0.8613324305324443
2024-10-23,ILI incidence,2024-11-03,3,IE,respicast,hubEnsemble,AE,6.2507151235714,-0.8366663311108558,18,10,0.6222973959438661
2024-10-23,ILI incidence,2024-11-03,3,IE,respicast,quantileBaseline,AE,3.5,0.0,18,2,0.8722360072419165
2024-10-23,ILI incidence,2024-11-03,3,IE,safinea,syndromic,AE,8.83809524,-1.336380555714771,18,15,0.3871999161435134
2024-10-23,ILI incidence,2024-11-03,3,IS,respicast,quantileBaseline,AE,1.3,0.0,1,1,0.0
2024-10-23,ILI incidence,2024-11-03,3,IT,respicast,quantileBaseline,AE,150.25,0.0,1,1,0.0
2024-10-23,ILI incidence,2024-11-03,3,LT,ECDC,SARIMA,AE,6.6232949656925,-1.6571597815953325,16,16,0.0
2024-10-23,ILI incidence,2024-11-03,3,LT,ECDC,soca_simplex,AE,1.90575432161957,0.14002718022076693,16,13,0.7196299208784169
2024-10-23,ILI incidence,2024-11-03,3,LT,ISI,FluABCaster,AE,0.227470646121838,3.206637037585117,16,3,0.9756411012224312
2024-10-23,ILI incidence,2024-11-03,3,LT,ISI,FluBcast,AE,0.221498561210202,3.245020095292589,16,2,0.9765521036528689
2024-10-23,ILI incidence,2024-11-03,3,LT,ISI,SEIR_BRW,AE,1.03646321337091,1.0187204153313583,16,9,0.8522345847587911
2024-10-23,ILI incidence,2024-11-03,3,LT,ItaLuxColab,EpiEKF,AE,0.0677856584718395,4.953265445486786,16,1,1.0
2024-10-23,ILI incidence,2024-11-03,3,LT,ItaLuxColab,EpiNetEKF,AE,0.74186858428513,1.5011537744657315,16,8,0.897173065551015
2024-10-23,ILI incidence,2024-11-03,3,LT,MRC_GIDA,CATBoost,AE,1.65750204841807,0.34137867460284715,16,11,0.7574991788669699
2024-10-23,ILI incidence,2024-11-03,3,LT,MRC_GIDA,NBEATS,AE,1.04051682794476,1.0130890303855355,16,10,0.8516162324105784
2024-10-23,ILI incidence,2024-11-03,3,LT,MRC_GIDA,NHiTS,AE,1.70310024473214,0.3022259731323726,16,12,0.7505434727307825
2024-10-23,ILI incidence,2024-11-03,3,LT,MRC_GIDA,Prophet,AE,0.308587736582477,2.7666366930904354,16,5,0.9632672204666993
2024-10-23,ILI incidence,2024-11-03,3,LT,RIVM,KFdlm,AE,0.718245667301992,1.5478400378135588,16,7,0.9007765867842344
2024-10-23,ILI incidence,2024-11-03,3,LT,fjordhest,ensemble,AE,2.22,-0.08017034868398333,16,15,0.671693801249344
2024-10-23,ILI incidence,2024-11-03,3,LT,respicast,hubEnsemble,AE,0.71824566730199,1.5478400378135626,16,6,0.9007765867842348
2024-10-23,ILI incidence,2024-11-03,3,LT,respicast,quantileBaseline,AE,2.1,0.0,16,14,0.6899990151352926
2024-10-23,ILI incidence,2024-11-03,3,LT,safinea,syndromic,AE,0.276190476,2.9266538514249105,16,4,0.9682092103357081
2024-10-23,ILI incidence,2024-11-03,3,LU,ECDC,SARIMA,AE,1076.21377833436,0.2725469409828526,14,6,0.6526563677420456
2024-10-23,ILI incidence,2024-11-03,3,LU,ECDC,soca_simplex,AE,264.546109658518,2.2969205161117037,14,2,0.9193406081898033
2024-10-23,ILI incidence,2024-11-03,3,LU,ISI,FluABCaster,AE,1606.41227422103,-0.30533057448559037,14,13,0.47845257890226894
2024-10-23,ILI incidence,2024-11-03,3,LU,ItaLuxColab,EpiEKF,AE,913.87507436227,0.5084427540788169,14,5,0.7059949145819103
2024-10-23,ILI incidence,2024-11-03,3,LU,ItaLuxColab,EpiNetEKF,AE,3062.60814330398,-1.2362491645525033,14,14,0.0
2024-10-23,ILI incidence,2024-11-03,3,LU,MRC_GIDA,CATBoost,AE,1344.13783156161,-0.04816946033527173,14,8,0.564626345862328
2024-10-23,ILI incidence,2024-11-03,3,LU,MRC_GIDA,NBEATS,AE,1591.80917201339,-0.292155770987551,14,11,0.4832506229426073
2024-10-23,ILI incidence,2024-11-03,3,LU,MRC_GIDA,NHiTS,AE,855.443675080312,0.6037668515706951,14,4,0.7251933303094092
2024-10-23,ILI incidence,2024-11-03,3,LU,MRC_GIDA,Prophet,AE,1553.70782596879,-0.2572036078686288,14,10,0.4957693284696096
2024-10-23,ILI incidence,2024-11-03,3,LU,QMUL,ARIMA,AE,1606.40034711189,-0.30531986288598184,14,12,0.47845649771308835
2024-10-23,ILI incidence,2024-11-03,3,LU,RIVM,KFdlm,AE,19.0549610346884,6.0922011550289525,14,1,1.0
2024-10-23,ILI incidence,2024-11-03,3,LU,fjordhest,ensemble,AE,1521.46,-0.22694478187040995,14,9,0.5063647818878889
2024-10-23,ILI incidence,2024-11-03,3,LU,respicast,hubEnsemble,AE,375.47833601579,1.7917100472170309,14,3,0.8828923453490141
2024-10-23,ILI incidence,2024-11-03,3,LU,respicast,quantileBaseline,AE,1300.0,0.0,14,7,0.5791284192345766
2024-10-23,ILI incidence,2024-11-03,3,LV,ECDC,SARIMA,AE,38.7,-0.16992500144231246,10,8,0.9913979976361731
2024-10-23,ILI incidence,2024-11-03,3,LV,ItaLuxColab,EpiEKF,AE,2316.72425818547,-6.073533966408025,10,10,0.0
2024-10-23,ILI incidence,2024-11-03,3,LV,ItaLuxColab,EpiNetEKF,AE,719.759400042513,-4.387034255438399,10,9,0.6950003964924244
2024-10-23,ILI incidence,2024-11-03,3,LV,MRC_GIDA,CATBoost,AE,33.5670935134439,0.03536094166234844,10,5,0.9936318426861281
2024-10-23,ILI incidence,2024-11-03,3,LV,MRC_GIDA,NBEATS,AE,20.6395543916918,0.7369967416388916,10,2,0.999257918156403
2024-10-23,ILI incidence,2024-11-03,3,LV,MRC_GIDA,NHiTS,AE,18.9344062621779,0.8613983824714303,10,1,1.0
2024-10-23,ILI incidence,2024-11-03,3,LV,MRC_GIDA,Prophet,AE,24.256901402683,0.5040132937967631,10,3,0.9976836458146727
2024-10-23,ILI incidence,2024-11-03,3,LV,RIVM,KFdlm,AE,34.8565732671665,-0.019022180856785694,10,7,0.9930706600555046
2024-10-23,ILI incidence,2024-11-03,3,LV,respicast,hubEnsemble,AE,24.256901402683,0.5040132937967631,10,3,0.9976836458146727
2024-10-23,ILI incidence,2024-11-03,3,LV,respicast,quantileBaseline,AE,34.4,0.0,10,6,0.9932693611102525
2024-10-23,ILI incidence,2024-11-03,3,MT,ECDC,SARIMA,AE,1169.66653523112,-0.0885937611532101,9,7,0.6106568027019388
2024-10-23,ILI incidence,2024-11-03,3,MT,ECDC,soca_simplex,AE,1342.32100446388,-0.28722619709454494,9,8,0.5507995936171883
2024-10-23,ILI incidence,2024-11-03,3,MT,ISI,FluABCaster,AE,46.629826591653,4.560106648972896,9,1,1.0
2024-10-23,ILI incidence,2024-11-03,3,MT,ISI,FluBcast,AE,344.284230063567,1.6758315188509865,9,2,0.896806830759789
2024-10-23,ILI incidence,2024-11-03,3,MT,ItaLuxColab,EpiEKF,AE,2931.06884192066,-1.413923329207985,9,9,0.0
2024-10-23,ILI incidence,2024-11-03,3,MT,ItaLuxColab,EpiNetEKF,AE,1124.00451081144,-0.031144301588474064,9,5,0.6264872723970908
2024-10-23,ILI incidence,2024-11-03,3,MT,RIVM,KFdlm,AE,1097.18596406498,0.0036954522507515394,9,3,0.6357849370743247
2024-10-23,ILI incidence,2024-11-03,3,MT,respicast,hubEnsemble,AE,1124.00451081144,-0.031144301588474064,9,5,0.6264872723970908
2024-10-23,ILI incidence,2024-11-03,3,MT,respicast,quantileBaseline,AE,1100.0,0.0,9,4,0.6348093449678301
2024-10-23,ILI incidence,2024-11-03,3,NL,ECDC,SARIMA,AE,13.2103252647434,-0.1751574592632066,13,2,0.9405528252479939
2024-10-23,ILI incidence,2024-11-03,3,NL,ECDC,soca_simplex,AE,21.5443398543362,-0.8808003633267139,13,9,0.6125217492549266
2024-10-23,ILI incidence,2024-11-03,3,NL,ISI,FluABCaster,AE,23.1034870339873,-0.9816020857709783,13,11,0.5511529189661983
2024-10-23,ILI incidence,2024-11-03,3,NL,ISI,FluBcast,AE,37.1061739862992,-1.6651507227612716,13,13,0.0
2024-10-23,ILI incidence,2024-11-03,3,NL,ISI,RC_AdaptEns2,AE,13.5579099587969,-0.2126262648543234,13,3,0.9268717139464283
2024-10-23,ILI incidence,2024-11-03,3,NL,ISI,SEIR_BRW,AE,23.0767562588408,-0.9799319186908508,13,10,0.5522050559452222
2024-10-23,ILI incidence,2024-11-03,3,NL,ItaLuxColab,EpiEKF,AE,19.2296310678775,-0.7168225541562153,13,6,0.7036298707574777
2024-10-23,ILI incidence,2024-11-03,3,NL,ItaLuxColab,EpiNetEKF,AE,17.1399449607999,-0.5508539469166148,13,5,0.7858809845302365
2024-10-23,ILI incidence,2024-11-03,3,NL,RIVM,KFdlm,AE,20.2840049066805,-0.7938339986950358,13,7,0.6621291772893627
2024-10-23,ILI incidence,2024-11-03,3,NL,fjordhest,ensemble,AE,14.09,-0.26816308183886983,13,4,0.9059283778309613
2024-10-23,ILI incidence,2024-11-03,3,NL,respicast,hubEnsemble,AE,20.9141723805083,-0.837972378708255,13,8,0.6373254632721466
2024-10-23,ILI incidence,2024-11-03,3,NL,respicast,quantileBaseline,AE,11.7,0.0,13,1,1.0
2024-10-23,ILI incidence,2024-11-03,3,NL,safinea,syndromic,AE,25.99047619,-1.1514745368855432,13,12,0.437519549472249
2024-10-23,ILI incidence,2024-11-03,3,NO,ECDC,SARIMA,AE,1.9942078016585,-0.8583122264084322,18,12,0.8253102716512271
2024-10-23,ILI incidence,2024-11-03,3,NO,ECDC,soca_simplex,AE,2.47060760910562,-1.1673623710324663,18,13,0.7773956224625429
2024-10-23,ILI incidence,2024-11-03,3,NO,ISI,FluABCaster,AE,5.70149968101743,-2.3738379214564485,18,16,0.4524436435318231
2024-10-23,ILI incidence,2024-11-03,3,NO,ISI,FluBcast,AE,10.2,-3.212993723334198,18,18,0.0
2024-10-23,ILI incidence,2024-11-03,3,NO,ISI,RC_AdaptEns2,AE,1.57534742597878,-0.5181665108703507,18,11,0.867437803287482
2024-10-23,ILI incidence,2024-11-03,3,NO,ISI,SEIR_BRW,AE,8.47031411873767,-2.9449119486578357,18,17,0.17396583901118376
2024-10-23,ILI incidence,2024-11-03,3,NO,ItaLuxColab,EpiEKF,AE,0.386247259020802,1.509906923577896,18,2,0.9870333960214728
2024-10-23,ILI incidence,2024-11-03,3,NO,ItaLuxColab,EpiNetEKF,AE,4.1457130756412,-1.9141167473829348,18,15,0.6089192932776103
2024-10-23,ILI incidence,2024-11-03,3,NO,MRC_GIDA,CATBoost,AE,1.04384892204594,0.07559060033558557,18,8,0.9208940892938093
2024-10-23,ILI incidence,2024-11-03,3,NO,MRC_GIDA,NBEATS,AE,0.788962158906035,0.47947551290783297,18,4,0.9465297206433108
2024-10-23,ILI incidence,2024-11-03,3,NO,MRC_GIDA,NHiTS,AE,1.54625405045412,-0.49127385063516577,18,10,0.8703639146338504
2024-10-23,ILI incidence,2024-11-03,3,NO,MRC_GIDA,Prophet,AE,0.25732452363172,2.095842662786303,18,1,1.0
2024-10-23,ILI incidence,2024-11-03,3,NO,QMUL,ARIMA,AE,0.914965860400009,0.26571370469468136,18,7,0.9338567030241136
2024-10-23,ILI incidence,2024-11-03,3,NO,RIVM,KFdlm,AE,0.889038586645082,0.3071855814119478,18,5,0.9364643787766364
2024-10-23,ILI incidence,2024-11-03,3,NO,fjordhest,ensemble,AE,0.699999999999999,0.6520766965796954,18,3,0.9554772276918392
2024-10-23,ILI incidence,2024-11-03,3,NO,respicast,hubEnsemble,AE,0.8890385866451,0.30718558141191854,18,6,0.9364643787766345
2024-10-23,ILI incidence,2024-11-03,3,NO,respicast,quantileBaseline,AE,1.1,0.0,18,9,0.9152466075784985
2024-10-23,ILI incidence,2024-11-03,3,NO,safinea,syndromic,AE,2.6047619,-1.2436479787390309,18,14,0.763902846678677
2024-10-23,ILI incidence,2024-11-03,3,PL,ECDC,SARIMA,AE,35.704455207731,0.8939923603867423,17,6,0.9183265120206177
2024-10-23,ILI incidence,2024-11-03,3,PL,ECDC,soca_simplex,AE,40.5825821123146,0.7092358044900848,17,7,0.9041736332533332
2024-10-23,ILI incidence,2024-11-03,3,PL,ISI,FluABCaster,AE,98.4558183244066,-0.5693800002544254,17,14,0.736266378685903
2024-10-23,ILI incidence,2024-11-03,3,PL,ISI,FluBcast,AE,24.81,1.4191747303651248,17,2,0.9499345260814548
2024-10-23,ILI incidence,2024-11-03,3,PL,ISI,RC_AdaptEns2,AE,7.55374144450855,3.1348331575770243,17,1,1.0
2024-10-23,ILI incidence,2024-11-03,3,PL,ItaLuxColab,EpiEKF,AE,43.874205605289,0.5967234616525832,17,8,0.894623666810304
2024-10-23,ILI incidence,2024-11-03,3,PL,ItaLuxColab,EpiNetEKF,AE,59.482571126094,0.15762945655927163,17,11,0.8493392145415758
2024-10-23,ILI incidence,2024-11-03,3,PL,MRC_GIDA,CATBoost,AE,28.4162130008793,1.223382164670355,17,4,0.9394718430867807
2024-10-23,ILI incidence,2024-11-03,3,PL,MRC_GIDA,NBEATS,AE,34.9189156514478,0.926087706415294,17,5,0.9206055929720657
2024-10-23,ILI incidence,2024-11-03,3,PL,MRC_GIDA,NHiTS,AE,49.3638722482056,0.4266408974013338,17,10,0.8786965316640247
2024-10-23,ILI incidence,2024-11-03,3,PL,MRC_GIDA,Prophet,AE,140.141485158178,-1.078715719768231,17,15,0.6153240168794847
2024-10-23,ILI incidence,2024-11-03,3,PL,QMUL,ARIMA,AE,27.1714119252143,1.2880069304154302,17,3,0.9430833765827047
2024-10-23,ILI incidence,2024-11-03,3,PL,RIVM,KFdlm,AE,352.22756963131,-2.4083394658139614,17,17,0.0
2024-10-23,ILI incidence,2024-11-03,3,PL,fjordhest,ensemble,AE,87.08,-0.3922449419306511,17,13,0.7692709685158023
2024-10-23,ILI incidence,2024-11-03,3,PL,respicast,hubEnsemble,AE,44.97322718026,0.561030053238377,17,9,0.8914350824586793
2024-10-23,ILI incidence,2024-11-03,3,PL,respicast,quantileBaseline,AE,66.35,0.0,17,12,0.8294147865395053
2024-10-23,ILI incidence,2024-11-03,3,PL,safinea,syndromic,AE,313.052381,-2.2382357033388742,17,16,0.11365872725932175
2024-10-23,ILI incidence,2024-11-03,3,RO,ECDC,SARIMA,AE,0.68894802700873,0.215604847266248,14,10,0.31642843818759114
2024-10-23,ILI incidence,2024-11-03,3,RO,ISI,FluABCaster,AE,0.0602204813434736,3.731673855289285,14,2,0.9560386024332233
2024-10-23,ILI incidence,2024-11-03,3,RO,ISI,FluBcast,AE,0.52,0.6214883767462702,14,4,0.4883007794728614
2024-10-23,ILI incidence,2024-11-03,3,RO,ISI,RC_AdaptEns2,AE,0.68490341557722,0.22409944505419077,14,9,0.32054305762784585
2024-10-23,ILI incidence,2024-11-03,3,RO,ISI,SEIR_BRW,AE,0.999992607663599,-0.3219174299608765,14,14,0.0
2024-10-23,ILI incidence,2024-11-03,3,RO,ItaLuxColab,EpiEKF,AE,0.01700706301268,5.555794074572978,14,1,1.0
2024-10-23,ILI incidence,2024-11-03,3,RO,ItaLuxColab,EpiNetEKF,AE,0.672406987360641,0.2506652834893213,14,8,0.3332557859935685
2024-10-23,ILI incidence,2024-11-03,3,RO,MRC_GIDA,CATBoost,AE,0.605400115007638,0.4021110507662995,14,7,0.40142247747507814
2024-10-23,ILI incidence,2024-11-03,3,RO,MRC_GIDA,NBEATS,AE,0.870052367913466,-0.12110223849622972,14,12,0.13218936988160676
2024-10-23,ILI incidence,2024-11-03,3,RO,MRC_GIDA,NHiTS,AE,0.539247486054557,0.5690524543724124,14,5,0.4687201394936721
2024-10-23,ILI incidence,2024-11-03,3,RO,MRC_GIDA,Prophet,AE,0.155591286106089,2.3622387355856573,14,3,0.8590170284318642
2024-10-23,ILI incidence,2024-11-03,3,RO,RIVM,KFdlm,AE,0.8990648434804,-0.16842517135038299,14,13,0.10267471859826863
2024-10-23,ILI incidence,2024-11-03,3,RO,respicast,hubEnsemble,AE,0.539247486054557,0.5690524543724124,14,5,0.4687201394936721
2024-10-23,ILI incidence,2024-11-03,3,RO,respicast,quantileBaseline,AE,0.8,0.0,14,11,0.20345427127783547
2024-10-23,ILI incidence,2024-11-03,3,SI,ECDC,SARIMA,AE,10.1384450698173,-1.204260974752737,16,12,0.556698454304095
2024-10-23,ILI incidence,2024-11-03,3,SI,ISI,FluABCaster,AE,8.27454004402905,-0.911175595464054,16,10,0.6433885111889186
2024-10-23,ILI incidence,2024-11-03,3,SI,ISI,FluBcast,AE,9.02,-1.0356239097307212,16,11,0.6087172349734633
2024-10-23,ILI incidence,2024-11-03,3,SI,ISI,RC_AdaptEns2,AE,18.4539357526176,-2.0683531102005914,16,15,0.1699457226232943
2024-10-23,ILI incidence,2024-11-03,3,SI,ISI,SEIR_BRW,AE,4.80540357751076,-0.12715407578671448,16,6,0.8047377395362714
2024-10-23,ILI incidence,2024-11-03,3,SI,ItaLuxColab,EpiEKF,AE,5.8092134675398,-0.40083932089640584,16,7,0.758050630877736
2024-10-23,ILI incidence,2024-11-03,3,SI,ItaLuxColab,EpiNetEKF,AE,11.1578195641808,-1.342479697651617,16,14,0.5092874372830221
2024-10-23,ILI incidence,2024-11-03,3,SI,MRC_GIDA,CATBoost,AE,0.607110004942657,2.857473670185542,16,1,1.0
2024-10-23,ILI incidence,2024-11-03,3,SI,MRC_GIDA,NBEATS,AE,2.73142545752315,0.6878494723153904,16,2,0.9011982773383894
2024-10-23,ILI incidence,2024-11-03,3,SI,MRC_GIDA,NHiTS,AE,3.03682428677527,0.5349400883863716,16,3,0.8869942049666072
2024-10-23,ILI incidence,2024-11-03,3,SI,MRC_GIDA,Prophet,AE,3.2215622919917,0.4497430328308324,16,4,0.8784020567833981
2024-10-23,ILI incidence,2024-11-03,3,SI,RIVM,KFdlm,AE,22.1079036687954,-2.3289868025322846,16,16,0.0
2024-10-23,ILI incidence,2024-11-03,3,SI,fjordhest,ensemble,AE,6.19,-0.49243588568960506,16,8,0.740340283138323
2024-10-23,ILI incidence,2024-11-03,3,SI,respicast,hubEnsemble,AE,8.274540044029,-0.911175595464045,16,9,0.643388511188921
2024-10-23,ILI incidence,2024-11-03,3,SI,respicast,quantileBaseline,AE,4.4,0.0,16,5,0.8235930238503721
2024-10-23,ILI incidence,2024-11-03,3,SI,safinea,syndromic,AE,10.52857143,-1.2587342685959204,16,13,0.5385537120084382
2024-10-23,ILI incidence,2024-11-10,4,AT,ECDC,SARIMA,AE,1083.58505275809,0.15656918019768876,10,9,0.10633016081289305
2024-10-23,ILI incidence,2024-11-10,4,AT,ItaLuxColab,EpiEKF,AE,39.5994979760399,4.930755627261588,10,1,1.0
2024-10-23,ILI incidence,2024-11-10,4,AT,ItaLuxColab,EpiNetEKF,AE,574.17403939085,1.0728215707334134,10,6,0.5423948710100401
2024-10-23,ILI incidence,2024-11-10,4,AT,MRC_GIDA,CATBoost,AE,129.966544682105,3.2161693730563323,10,3,0.9226442322619275
2024-10-23,ILI incidence,2024-11-10,4,AT,MRC_GIDA,NBEATS,AE,983.175507825238,0.2968606962234379,10,7,0.19228248214719124
2024-10-23,ILI incidence,2024-11-10,4,AT,MRC_GIDA,NHiTS,AE,266.563899845921,2.179828260294511,10,4,0.8057145143520696
2024-10-23,ILI incidence,2024-11-10,4,AT,MRC_GIDA,Prophet,AE,385.239006274226,1.6485558864414203,10,5,0.7041265538755118
2024-10-23,ILI incidence,2024-11-10,4,AT,RIVM,KFdlm,AE,1072.42930945425,0.17149902431782912,10,8,0.1158796716070693
2024-10-23,ILI incidence,2024-11-10,4,AT,respicast,hubEnsemble,AE,129.9665446821,3.216169373056388,10,2,0.9226442322619318
2024-10-23,ILI incidence,2024-11-10,4,AT,respicast,quantileBaseline,AE,1207.8,0.0,10,10,0.0
2024-10-23,ILI incidence,2024-11-10,4,BE,ECDC,SARIMA,AE,107.504106078515,0.3571367954164611,18,1,1.0
2024-10-23,ILI incidence,2024-11-10,4,BE,ECDC,soca_simplex,AE,455.614755863573,-1.7262859124776022,18,18,0.0
2024-10-23,ILI incidence,2024-11-10,4,BE,ISI,FluABCaster,AE,273.752498131317,-0.9913435706298588,18,15,0.5224265843189441
2024-10-23,ILI incidence,2024-11-10,4,BE,ISI,FluBcast,AE,138.604605078367,-0.009446631720534927,18,8,0.910659156739229
2024-10-23,ILI incidence,2024-11-10,4,BE,ISI,RC_AdaptEns2,AE,217.068609209869,-0.656622550120684,18,14,0.6852595483677246
2024-10-23,ILI incidence,2024-11-10,4,BE,ISI,SEIR_BRW,AE,183.963042534859,-0.4178874040537065,18,13,0.7803602489508614
2024-10-23,ILI incidence,2024-11-10,4,BE,ItaLuxColab,EpiEKF,AE,178.482383768889,-0.3742531276473471,18,12,0.7961042624401186
2024-10-23,ILI incidence,2024-11-10,4,BE,ItaLuxColab,EpiNetEKF,AE,165.087319377626,-0.26170074930886594,18,11,0.8345835919278369
2024-10-23,ILI incidence,2024-11-10,4,BE,MRC_GIDA,CATBoost,AE,145.902823520824,-0.08347924318028993,18,9,0.8896939307486905
2024-10-23,ILI incidence,2024-11-10,4,BE,MRC_GIDA,NBEATS,AE,117.705380185377,0.22634829356241445,18,3,0.9706953116396732
2024-10-23,ILI incidence,2024-11-10,4,BE,MRC_GIDA,NHiTS,AE,133.877594011584,0.04061403057471679,18,5,0.9242382042912121
2024-10-23,ILI incidence,2024-11-10,4,BE,MRC_GIDA,Prophet,AE,112.367696449594,0.2933012113716297,18,2,0.9860286079323283
2024-10-23,ILI incidence,2024-11-10,4,BE,QMUL,ARIMA,AE,126.872493850614,0.11814923486965036,18,4,0.9443614040993631
2024-10-23,ILI incidence,2024-11-10,4,BE,RIVM,KFdlm,AE,366.303225808498,-1.4115098465624871,18,17,0.25656075190523675
2024-10-23,ILI incidence,2024-11-10,4,BE,fjordhest,ensemble,AE,137.7,0.0,18,6,0.9132577703666075
2024-10-23,ILI incidence,2024-11-10,4,BE,respicast,hubEnsemble,AE,145.902823520824,-0.08347924318028993,18,9,0.8896939307486905
2024-10-23,ILI incidence,2024-11-10,4,BE,respicast,quantileBaseline,AE,137.7,0.0,18,6,0.9132577703666075
2024-10-23,ILI incidence,2024-11-10,4,BE,safinea,syndromic,AE,351.9904762,-1.3540078349439304,18,16,0.29767626967906946
2024-10-23,ILI incidence,2024-11-10,4,CH,ECDC,SARIMA,AE,2.3846473823692,-0.10138350783408173,11,2,0.9967599546629976
2024-10-23,ILI incidence,2024-11-10,4,CH,ECDC,soca_simplex,AE,11.5960692327362,-2.383171503877753,11,4,0.8123301125756388
2024-10-23,ILI incidence,2024-11-10,4,CH,ISI,FluABCaster,AE,45.3246436121176,-4.349831328024059,11,10,0.13702115944445487
2024-10-23,ILI incidence,2024-11-10,4,CH,ISI,FluBcast,AE,52.1682199432811,-4.552706859247581,11,11,0.0
2024-10-23,ILI incidence,2024-11-10,4,CH,ISI,SEIR_BRW,AE,21.5840391600024,-3.2795005228159706,11,8,0.6123523299507334
2024-10-23,ILI incidence,2024-11-10,4,CH,ItaLuxColab,EpiEKF,AE,2.5055845290704,-0.17275476677504464,11,3,0.9943385674731677
2024-10-23,ILI incidence,2024-11-10,4,CH,ItaLuxColab,EpiNetEKF,AE,12.2488757493922,-2.4621849909345217,11,5,0.7992597088164549
2024-10-23,ILI incidence,2024-11-10,4,CH,RIVM,KFdlm,AE,20.2357415671834,-3.186441371490843,11,6,0.6393477619448145
2024-10-23,ILI incidence,2024-11-10,4,CH,respicast,hubEnsemble,AE,20.9098903635929,-3.2337211494212736,11,7,0.6258500459477739
2024-10-23,ILI incidence,2024-11-10,4,CH,respicast,quantileBaseline,AE,2.2228220287515,0.0,11,1,1.0
2024-10-23,ILI incidence,2024-11-10,4,CH,safinea,syndromic,AE,22.9439342332811,-3.367648445730926,11,9,0.5851246947718955
2024-10-23,ILI incidence,2024-11-10,4,CZ,ECDC,SARIMA,AE,7.2782481859082,-1.7932019195610727,17,8,0.798372097543565
2024-10-23,ILI incidence,2024-11-10,4,CZ,ECDC,soca_simplex,AE,13.1194456024245,-2.643245523268117,17,13,0.6052047162266937
2024-10-23,ILI incidence,2024-11-10,4,CZ,ISI,FluABCaster,AE,9.90875167397346,-2.2383139871180275,17,12,0.7113818052966868
2024-10-23,ILI incidence,2024-11-10,4,CZ,ISI,FluBcast,AE,23.9240151623702,-3.509998304053832,17,16,0.24789948250024388
2024-10-23,ILI incidence,2024-11-10,4,CZ,ISI,RC_AdaptEns2,AE,8.00427488849597,-1.930381386261306,17,10,0.7743625209268847
2024-10-23,ILI incidence,2024-11-10,4,CZ,ItaLuxColab,EpiEKF,AE,9.2531784986535,-2.1395596935828776,17,11,0.733061496036136
2024-10-23,ILI incidence,2024-11-10,4,CZ,ItaLuxColab,EpiNetEKF,AE,13.9380893335496,-2.7305715736873393,17,14,0.5781323106055838
2024-10-23,ILI incidence,2024-11-10,4,CZ,MRC_GIDA,CATBoost,AE,1.18121267765045,0.8301205821507105,17,1,1.0
2024-10-23,ILI incidence,2024-11-10,4,CZ,MRC_GIDA,NBEATS,AE,4.45934160166383,-1.0864413916414961,17,4,0.8915928473705969
2024-10-23,ILI incidence,2024-11-10,4,CZ,MRC_GIDA,NHiTS,AE,5.84955832636259,-1.4779383695530488,17,7,0.8456186223917161
2024-10-23,ILI incidence,2024-11-10,4,CZ,MRC_GIDA,Prophet,AE,5.77467286221838,-1.4593498916375827,17,6,0.8480950716496258
2024-10-23,ILI incidence,2024-11-10,4,CZ,QMUL,ARIMA,AE,5.39347465648017,-1.3608256769225326,17,5,0.8607012299275387
2024-10-23,ILI incidence,2024-11-10,4,CZ,RIVM,KFdlm,AE,31.4202591289476,-3.903233845861876,17,17,0.0
2024-10-23,ILI incidence,2024-11-10,4,CZ,fjordhest,ensemble,AE,2.09,0.006886385585240082,17,2,0.9699465615156471
2024-10-23,ILI incidence,2024-11-10,4,CZ,respicast,hubEnsemble,AE,7.6412615372021,-1.863421512361663,17,9,0.7863673092352245
2024-10-23,ILI incidence,2024-11-10,4,CZ,respicast,quantileBaseline,AE,2.1,0.0,17,3,0.9696158632571518
2024-10-23,ILI incidence,2024-11-10,4,CZ,safinea,syndromic,AE,19.55714286,-3.219234386632301,17,15,0.3923111890467272
2024-10-23,ILI incidence,2024-11-10,4,DK,ECDC,SARIMA,AE,18.876329224769,-1.9754719281117878,16,6,0.6352962785078302
2024-10-23,ILI incidence,2024-11-10,4,DK,ECDC,soca_simplex,AE,7.48979401387285,-0.6418916360477392,16,4,0.8611549431466186
2024-10-23,ILI incidence,2024-11-10,4,DK,ISI,FluABCaster,AE,38.6651372420707,-3.0099270229626343,16,14,0.242773560156762
2024-10-23,ILI incidence,2024-11-10,4,DK,ISI,RC_AdaptEns2,AE,7.77037836098518,-0.6949504432788544,16,5,0.8555893865674151
2024-10-23,ILI incidence,2024-11-10,4,DK,ItaLuxColab,EpiEKF,AE,25.625855391437,-2.416493851657487,16,10,0.501415432516206
2024-10-23,ILI incidence,2024-11-10,4,DK,ItaLuxColab,EpiNetEKF,AE,27.895960362116,-2.538949908330306,16,11,0.4563865569389546
2024-10-23,ILI incidence,2024-11-10,4,DK,MRC_GIDA,CATBoost,AE,42.9411087942986,-3.1612531329606117,16,15,0.15795713383109022
2024-10-23,ILI incidence,2024-11-10,4,DK,MRC_GIDA,NBEATS,AE,33.79595223031,-2.815744153106661,16,12,0.3393567265253242
2024-10-23,ILI incidence,2024-11-10,4,DK,MRC_GIDA,NHiTS,AE,19.1583026616547,-1.996863439580471,16,8,0.6297031685108866
2024-10-23,ILI incidence,2024-11-10,4,DK,MRC_GIDA,Prophet,AE,50.9044272220259,-3.4066848238123897,16,16,0.0
2024-10-23,ILI incidence,2024-11-10,4,DK,QMUL,ARIMA,AE,19.4032081062727,-2.0151888948870136,16,9,0.6248453240779938
2024-10-23,ILI incidence,2024-11-10,4,DK,RIVM,KFdlm,AE,6.46865158324184,-0.430430602069532,16,3,0.8814099075863392
2024-10-23,ILI incidence,2024-11-10,4,DK,fjordhest,ensemble,AE,0.490000000000009,3.2921807514932957,16,1,1.0
2024-10-23,ILI incidence,2024-11-10,4,DK,respicast,hubEnsemble,AE,18.876329224769,-1.9754719281117878,16,6,0.6352962785078302
2024-10-23,ILI incidence,2024-11-10,4,DK,respicast,quantileBaseline,AE,4.80000000000004,0.0,16,2,0.9145085992741974
2024-10-23,ILI incidence,2024-11-10,4,DK,safinea,syndromic,AE,34.4380952,-2.8428990373193574,16,13,0.32661944069121185
2024-10-23,ILI incidence,2024-11-10,4,EE,ItaLuxColab,EpiEKF,AE,71.002671098625,-1.771289771015091,5,3,0.832974228015785
2024-10-23,ILI incidence,2024-11-10,4,EE,ItaLuxColab,EpiNetEKF,AE,13.890031432323,0.5825336643094663,5,1,1.0
2024-10-23,ILI incidence,2024-11-10,4,EE,RIVM,KFdlm,AE,355.829116567637,-4.0965291339249905,5,5,0.0
2024-10-23,ILI incidence,2024-11-10,4,EE,respicast,hubEnsemble,AE,170.969542567657,-3.0390839050807594,5,4,0.5406213622137591
2024-10-23,ILI incidence,2024-11-10,4,EE,respicast,quantileBaseline,AE,20.8,0.0,5,2,0.9797918141912833
2024-10-23,ILI incidence,2024-11-10,4,FR,ECDC,SARIMA,AE,35.036307313696,0.6983096204385065,18,5,0.8762074616595081
2024-10-23,ILI incidence,2024-11-10,4,FR,ECDC,soca_simplex,AE,87.0342900847332,-0.6144235620588392,18,14,0.5286076871473288
2024-10-23,ILI incidence,2024-11-10,4,FR,ISI,FluABCaster,AE,95.6781167299121,-0.7510286435627671,18,15,0.47082482649258606
2024-10-23,ILI incidence,2024-11-10,4,FR,ISI,FluBcast,AE,132.997989916003,-1.2261721872848121,18,16,0.22134631188501705
2024-10-23,ILI incidence,2024-11-10,4,FR,ISI,RC_AdaptEns2,AE,78.9256358971895,-0.4733336301397875,18,13,0.5828129892952685
2024-10-23,ILI incidence,2024-11-10,4,FR,ISI,SEIR_BRW,AE,62.7523510401373,-0.1425091620639431,18,12,0.6909293020796932
2024-10-23,ILI incidence,2024-11-10,4,FR,ItaLuxColab,EpiEKF,AE,48.553155591215,0.2275952860610527,18,7,0.7858490830649066
2024-10-23,ILI incidence,2024-11-10,4,FR,ItaLuxColab,EpiNetEKF,AE,58.497462347351,-0.04121369201782737,18,9,0.7193726814449932
2024-10-23,ILI incidence,2024-11-10,4,FR,MRC_GIDA,CATBoost,AE,30.7917591701701,0.8846160564804524,18,4,0.9045817157934106
2024-10-23,ILI incidence,2024-11-10,4,FR,MRC_GIDA,NBEATS,AE,27.3243104992156,1.0569752576819298,18,3,0.9277611606857936
2024-10-23,ILI incidence,2024-11-10,4,FR,MRC_GIDA,NHiTS,AE,16.5179918606855,1.783122044244526,18,1,1.0
2024-10-23,ILI incidence,2024-11-10,4,FR,MRC_GIDA,Prophet,AE,20.9475721536841,1.4403773054225928,18,2,0.9703888299319271
2024-10-23,ILI incidence,2024-11-10,4,FR,QMUL,ARIMA,AE,42.9446751946298,0.404681089617348,18,6,0.8233410475088594
2024-10-23,ILI incidence,2024-11-10,4,FR,RIVM,KFdlm,AE,138.445743474654,-1.284088444383257,18,17,0.18492878551821038
2024-10-23,ILI incidence,2024-11-10,4,FR,fjordhest,ensemble,AE,61.46,-0.1124874178133521,18,10,0.699568501260176
2024-10-23,ILI incidence,2024-11-10,4,FR,respicast,hubEnsemble,AE,61.46,-0.1124874178133521,18,10,0.699568501260176
2024-10-23,ILI incidence,2024-11-10,4,FR,respicast,quantileBaseline,AE,56.85,0.0,18,8,0.7303857536823931
2024-10-23,ILI incidence,2024-11-10,4,FR,safinea,syndromic,AE,166.1095238,-1.5469025375838963,18,18,0.0
2024-10-23,ILI incidence,2024-11-10,4,GB-ENG,ECDC,SARIMA,AE,0.128476854516409,0.7619262669612389,8,2,0.9616584133404454
2024-10-23,ILI incidence,2024-11-10,4,GB-ENG,ECDC,soca_simplex,AE,0.313897061137285,-0.5268567777142286,8,6,0.85504559231802
2024-10-23,ILI incidence,2024-11-10,4,GB-ENG,ISI,FluABCaster,AE,0.745217877370028,-1.774227540131176,8,7,0.6070449573155426
2024-10-23,ILI incidence,2024-11-10,4,GB-ENG,ISI,SEIR_BRW,AE,1.80098584537017,-3.047280193459496,8,8,0.0
2024-10-23,ILI incidence,2024-11-10,4,GB-ENG,ItaLuxColab,EpiEKF,AE,0.0617934589134408,1.817908707787371,8,1,1.0
2024-10-23,ILI incidence,2024-11-10,4,GB-ENG,RIVM,KFdlm,AE,0.26695998944867,-0.2931887905818672,8,4,0.8820334471718699
2024-10-23,ILI incidence,2024-11-10,4,GB-ENG,respicast,hubEnsemble,AE,0.26695998944867,-0.2931887905818672,8,4,0.8820334471718699
2024-10-23,ILI incidence,2024-11-10,4,GB-ENG,respicast,quantileBaseline,AE,0.217865044977337,0.0,8,3,0.9102620346781404
2024-10-23,ILI incidence,2024-11-10,4,GB-NIR,ISI,FluABCaster,AE,0.641159410279011,1.3214524467595812,7,3,0.9043037527696294
2024-10-23,ILI incidence,2024-11-10,4,GB-NIR,ISI,SEIR_BRW,AE,4.29813283813459,-1.4235026234858086,7,7,0.0
2024-10-23,ILI incidence,2024-11-10,4,GB-NIR,ItaLuxColab,EpiEKF,AE,1.60458096428815,-0.0019891393544458997,7,6,0.6660669309887031
2024-10-23,ILI incidence,2024-11-10,4,GB-NIR,RIVM,KFdlm,AE,0.33655193917267,2.2513063734667256,7,2,0.9796277015697322
2024-10-23,ILI incidence,2024-11-10,4,GB-NIR,respicast,hubEnsemble,AE,0.254167061529889,2.6563584646493967,7,1,1.0
2024-10-23,ILI incidence,2024-11-10,4,GB-NIR,respicast,quantileBaseline,AE,1.60237014652315,0.0,7,5,0.666613626457243
2024-10-23,ILI incidence,2024-11-10,4,GB-NIR,safinea,syndromic,AE,0.844886062232459,0.9233787440535457,7,4,0.8539258160590728
2024-10-23,ILI incidence,2024-11-10,4,GB-SCT,ECDC,SARIMA,AE,1.26345311338702,-1.2985194245304748,9,8,0.28505562205324936
2024-10-23,ILI incidence,2024-11-10,4,GB-SCT,ECDC,soca_simplex,AE,1.15965754955328,-1.1748461334715654,9,7,0.38402544850873493
2024-10-23,ILI incidence,2024-11-10,4,GB-SCT,ISI,FluABCaster,AE,1.56240795724847,-1.604918499430525,9,9,0.0
2024-10-23,ILI incidence,2024-11-10,4,GB-SCT,ISI,SEIR_BRW,AE,0.765639614125063,-0.5758846792964958,9,3,0.7597244210789219
2024-10-23,ILI incidence,2024-11-10,4,GB-SCT,ItaLuxColab,EpiEKF,AE,0.83230961357075,-0.6963395036785394,9,4,0.6961540907949016
2024-10-23,ILI incidence,2024-11-10,4,GB-SCT,RIVM,KFdlm,AE,0.867920853653812,-0.7567826908666572,9,5,0.66219851388286
2024-10-23,ILI incidence,2024-11-10,4,GB-SCT,respicast,hubEnsemble,AE,1.01378920160355,-0.9809049997426695,9,6,0.5231119811957937
2024-10-23,ILI incidence,2024-11-10,4,GB-SCT,respicast,quantileBaseline,AE,0.513648274109843,0.0,9,1,1.0
2024-10-23,ILI incidence,2024-11-10,4,GB-SCT,safinea,syndromic,AE,0.75439880392444,-0.5545465912964668,9,2,0.7704426155150224
2024-10-23,ILI incidence,2024-11-10,4,GB-WLS,respicast,quantileBaseline,AE,0.185564162523754,0.0,1,1,0.0
2024-10-23,ILI incidence,2024-11-10,4,GR,ECDC,SARIMA,AE,101.283089441716,-0.37777238909304023,17,11,0.8712989996383576
2024-10-23,ILI incidence,2024-11-10,4,GR,ECDC,soca_simplex,AE,30.4490016570921,1.356154096202747,17,3,0.9686465539407928
2024-10-23,ILI incidence,2024-11-10,4,GR,ISI,FluABCaster,AE,73.1769578898675,0.0911595816711337,17,7,0.9099253623550507
2024-10-23,ILI incidence,2024-11-10,4,GR,ISI,FluBcast,AE,134.961523645359,-0.7919272380704957,17,15,0.8250146003470351
2024-10-23,ILI incidence,2024-11-10,4,GR,ISI,RC_AdaptEns2,AE,124.356874578511,-0.6738653354192802,17,13,0.8395886096013385
2024-10-23,ILI incidence,2024-11-10,4,GR,ItaLuxColab,EpiEKF,AE,102.78479838837,-0.3990059813266078,17,12,0.8692351953627191
2024-10-23,ILI incidence,2024-11-10,4,GR,ItaLuxColab,EpiNetEKF,AE,50.418592277248,0.6285931852300819,17,6,0.9412022701490136
2024-10-23,ILI incidence,2024-11-10,4,GR,MRC_GIDA,CATBoost,AE,130.294793375442,-0.741158506434357,17,14,0.8314281053779304
2024-10-23,ILI incidence,2024-11-10,4,GR,MRC_GIDA,NBEATS,AE,39.8040320067901,0.9696344448784436,17,5,0.9557899004078615
2024-10-23,ILI incidence,2024-11-10,4,GR,MRC_GIDA,NHiTS,AE,15.1791143530659,2.3604614058003923,17,2,0.989632017719765
2024-10-23,ILI incidence,2024-11-10,4,GR,MRC_GIDA,Prophet,AE,735.276108262678,-3.2376651793559432,17,17,0.0
2024-10-23,ILI incidence,2024-11-10,4,GR,QMUL,ARIMA,AE,75.518662889534,0.04571580191657521,17,8,0.9067071483320447
2024-10-23,ILI incidence,2024-11-10,4,GR,RIVM,KFdlm,AE,39.5808398721518,0.9777467974367519,17,4,0.9560966342012384
2024-10-23,ILI incidence,2024-11-10,4,GR,fjordhest,ensemble,AE,86.9599999999999,-0.15780291744216218,17,10,0.8909832755401751
2024-10-23,ILI incidence,2024-11-10,4,GR,respicast,hubEnsemble,AE,7.63494365201291,3.3518596082357752,17,1,1.0
2024-10-23,ILI incidence,2024-11-10,4,GR,respicast,quantileBaseline,AE,77.9499999999999,0.0,17,9,0.903365752560728
2024-10-23,ILI incidence,2024-11-10,4,GR,safinea,syndromic,AE,341.428571,-2.1309628611891718,17,16,0.5412661575756395
2024-10-23,ILI incidence,2024-11-10,4,HR,ECDC,SARIMA,AE,10.8986286634371,-6.768002806894142,10,10,0.0
2024-10-23,ILI incidence,2024-11-10,4,HR,ECDC,soca_simplex,AE,3.58677181813892,-5.164614062287473,10,9,0.6771097583950892
2024-10-23,ILI incidence,2024-11-10,4,HR,ISI,FluABCaster,AE,0.550786146759836,-2.461492273611903,10,4,0.9582552414005913
2024-10-23,ILI incidence,2024-11-10,4,HR,ISI,FluBcast,AE,0.905274355516332,-3.1783550865149905,10,6,0.9254280908609352
2024-10-23,ILI incidence,2024-11-10,4,HR,ISI,SEIR_BRW,AE,0.332514013415027,-1.7334151425938171,10,2,0.9784681906692196
2024-10-23,ILI incidence,2024-11-10,4,HR,ItaLuxColab,EpiEKF,AE,2.84093355359353,-4.828293183710788,10,8,0.746177626898681
2024-10-23,ILI incidence,2024-11-10,4,HR,ItaLuxColab,EpiNetEKF,AE,1.70419552624325,-4.091018963642879,10,7,0.8514445142766257
2024-10-23,ILI incidence,2024-11-10,4,HR,RIVM,KFdlm,AE,0.421020470475146,-2.0738903804057123,10,3,0.9702721076462159
2024-10-23,ILI incidence,2024-11-10,4,HR,respicast,hubEnsemble,AE,0.90527435551633,-3.1783550865149874,10,5,0.9254280908609354
2024-10-23,ILI incidence,2024-11-10,4,HR,respicast,quantileBaseline,AE,0.1,0.0,10,1,1.0
2024-10-23,ILI incidence,2024-11-10,4,HU,ECDC,SARIMA,AE,1.91830176011001,3.466162677082529,13,1,1.0
2024-10-23,ILI incidence,2024-11-10,4,HU,ECDC,soca_simplex,AE,158.179193432005,-2.8994236732307037,13,12,0.0960257003839126
2024-10-23,ILI incidence,2024-11-10,4,HU,ISI,RC_AdaptEns2,AE,77.3877285674927,-1.8680405504389361,13,11,0.5634069311220896
2024-10-23,ILI incidence,2024-11-10,4,HU,ItaLuxColab,EpiEKF,AE,52.684398741312,-1.3133115397533104,13,7,0.7063164911462078
2024-10-23,ILI incidence,2024-11-10,4,HU,ItaLuxColab,EpiNetEKF,AE,76.861392768593,-1.8581948542369742,13,10,0.5664518006993877
2024-10-23,ILI incidence,2024-11-10,4,HU,MRC_GIDA,CATBoost,AE,24.446833322462,-0.20558333552781013,13,4,0.8696717180955461
2024-10-23,ILI incidence,2024-11-10,4,HU,MRC_GIDA,NBEATS,AE,56.997383394259,-1.4268314255279453,13,9,0.6813657357832525
2024-10-23,ILI incidence,2024-11-10,4,HU,MRC_GIDA,NHiTS,AE,29.8231682302235,-0.49236926403465525,13,5,0.8385694472026471
2024-10-23,ILI incidence,2024-11-10,4,HU,MRC_GIDA,Prophet,AE,53.505881326091,-1.3356332153914419,13,8,0.7015641878905623
2024-10-23,ILI incidence,2024-11-10,4,HU,QMUL,ARIMA,AE,45.9515870252141,-1.1160504237958675,13,6,0.7452660241380336
2024-10-23,ILI incidence,2024-11-10,4,HU,RIVM,KFdlm,AE,174.778184765919,-3.043388953758316,13,13,0.0
2024-10-23,ILI incidence,2024-11-10,4,HU,respicast,hubEnsemble,AE,23.934944392662,-0.17505418950300647,13,3,0.8726330120690171
2024-10-23,ILI incidence,2024-11-10,4,HU,respicast,quantileBaseline,AE,21.2,0.0,13,2,0.8884547536154354
2024-10-23,ILI incidence,2024-11-10,4,IE,ECDC,SARIMA,AE,7.9838603018161,-1.1490895706782933,18,12,0.6886735369449638
2024-10-23,ILI incidence,2024-11-10,4,IE,ECDC,soca_simplex,AE,3.62574500684693,-0.010280559538367389,18,3,0.9469532817373886
2024-10-23,ILI incidence,2024-11-10,4,IE,ISI,FluABCaster,AE,13.3276956188284,-1.8883585459026193,18,17,0.3719759903050358
2024-10-23,ILI incidence,2024-11-10,4,IE,ISI,FluBcast,AE,19.6042786083793,-2.445099743358961,18,18,0.0
2024-10-23,ILI incidence,2024-11-10,4,IE,ISI,RC_AdaptEns2,AE,5.45678713384297,-0.6000548595417227,18,5,0.8384382330853632
2024-10-23,ILI incidence,2024-11-10,4,IE,ISI,SEIR_BRW,AE,13.1880384490824,-1.8731611865664566,18,16,0.38025264562942973
2024-10-23,ILI incidence,2024-11-10,4,IE,ItaLuxColab,EpiEKF,AE,6.5336588784872,-0.8598942272596289,18,9,0.7746184071844854
2024-10-23,ILI incidence,2024-11-10,4,IE,ItaLuxColab,EpiNetEKF,AE,8.016574590664,-1.1549890113335635,18,13,0.6867347543284381
2024-10-23,ILI incidence,2024-11-10,4,IE,MRC_GIDA,CATBoost,AE,5.39211488422242,-0.5828543283053802,18,4,0.8422709752219537
2024-10-23,ILI incidence,2024-11-10,4,IE,MRC_GIDA,NBEATS,AE,5.62321592528215,-0.6433985392838916,18,7,0.8285749819160692
2024-10-23,ILI incidence,2024-11-10,4,IE,MRC_GIDA,NHiTS,AE,5.48398007534464,-0.6072264229039651,18,6,0.8368266681046674
2024-10-23,ILI incidence,2024-11-10,4,IE,MRC_GIDA,Prophet,AE,2.730654629574,0.39875005151784615,18,1,1.0
2024-10-23,ILI incidence,2024-11-10,4,IE,QMUL,ARIMA,AE,8.67191923590147,-1.268354413962133,18,14,0.6478963491310343
2024-10-23,ILI incidence,2024-11-10,4,IE,RIVM,KFdlm,AE,7.82816992317935,-1.1206781657954974,18,11,0.6979003858324532
2024-10-23,ILI incidence,2024-11-10,4,IE,fjordhest,ensemble,AE,5.79,-0.6855664416595619,18,8,0.8186906752059431
2024-10-23,ILI incidence,2024-11-10,4,IE,respicast,hubEnsemble,AE,7.8281699231793,-1.1206781657954883,18,10,0.6979003858324561
2024-10-23,ILI incidence,2024-11-10,4,IE,respicast,quantileBaseline,AE,3.6,0.0,18,2,0.9484790361858264
2024-10-23,ILI incidence,2024-11-10,4,IE,safinea,syndromic,AE,10.18095238,-1.4998037133644606,18,15,0.5584648703927381
2024-10-23,ILI incidence,2024-11-10,4,IS,respicast,quantileBaseline,AE,2.3,0.0,1,1,0.0
2024-10-23,ILI incidence,2024-11-10,4,IT,respicast,quantileBaseline,AE,264.95,0.0,1,1,0.0
2024-10-23,ILI incidence,2024-11-10,4,LT,ECDC,SARIMA,AE,8.314823191468,-1.4234173705019868,16,16,0.0
2024-10-23,ILI incidence,2024-11-10,4,LT,ECDC,soca_simplex,AE,2.60771496075966,0.24948203272974379,16,13,0.6865102365293979
2024-10-23,ILI incidence,2024-11-10,4,LT,ISI,FluABCaster,AE,0.802954466168008,1.9488781324776387,16,3,0.9036055681641461
2024-10-23,ILI incidence,2024-11-10,4,LT,ISI,FluBcast,AE,0.0016066842237583,10.913966089246625,16,1,1.0
2024-10-23,ILI incidence,2024-11-10,4,LT,ISI,SEIR_BRW,AE,1.55561810626502,0.9947802835944831,16,10,0.8130673704110705
2024-10-23,ILI incidence,2024-11-10,4,LT,ItaLuxColab,EpiEKF,AE,0.0933056419136697,5.054160086096668,16,2,0.9889694972325087
2024-10-23,ILI incidence,2024-11-10,4,LT,ItaLuxColab,EpiNetEKF,AE,1.08715153551557,1.5117151672228926,16,5,0.8694193937634301
2024-10-23,ILI incidence,2024-11-10,4,LT,MRC_GIDA,CATBoost,AE,2.19029677169173,0.5011418561567569,16,12,0.7367216304831324
2024-10-23,ILI incidence,2024-11-10,4,LT,MRC_GIDA,NBEATS,AE,1.33646693809127,1.2138440672875819,16,9,0.8394291484283732
2024-10-23,ILI incidence,2024-11-10,4,LT,MRC_GIDA,NHiTS,AE,2.8142048720555,0.13954085595859161,16,14,0.6616714859548276
2024-10-23,ILI incidence,2024-11-10,4,LT,MRC_GIDA,Prophet,AE,1.11551472305805,1.47455866046281,16,6,0.8660075750627186
2024-10-23,ILI incidence,2024-11-10,4,LT,RIVM,KFdlm,AE,1.16015551606096,1.4179500073780076,16,8,0.8606377169621857
2024-10-23,ILI incidence,2024-11-10,4,LT,fjordhest,ensemble,AE,2.08,0.5756846871331455,16,11,0.7499892714251933
2024-10-23,ILI incidence,2024-11-10,4,LT,respicast,hubEnsemble,AE,1.11551472305805,1.47455866046281,16,6,0.8660075750627186
2024-10-23,ILI incidence,2024-11-10,4,LT,respicast,quantileBaseline,AE,3.1,0.0,16,15,0.6272930804729718
2024-10-23,ILI incidence,2024-11-10,4,LT,safinea,syndromic,AE,0.961904762,1.6883022502709997,16,4,0.8844853761550145
2024-10-23,ILI incidence,2024-11-10,4,LU,ECDC,SARIMA,AE,1154.88106410559,0.2776825444122744,14,5,0.7163189754176691
2024-10-23,ILI incidence,2024-11-10,4,LU,ECDC,soca_simplex,AE,133.246783432018,3.3932542152096397,14,1,1.0
2024-10-23,ILI incidence,2024-11-10,4,LU,ISI,FluABCaster,AE,1778.61016671726,-0.3453235102063559,14,13,0.543125774839045
2024-10-23,ILI incidence,2024-11-10,4,LU,ItaLuxColab,EpiEKF,AE,730.08322580011,0.9392939887427887,14,3,0.8342741853107891
2024-10-23,ILI incidence,2024-11-10,4,LU,ItaLuxColab,EpiNetEKF,AE,3734.59545374842,-1.4155251458360354,14,14,0.0
2024-10-23,ILI incidence,2024-11-10,4,LU,MRC_GIDA,CATBoost,AE,1359.57471610891,0.04227138960098709,14,7,0.6594809209158994
2024-10-23,ILI incidence,2024-11-10,4,LU,MRC_GIDA,NBEATS,AE,1360.11640682155,0.04169669602011216,14,8,0.659330507622928
2024-10-23,ILI incidence,2024-11-10,4,LU,MRC_GIDA,NHiTS,AE,863.306882662848,0.6974814317197886,14,4,0.7972814725638078
2024-10-23,ILI incidence,2024-11-10,4,LU,MRC_GIDA,Prophet,AE,1691.51587473008,-0.272889889593284,14,12,0.5673095737322325
2024-10-23,ILI incidence,2024-11-10,4,LU,QMUL,ARIMA,AE,1600.13493670414,-0.1927667431333097,14,11,0.5926836617174182
2024-10-23,ILI incidence,2024-11-10,4,LU,RIVM,KFdlm,AE,1552.33452652471,-0.14901266318500106,14,10,0.6059565809916383
2024-10-23,ILI incidence,2024-11-10,4,LU,fjordhest,ensemble,AE,1254.81,0.15795789551163025,14,6,0.6885713327864349
2024-10-23,ILI incidence,2024-11-10,4,LU,respicast,hubEnsemble,AE,368.41402702065,1.926026930313811,14,2,0.9347002289650642
2024-10-23,ILI incidence,2024-11-10,4,LU,respicast,quantileBaseline,AE,1400.0,0.0,14,9,0.6482558806346598
2024-10-23,ILI incidence,2024-11-10,4,LV,ECDC,SARIMA,AE,40.2,-0.10415723129129215,10,8,0.9923002503199599
2024-10-23,ILI incidence,2024-11-10,4,LV,ItaLuxColab,EpiEKF,AE,2560.7768821371,-6.0973994775339575,10,10,0.0
2024-10-23,ILI incidence,2024-11-10,4,LV,ItaLuxColab,EpiNetEKF,AE,887.615614805972,-4.568824872215853,10,9,0.658689824605014
2024-10-23,ILI incidence,2024-11-10,4,LV,MRC_GIDA,CATBoost,AE,34.3967578395919,0.12076568394072647,10,5,0.9945848696423262
2024-10-23,ILI incidence,2024-11-10,4,LV,MRC_GIDA,NBEATS,AE,20.6415941289,0.8574838772078941,10,1,1.0
2024-10-23,ILI incidence,2024-11-10,4,LV,MRC_GIDA,NHiTS,AE,29.2480379791927,0.3546984212332101,10,3,0.9966118167442014
2024-10-23,ILI incidence,2024-11-10,4,LV,MRC_GIDA,Prophet,AE,24.7261349330532,0.5970015277044839,10,2,0.9983919987161959
2024-10-23,ILI incidence,2024-11-10,4,LV,RIVM,KFdlm,AE,36.3420823216955,0.041397184907524885,10,6,0.9938190346526359
2024-10-23,ILI incidence,2024-11-10,4,LV,respicast,hubEnsemble,AE,29.2480379791927,0.3546984212332101,10,3,0.9966118167442014
2024-10-23,ILI incidence,2024-11-10,4,LV,respicast,quantileBaseline,AE,37.4,0.0,10,7,0.9934025538126984
2024-10-23,ILI incidence,2024-11-10,4,MT,ECDC,SARIMA,AE,1159.28152589779,-0.07572743663769514,9,3,0.9650026003656466
2024-10-23,ILI incidence,2024-11-10,4,MT,ECDC,soca_simplex,AE,1403.55332740554,-0.35158035571998075,9,6,0.8207944726681633
2024-10-23,ILI incidence,2024-11-10,4,MT,ISI,FluABCaster,AE,2490.87473602732,-1.1791489477460442,9,8,0.17888417612596347
2024-10-23,ILI incidence,2024-11-10,4,MT,ISI,FluBcast,AE,2793.88373185302,-1.3447684601437286,9,9,0.0
2024-10-23,ILI incidence,2024-11-10,4,MT,ItaLuxColab,EpiEKF,AE,1119.06908649572,-0.02479558107919196,9,2,0.9887423876048095
2024-10-23,ILI incidence,2024-11-10,4,MT,ItaLuxColab,EpiNetEKF,AE,1209.20262958259,-0.13655249767668315,9,4,0.9355312129580889
2024-10-23,ILI incidence,2024-11-10,4,MT,RIVM,KFdlm,AE,1216.75333336425,-0.14553320321617058,9,5,0.9310735848224199
2024-10-23,ILI incidence,2024-11-10,4,MT,respicast,hubEnsemble,AE,1403.55332740554,-0.35158035571998075,9,6,0.8207944726681633
2024-10-23,ILI incidence,2024-11-10,4,MT,respicast,quantileBaseline,AE,1100.0,0.0,9,1,1.0
2024-10-23,ILI incidence,2024-11-10,4,NL,ECDC,SARIMA,AE,5.4090944535142,-0.3997631802966094,13,2,0.9697739380087145
2024-10-23,ILI incidence,2024-11-10,4,NL,ECDC,soca_simplex,AE,20.8383562636149,-2.3455456670025443,13,9,0.6135232314993884
2024-10-23,ILI incidence,2024-11-10,4,NL,ISI,FluABCaster,AE,21.353534931085,-2.3807791030306165,13,10,0.6016281216410148
2024-10-23,ILI incidence,2024-11-10,4,NL,ISI,FluBcast,AE,47.4101226978108,-3.5314993119331257,13,13,0.0
2024-10-23,ILI incidence,2024-11-10,4,NL,ISI,RC_AdaptEns2,AE,6.91116794751068,-0.7533056286247387,13,3,0.9350921269116425
2024-10-23,ILI incidence,2024-11-10,4,NL,ISI,SEIR_BRW,AE,21.4206757698064,-2.38530817945443,13,12,0.6000778873184324
2024-10-23,ILI incidence,2024-11-10,4,NL,ItaLuxColab,EpiEKF,AE,14.1128568782752,-1.7833142487064138,13,6,0.7688102398568977
2024-10-23,ILI incidence,2024-11-10,4,NL,ItaLuxColab,EpiNetEKF,AE,10.9453182393645,-1.4166180872020762,13,5,0.8419464593271512
2024-10-23,ILI incidence,2024-11-10,4,NL,RIVM,KFdlm,AE,17.8297173440741,-2.120588017141712,13,7,0.6829905692054734
2024-10-23,ILI incidence,2024-11-10,4,NL,fjordhest,ensemble,AE,7.7,-0.9092345360768214,13,4,0.9168785545790665
2024-10-23,ILI incidence,2024-11-10,4,NL,respicast,hubEnsemble,AE,19.3340368038445,-2.23744707820781,13,8,0.6482569003524309
2024-10-23,ILI incidence,2024-11-10,4,NL,respicast,quantileBaseline,AE,4.09999999999999,0.0,13,1,1.0
2024-10-23,ILI incidence,2024-11-10,4,NL,safinea,syndromic,AE,21.4047619,-2.3842359726840137,13,11,0.6004453272796959
2024-10-23,ILI incidence,2024-11-10,4,NO,ECDC,SARIMA,AE,2.7486032373989,-0.3883093400548721,18,13,0.8521007476199891
2024-10-23,ILI incidence,2024-11-10,4,NO,ECDC,soca_simplex,AE,0.355964183625797,2.5605853352526218,18,2,0.9961691785110546
2024-10-23,ILI incidence,2024-11-10,4,NO,ISI,FluABCaster,AE,9.85333332321378,-2.2302225342771913,18,16,0.42430228225858524
2024-10-23,ILI incidence,2024-11-10,4,NO,ISI,FluBcast,AE,16.9,-3.008562013503417,18,18,0.0
2024-10-23,ILI incidence,2024-11-10,4,NO,ISI,RC_AdaptEns2,AE,2.43237251749613,-0.21197486634593768,18,11,0.8711420081662046
2024-10-23,ILI incidence,2024-11-10,4,NO,ISI,SEIR_BRW,AE,12.2237095395503,-2.5412209344916636,18,17,0.28157436783681894
2024-10-23,ILI incidence,2024-11-10,4,NO,ItaLuxColab,EpiEKF,AE,0.2923432151333,2.8446543139558345,18,1,1.0
2024-10-23,ILI incidence,2024-11-10,4,NO,ItaLuxColab,EpiNetEKF,AE,4.8901522502087,-1.2194900549142687,18,15,0.7231512491717051
2024-10-23,ILI incidence,2024-11-10,4,NO,MRC_GIDA,CATBoost,AE,1.1841537142807,0.8265329593937929,18,9,0.9463012446186846
2024-10-23,ILI incidence,2024-11-10,4,NO,MRC_GIDA,NBEATS,AE,0.840332433293554,1.3213572556167685,18,6,0.9670038208725752
2024-10-23,ILI incidence,2024-11-10,4,NO,MRC_GIDA,NHiTS,AE,2.65853771940635,-0.3402436076715142,18,12,0.857523879802888
2024-10-23,ILI incidence,2024-11-10,4,NO,MRC_GIDA,Prophet,AE,1.1240491700114,0.9016841822079609,18,8,0.9499203309863695
2024-10-23,ILI incidence,2024-11-10,4,NO,QMUL,ARIMA,AE,0.691442509553255,1.6027081202539328,18,4,0.9759689581986289
2024-10-23,ILI incidence,2024-11-10,4,NO,RIVM,KFdlm,AE,0.517633070512044,2.020387631685547,18,3,0.9864345790440447
2024-10-23,ILI incidence,2024-11-10,4,NO,fjordhest,ensemble,AE,1.04,1.0138057995250371,18,7,0.9549811996627976
2024-10-23,ILI incidence,2024-11-10,4,NO,respicast,hubEnsemble,AE,0.691442509553298,1.6027081202538431,18,5,0.9759689581986264
2024-10-23,ILI incidence,2024-11-10,4,NO,respicast,quantileBaseline,AE,2.10000000000001,0.0,18,10,0.891155217844224
2024-10-23,ILI incidence,2024-11-10,4,NO,safinea,syndromic,AE,3.64761905,-0.7965657373091367,18,14,0.7979681373278313
2024-10-23,ILI incidence,2024-11-10,4,PL,ECDC,SARIMA,AE,1.45813764369899,4.885489052143829,17,3,0.9971675849311922
2024-10-23,ILI incidence,2024-11-10,4,PL,ECDC,soca_simplex,AE,0.229748817188863,7.551486624953044,17,1,1.0
2024-10-23,ILI incidence,2024-11-10,4,PL,ISI,FluABCaster,AE,94.5495461591885,-1.1333826638954647,17,15,0.7825177097732411
2024-10-23,ILI incidence,2024-11-10,4,PL,ISI,FluBcast,AE,72.19,-0.7441111347011552,17,13,0.8340742805480797
2024-10-23,ILI incidence,2024-11-10,4,PL,ISI,RC_AdaptEns2,AE,5.56138004469506,2.9541730351040063,17,7,0.987706341588096
2024-10-23,ILI incidence,2024-11-10,4,PL,ItaLuxColab,EpiEKF,AE,4.80460018228001,3.165199582951145,17,6,0.9894513221999471
2024-10-23,ILI incidence,2024-11-10,4,PL,ItaLuxColab,EpiNetEKF,AE,22.756864294376,0.9213860892891509,17,9,0.9480570484220099
2024-10-23,ILI incidence,2024-11-10,4,PL,MRC_GIDA,CATBoost,AE,0.887290876033262,5.602136925681048,17,2,0.9984838416015741
2024-10-23,ILI incidence,2024-11-10,4,PL,MRC_GIDA,NBEATS,AE,24.7123627596687,0.8024549153576712,17,10,0.9435480662491084
2024-10-23,ILI incidence,2024-11-10,4,PL,MRC_GIDA,NHiTS,AE,2.16265299451965,4.3168137659600525,17,4,0.995543115664779
2024-10-23,ILI incidence,2024-11-10,4,PL,MRC_GIDA,Prophet,AE,90.9313279461644,-1.0770895525640705,17,14,0.7908605858786188
2024-10-23,ILI incidence,2024-11-10,4,PL,QMUL,ARIMA,AE,3.71925221801388,3.5346033777630823,17,5,0.9919539141012599
2024-10-23,ILI incidence,2024-11-10,4,PL,RIVM,KFdlm,AE,433.919302314426,-3.331666989496519,17,17,0.0
2024-10-23,ILI incidence,2024-11-10,4,PL,fjordhest,ensemble,AE,47.65,-0.14478834482084363,17,12,0.8906585348887975
2024-10-23,ILI incidence,2024-11-10,4,PL,respicast,hubEnsemble,AE,14.159122169536,1.6059560446360102,17,8,0.967881695005052
2024-10-23,ILI incidence,2024-11-10,4,PL,respicast,quantileBaseline,AE,43.1,0.0,17,11,0.9011499104898678
2024-10-23,ILI incidence,2024-11-10,4,PL,safinea,syndromic,AE,331.3238095,-2.9424821072693894,17,16,0.2365643626578144
2024-10-23,ILI incidence,2024-11-10,4,RO,ECDC,SARIMA,AE,1.23860848021543,-0.823293401539306,14,14,0.0
2024-10-23,ILI incidence,2024-11-10,4,RO,ISI,FluABCaster,AE,0.241528613726699,1.5351608077946723,14,4,0.916270685616338
2024-10-23,ILI incidence,2024-11-10,4,RO,ISI,FluBcast,AE,0.3,1.222392421336448,14,5,0.862538162284737
2024-10-23,ILI incidence,2024-11-10,4,RO,ISI,RC_AdaptEns2,AE,0.168371380587062,2.0557079890810614,14,2,0.9834988289371991
2024-10-23,ILI incidence,2024-11-10,4,RO,ISI,SEIR_BRW,AE,0.899999068901848,-0.3625685868387291,14,13,0.31116652525843264
2024-10-23,ILI incidence,2024-11-10,4,RO,ItaLuxColab,EpiEKF,AE,0.33741811250051,1.0528175029273703,14,7,0.8281526323511637
2024-10-23,ILI incidence,2024-11-10,4,RO,ItaLuxColab,EpiNetEKF,AE,0.505989783658247,0.4682466660201903,14,10,0.6732429948201994
2024-10-23,ILI incidence,2024-11-10,4,RO,MRC_GIDA,CATBoost,AE,0.395193015697498,0.8247974718648272,14,8,0.7750601450360364
2024-10-23,ILI incidence,2024-11-10,4,RO,MRC_GIDA,NBEATS,AE,0.150414912374682,2.2184073168605396,14,1,1.0
2024-10-23,ILI incidence,2024-11-10,4,RO,MRC_GIDA,NHiTS,AE,0.457715109453857,0.6129050050931216,14,9,0.7176052072344662
2024-10-23,ILI incidence,2024-11-10,4,RO,MRC_GIDA,Prophet,AE,0.210445334458885,1.7339093963541226,14,3,0.944834794233053
2024-10-23,ILI incidence,2024-11-10,4,RO,RIVM,KFdlm,AE,0.802639620771688,-0.19739745170295703,14,12,0.4006353945914372
2024-10-23,ILI incidence,2024-11-10,4,RO,respicast,hubEnsemble,AE,0.3,1.222392421336448,14,5,0.862538162284737
2024-10-23,ILI incidence,2024-11-10,4,RO,respicast,quantileBaseline,AE,0.7,0.0,14,11,0.49495650050952417
2024-10-23,ILI incidence,2024-11-10,4,SI,ECDC,SARIMA,AE,10.1725307154893,-0.7377974887814557,16,8,0.744432505301042
2024-10-23,ILI incidence,2024-11-10,4,SI,ISI,FluABCaster,AE,12.6721398170884,-1.0547790106955395,16,11,0.6761586949361615
2024-10-23,ILI incidence,2024-11-10,4,SI,ISI,FluBcast,AE,17.94,-1.5562987424690127,16,14,0.5322734422673644
2024-10-23,ILI incidence,2024-11-10,4,SI,ISI,RC_AdaptEns2,AE,22.6210843906155,-1.8907869419049672,16,15,0.40441526324952237
2024-10-23,ILI incidence,2024-11-10,4,SI,ISI,SEIR_BRW,AE,3.16065124849406,0.9485873880170627,16,5,0.9359535430204082
2024-10-23,ILI incidence,2024-11-10,4,SI,ItaLuxColab,EpiEKF,AE,8.2049069687529,-0.42767773317440405,16,7,0.7981757767862417
2024-10-23,ILI incidence,2024-11-10,4,SI,ItaLuxColab,EpiNetEKF,AE,15.8547289180002,-1.378032062860771,16,13,0.589230108940063
2024-10-23,ILI incidence,2024-11-10,4,SI,MRC_GIDA,CATBoost,AE,1.64053300912704,1.8946446200933271,16,4,0.9774737408546798
2024-10-23,ILI incidence,2024-11-10,4,SI,MRC_GIDA,NBEATS,AE,0.815812049747479,2.9025005213094452,16,1,1.0
2024-10-23,ILI incidence,2024-11-10,4,SI,MRC_GIDA,NHiTS,AE,1.21841976129327,2.323797996781176,16,3,0.9890032555362632
2024-10-23,ILI incidence,2024-11-10,4,SI,MRC_GIDA,Prophet,AE,1.06353316202597,2.51994422400363,16,2,0.9932337963434926
2024-10-23,ILI incidence,2024-11-10,4,SI,RIVM,KFdlm,AE,37.4273485707101,-2.6172117006266515,16,16,0.0
2024-10-23,ILI incidence,2024-11-10,4,SI,fjordhest,ensemble,AE,10.75,-0.8174555120265741,16,9,0.7286596276950978
2024-10-23,ILI incidence,2024-11-10,4,SI,respicast,hubEnsemble,AE,10.75,-0.8174555120265741,16,9,0.7286596276950978
2024-10-23,ILI incidence,2024-11-10,4,SI,respicast,quantileBaseline,AE,6.1,0.0,16,6,0.8556687740426583
2024-10-23,ILI incidence,2024-11-10,4,SI,safinea,syndromic,AE,13.88571429,-1.186720244430567,16,12,0.6430113706708511
2024-10-30,ILI incidence,2024-10-27,1,AT,respicast,quantileBaseline,AE,910.4,0.0,1,1,0.0
2024-10-30,ILI incidence,2024-10-27,1,BE,ECDC,SARIMA,AE,86.531663953112,0.10400257111107288,11,3,0.47550164383920207
2024-10-30,ILI incidence,2024-10-27,1,BE,ECDC,soca_simplex,AE,61.5275337938608,0.5959985500213083,11,1,1.0
2024-10-30,ILI incidence,2024-10-27,1,BE,ISI,FluBcast,AE,82.0718359106775,0.18034349011222486,11,2,0.5690530876254303
2024-10-30,ILI incidence,2024-10-27,1,BE,ISI,RC_AdaptEns2,AE,108.927011160133,-0.22805912918362067,11,10,0.005726341882263307
2024-10-30,ILI incidence,2024-10-27,1,BE,ISI,SEIR_BRW,AE,101.669988198727,-0.12859125386258302,11,8,0.15795305761427755
2024-10-30,ILI incidence,2024-10-27,1,BE,QMUL,ARIMA,AE,89.5293738429169,0.05486961993432908,11,4,0.4126202758637636
2024-10-30,ILI incidence,2024-10-27,1,BE,RIVM,KFdlm,AE,91.5395496064855,0.022835522622583346,11,5,0.37045388667641904
2024-10-30,ILI incidence,2024-10-27,1,BE,fjordhest,ensemble,AE,107.89,-0.21425853061974473,11,9,0.027479174128216214
2024-10-30,ILI incidence,2024-10-27,1,BE,respicast,hubEnsemble,AE,91.539549606486,0.022835522622575148,11,6,0.3704538866764083
2024-10-30,ILI incidence,2024-10-27,1,BE,respicast,quantileBaseline,AE,93.0,0.0,11,7,0.3398187945626733
2024-10-30,ILI incidence,2024-10-27,1,BE,safinea,syndromic,AE,109.2,-0.23167023492445876,11,11,0.0
2024-10-30,ILI incidence,2024-10-27,1,CH,ISI,SEIR_BRW,AE,1.89818056013426,1.379428164652083,5,1,1.0
2024-10-30,ILI incidence,2024-10-27,1,CH,RIVM,KFdlm,AE,4.91687911060951,0.00630251202869289,5,4,0.007080629656973172
2024-10-30,ILI incidence,2024-10-27,1,CH,respicast,hubEnsemble,AE,2.74606337757618,0.8466804741947775,5,2,0.7211118436829138
2024-10-30,ILI incidence,2024-10-27,1,CH,respicast,quantileBaseline,AE,4.9384058197466,0.0,5,5,0.0
2024-10-30,ILI incidence,2024-10-27,1,CH,safinea,syndromic,AE,2.74606337757618,0.8466804741947775,5,2,0.7211118436829138
2024-10-30,ILI incidence,2024-10-27,1,CZ,ISI,RC_AdaptEns2,AE,3.35760847541663,-2.0693621049399598,7,3,0.8261099444277663
2024-10-30,ILI incidence,2024-10-27,1,CZ,ISI,SEIR_BRW,AE,10.0347921647238,-3.6488669264525955,7,6,0.37213278022928736
2024-10-30,ILI incidence,2024-10-27,1,CZ,RIVM,KFdlm,AE,15.5081928693398,-4.276886772322972,7,7,0.0
2024-10-30,ILI incidence,2024-10-27,1,CZ,fjordhest,ensemble,AE,2.14,-1.4195388915137828,7,2,0.9088943140803302
2024-10-30,ILI incidence,2024-10-27,1,CZ,respicast,hubEnsemble,AE,4.8,-2.5849625007211543,7,4,0.7280427285980005
2024-10-30,ILI incidence,2024-10-27,1,CZ,respicast,quantileBaseline,AE,0.800000000000001,0.0,7,1,1.0
2024-10-30,ILI incidence,2024-10-27,1,CZ,safinea,syndromic,AE,4.8,-2.5849625007211543,7,4,0.7280427285980005
2024-10-30,ILI incidence,2024-10-27,1,DK,ISI,RC_AdaptEns2,AE,1.60335765294136,1.126258645927847,7,3,0.9722971212634351
2024-10-30,ILI incidence,2024-10-27,1,DK,ISI,SEIR_BRW,AE,36.8185339105948,-3.39500535350929,7,7,0.0
2024-10-30,ILI incidence,2024-10-27,1,DK,RIVM,KFdlm,AE,20.1550097607995,-2.525711654696678,7,6,0.46008279051076695
2024-10-30,ILI incidence,2024-10-27,1,DK,fjordhest,ensemble,AE,5.43000000000001,-0.6335972759720354,7,5,0.8666428626867438
2024-10-30,ILI incidence,2024-10-27,1,DK,respicast,hubEnsemble,AE,1.60335765294099,1.1262586459281798,7,2,0.9722971212634454
2024-10-30,ILI incidence,2024-10-27,1,DK,respicast,quantileBaseline,AE,3.5,0.0,7,4,0.9199304972653328
2024-10-30,ILI incidence,2024-10-27,1,DK,safinea,syndromic,AE,0.599999999999994,2.5443205162238245,7,1,1.0
2024-10-30,ILI incidence,2024-10-27,1,EE,ECDC,SARIMA,AE,54.752689600309,-0.07164646303598991,8,3,0.6704173039805997
2024-10-30,ILI incidence,2024-10-27,1,EE,ECDC,soca_simplex,AE,59.1497951305236,-0.1830897991941714,8,4,0.5039701235532551
2024-10-30,ILI incidence,2024-10-27,1,EE,ISI,FluBcast,AE,72.4633869357405,-0.47596886637052144,8,8,0.0
2024-10-30,ILI incidence,2024-10-27,1,EE,ISI,RC_AdaptEns2,AE,64.7215604226587,-0.31296301874514904,8,6,0.2930576001884668
2024-10-30,ILI incidence,2024-10-27,1,EE,RIVM,KFdlm,AE,46.0459641898264,0.17820865915084383,8,1,1.0
2024-10-30,ILI incidence,2024-10-27,1,EE,respicast,hubEnsemble,AE,61.935677776591,-0.2494873345667151,8,5,0.3985138618708666
2024-10-30,ILI incidence,2024-10-27,1,EE,respicast,quantileBaseline,AE,52.1,0.0,8,2,0.7708317019263372
2024-10-30,ILI incidence,2024-10-27,1,EE,safinea,syndromic,AE,68.4,-0.39271295260738964,8,7,0.1538146614384996
2024-10-30,ILI incidence,2024-10-27,1,FR,ISI,RC_AdaptEns2,AE,63.7244648001956,-0.13828400338571353,7,4,0.7611850280077188
2024-10-30,ILI incidence,2024-10-27,1,FR,ISI,SEIR_BRW,AE,92.8075037018887,-0.6806781070936782,7,6,0.27967911309404514
2024-10-30,ILI incidence,2024-10-27,1,FR,RIVM,KFdlm,AE,109.70016955328,-0.9219305022543137,7,7,0.0
2024-10-30,ILI incidence,2024-10-27,1,FR,fjordhest,ensemble,AE,61.44,-0.08561486784455723,7,3,0.7990071867382574
2024-10-30,ILI incidence,2024-10-27,1,FR,respicast,hubEnsemble,AE,63.724464800196,-0.13828400338572272,7,5,0.7611850280077121
2024-10-30,ILI incidence,2024-10-27,1,FR,respicast,quantileBaseline,AE,57.9,0.0,7,2,0.8576162937355035
2024-10-30,ILI incidence,2024-10-27,1,FR,safinea,syndromic,AE,49.3,0.23197570161132502,7,1,1.0
2024-10-30,ILI incidence,2024-10-27,1,GB-ENG,ECDC,SARIMA,AE,0.212551619740623,-0.2832063228875943,7,3,0.8775892722762577
2024-10-30,ILI incidence,2024-10-27,1,GB-ENG,ECDC,soca_simplex,AE,0.40695472216728,-1.2202613588637203,7,4,0.6283370029716386
2024-10-30,ILI incidence,2024-10-27,1,GB-ENG,ISI,FluBcast,AE,0.44167159569151,-1.3383671241821216,7,6,0.5838250615413809
2024-10-30,ILI incidence,2024-10-27,1,GB-ENG,RIVM,KFdlm,AE,0.11707796445078,0.5771373621375129,7,1,1.0
2024-10-30,ILI incidence,2024-10-27,1,GB-ENG,respicast,hubEnsemble,AE,0.406954722167283,-1.220261358863731,7,5,0.6283370029716349
2024-10-30,ILI incidence,2024-10-27,1,GB-ENG,respicast,quantileBaseline,AE,0.174666983758969,0.0,7,2,0.9261627331538648
2024-10-30,ILI incidence,2024-10-27,1,GB-ENG,safinea,syndromic,AE,0.897023129921153,-2.3605382556769854,7,7,0.0
2024-10-30,ILI incidence,2024-10-27,1,GB-NIR,ECDC,SARIMA,AE,0.568165458044041,-0.7709433515171248,8,6,0.6993189640515255
2024-10-30,ILI incidence,2024-10-27,1,GB-NIR,ECDC,soca_simplex,AE,0.353241045370486,-0.08528521565419431,8,3,0.9740782926440025
2024-10-30,ILI incidence,2024-10-27,1,GB-NIR,ISI,FluBcast,AE,1.11519226288523,-1.7438527787623654,8,8,0.0
2024-10-30,ILI incidence,2024-10-27,1,GB-NIR,ISI,SEIR_BRW,AE,0.52343246887279,-0.6526356453424944,8,4,0.7565056089641987
2024-10-30,ILI incidence,2024-10-27,1,GB-NIR,RIVM,KFdlm,AE,0.350338282534342,-0.07338087127234309,8,2,0.9777891841057998
2024-10-30,ILI incidence,2024-10-27,1,GB-NIR,respicast,hubEnsemble,AE,0.545798963458411,-0.7130018815776124,8,5,0.7279122865078679
2024-10-30,ILI incidence,2024-10-27,1,GB-NIR,respicast,quantileBaseline,AE,0.332964362655022,0.0,8,1,1.0
2024-10-30,ILI incidence,2024-10-27,1,GB-NIR,safinea,syndromic,AE,0.650393059808511,-0.9659440896595209,8,7,0.5941992134772098
2024-10-30,ILI incidence,2024-10-27,1,GB-SCT,ISI,SEIR_BRW,AE,0.470822899822352,0.31693472335707173,4,3,0.3429984206201303
2024-10-30,ILI incidence,2024-10-27,1,GB-SCT,RIVM,KFdlm,AE,0.249256687305614,1.2344870038557227,4,1,1.0
2024-10-30,ILI incidence,2024-10-27,1,GB-SCT,respicast,hubEnsemble,AE,0.360039793563987,0.703962845150546,4,2,0.6714992103100532
2024-10-30,ILI incidence,2024-10-27,1,GB-SCT,respicast,quantileBaseline,AE,0.586495165066763,0.0,4,4,0.0
2024-10-30,ILI incidence,2024-10-27,1,GB-WLS,respicast,quantileBaseline,AE,0.233719237401512,0.0,1,1,0.0
2024-10-30,ILI incidence,2024-10-27,1,GR,ECDC,SARIMA,AE,287.763035699305,0.02897068408855072,10,3,0.588664780324521
2024-10-30,ILI incidence,2024-10-27,1,GR,ECDC,soca_simplex,AE,299.789924949768,-0.030099931217900368,10,7,0.5096428146518841
2024-10-30,ILI incidence,2024-10-27,1,GR,ISI,FluBcast,AE,377.355923681117,-0.3620739534318363,10,10,0.0
2024-10-30,ILI incidence,2024-10-27,1,GR,ISI,RC_AdaptEns2,AE,319.194756898485,-0.12058498582688033,10,9,0.3821445121231758
2024-10-30,ILI incidence,2024-10-27,1,GR,QMUL,ARIMA,AE,286.062787771402,0.03752013004239615,10,2,0.5998361589408621
2024-10-30,ILI incidence,2024-10-27,1,GR,RIVM,KFdlm,AE,225.159137027054,0.3829069443048239,10,1,1.0
2024-10-30,ILI incidence,2024-10-27,1,GR,fjordhest,ensemble,AE,314.38,-0.09865747200253842,10,8,0.41377958802940223
2024-10-30,ILI incidence,2024-10-27,1,GR,respicast,hubEnsemble,AE,296.194962474884,-0.012695136070534532,10,6,0.5332633033226156
2024-10-30,ILI incidence,2024-10-27,1,GR,respicast,quantileBaseline,AE,293.6,0.0,10,5,0.5503133510399975
2024-10-30,ILI incidence,2024-10-27,1,GR,safinea,syndromic,AE,292.6,0.004922198704726007,10,4,0.5568837919933467
2024-10-30,ILI incidence,2024-10-27,1,HR,RIVM,KFdlm,AE,0.0668660729619521,-inf,2,2,0.0
2024-10-30,ILI incidence,2024-10-27,1,HR,respicast,hubEnsemble,AE,0.066866072961952,-inf,2,1,1.0
2024-10-30,ILI incidence,2024-10-27,1,HU,ECDC,SARIMA,AE,32.692489393632,-0.03540281237193189,9,4,0.9623506606754183
2024-10-30,ILI incidence,2024-10-27,1,HU,ECDC,soca_simplex,AE,48.2439741232569,-0.5967923309211574,9,7,0.5573447713156962
2024-10-30,ILI incidence,2024-10-27,1,HU,ISI,FluBcast,AE,32.0495637078377,-0.006748293514614721,9,3,0.9790943152971087
2024-10-30,ILI incidence,2024-10-27,1,HU,ISI,RC_AdaptEns2,AE,49.9864686609259,-0.647981186141442,9,8,0.5119651460128641
2024-10-30,ILI incidence,2024-10-27,1,HU,QMUL,ARIMA,AE,31.2468236861226,0.029846880141177506,9,1,1.0
2024-10-30,ILI incidence,2024-10-27,1,HU,RIVM,KFdlm,AE,69.6449930416606,-1.1264632134936916,9,9,0.0
2024-10-30,ILI incidence,2024-10-27,1,HU,respicast,hubEnsemble,AE,43.2666667,-0.43969955462458854,9,5,0.686968331677931
2024-10-30,ILI incidence,2024-10-27,1,HU,respicast,quantileBaseline,AE,31.9,0.0,9,2,0.9829893892120355
2024-10-30,ILI incidence,2024-10-27,1,HU,safinea,syndromic,AE,43.2666667,-0.43969955462458854,9,5,0.686968331677931
2024-10-30,ILI incidence,2024-10-27,1,IE,ECDC,SARIMA,AE,2.93031083929244,0.2969431966787914,10,1,1.0
2024-10-30,ILI incidence,2024-10-27,1,IE,ECDC,soca_simplex,AE,3.37504137416529,0.09309171848415833,10,2,0.8302295237936154
2024-10-30,ILI incidence,2024-10-27,1,IE,ISI,FluBcast,AE,5.54990963415124,-0.6244673745612643,10,10,0.0
2024-10-30,ILI incidence,2024-10-27,1,IE,ISI,RC_AdaptEns2,AE,4.44211930374335,-0.30325123387779085,10,7,0.4228854939855785
2024-10-30,ILI incidence,2024-10-27,1,IE,ISI,SEIR_BRW,AE,5.47039232146221,-0.6036473962858236,10,9,0.030354767625137943
2024-10-30,ILI incidence,2024-10-27,1,IE,RIVM,KFdlm,AE,3.4214039848349,0.07340844509523843,10,3,0.8125311606852642
2024-10-30,ILI incidence,2024-10-27,1,IE,fjordhest,ensemble,AE,4.37,-0.27963637317092366,10,5,0.4504161616148701
2024-10-30,ILI incidence,2024-10-27,1,IE,respicast,hubEnsemble,AE,4.40605965187167,-0.2914921206846799,10,6,0.4366508278002261
2024-10-30,ILI incidence,2024-10-27,1,IE,respicast,quantileBaseline,AE,3.6,0.0,10,4,0.7443543026428758
2024-10-30,ILI incidence,2024-10-27,1,IE,safinea,syndromic,AE,5.0,-0.4739311883324124,10,8,0.20992131895559266
2024-10-30,ILI incidence,2024-10-27,1,IS,respicast,quantileBaseline,AE,1.8,0.0,1,1,0.0
2024-10-30,ILI incidence,2024-10-27,1,IT,respicast,quantileBaseline,AE,183.75,0.0,1,1,0.0
2024-10-30,ILI incidence,2024-10-27,1,LT,ISI,SEIR_BRW,AE,2.03034074005051,0.4637049604844292,6,5,0.47804922978229186
2024-10-30,ILI incidence,2024-10-27,1,LT,RIVM,KFdlm,AE,1.86604118326748,0.5854460005517829,6,4,0.5800986439332422
2024-10-30,ILI incidence,2024-10-27,1,LT,fjordhest,ensemble,AE,1.19,1.234465253637023,6,1,1.0
2024-10-30,ILI incidence,2024-10-27,1,LT,respicast,hubEnsemble,AE,1.68302059163374,0.7343739991261792,6,3,0.6937760300411553
2024-10-30,ILI incidence,2024-10-27,1,LT,respicast,quantileBaseline,AE,2.8,0.0,6,6,0.0
2024-10-30,ILI incidence,2024-10-27,1,LT,safinea,syndromic,AE,1.5,0.9004643264490855,6,2,0.8074534161490683
2024-10-30,ILI incidence,2024-10-27,1,LU,ECDC,SARIMA,AE,280.73733640339,1.3181339755495587,7,1,1.0
2024-10-30,ILI incidence,2024-10-27,1,LU,ECDC,soca_simplex,AE,450.953710798717,0.6343755697930828,7,5,0.9770613966314788
2024-10-30,ILI incidence,2024-10-27,1,LU,QMUL,ARIMA,AE,413.413019128218,0.7597710994868799,7,3,0.9821204342209504
2024-10-30,ILI incidence,2024-10-27,1,LU,RIVM,KFdlm,AE,7701.257743017,-3.4596672538883464,7,7,0.0
2024-10-30,ILI incidence,2024-10-27,1,LU,fjordhest,ensemble,AE,303.94,1.2035683689343049,7,2,0.9968731756904907
2024-10-30,ILI incidence,2024-10-27,1,LU,respicast,hubEnsemble,AE,413.41301912822,0.7597710994868732,7,4,0.9821204342209501
2024-10-30,ILI incidence,2024-10-27,1,LU,respicast,quantileBaseline,AE,700.0,0.0,7,6,0.943499560593764
2024-10-30,ILI incidence,2024-10-27,1,LV,ECDC,SARIMA,AE,22.9,-2.9812227929693718,6,6,0.0
2024-10-30,ILI incidence,2024-10-27,1,LV,ECDC,soca_simplex,AE,2.50401437018325,0.21181005852374266,6,4,0.9359145604261833
2024-10-30,ILI incidence,2024-10-27,1,LV,RIVM,KFdlm,AE,1.10742780139127,1.3888402547060268,6,1,1.0
2024-10-30,ILI incidence,2024-10-27,1,LV,respicast,hubEnsemble,AE,1.1074278013913,1.3888402547059877,6,2,0.9999999999999987
2024-10-30,ILI incidence,2024-10-27,1,LV,respicast,quantileBaseline,AE,2.9,0.0,6,5,0.9177438907958204
2024-10-30,ILI incidence,2024-10-27,1,LV,safinea,syndromic,AE,2.1,0.4656635723488118,6,3,0.9544536464276531
2024-10-30,ILI incidence,2024-10-27,1,MT,ECDC,SARIMA,AE,1071.2331163959,0.5787994387761299,5,4,0.5849910157736794
2024-10-30,ILI incidence,2024-10-27,1,MT,ECDC,soca_simplex,AE,973.20099919574,0.7172621984926684,5,2,0.6934469527803239
2024-10-30,ILI incidence,2024-10-27,1,MT,RIVM,KFdlm,AE,696.111103681174,1.2006824124064097,5,1,1.0
2024-10-30,ILI incidence,2024-10-27,1,MT,respicast,hubEnsemble,AE,973.20099919574,0.7172621984926684,5,2,0.6934469527803239
2024-10-30,ILI incidence,2024-10-27,1,MT,respicast,quantileBaseline,AE,1600.0,0.0,5,5,0.0
2024-10-30,ILI incidence,2024-10-27,1,NL,ECDC,SARIMA,AE,6.4281119193038,-0.05212683237144857,10,2,0.9447382975949664
2024-10-30,ILI incidence,2024-10-27,1,NL,ECDC,soca_simplex,AE,6.67733322500285,-0.10700382264413354,10,3,0.8843626992020006
2024-10-30,ILI incidence,2024-10-27,1,NL,ISI,FluBcast,AE,6.97894980073644,-0.17074173909273013,10,5,0.8112939814450093
2024-10-30,ILI incidence,2024-10-27,1,NL,ISI,RC_AdaptEns2,AE,7.95989203908423,-0.36048064796613916,10,7,0.5736538869793266
2024-10-30,ILI incidence,2024-10-27,1,NL,ISI,SEIR_BRW,AE,10.3278482090885,-0.7361995816594827,10,10,0.0
2024-10-30,ILI incidence,2024-10-27,1,NL,RIVM,KFdlm,AE,6.75479815966107,-0.12364444547904546,10,4,0.8655962788458302
2024-10-30,ILI incidence,2024-10-27,1,NL,fjordhest,ensemble,AE,8.15,-0.3945318438442025,10,8,0.5275989083836506
2024-10-30,ILI incidence,2024-10-27,1,NL,respicast,hubEnsemble,AE,7.4694209199103,-0.26872818436142826,10,6,0.6924739342121764
2024-10-30,ILI incidence,2024-10-27,1,NL,respicast,quantileBaseline,AE,6.2,0.0,10,1,1.0
2024-10-30,ILI incidence,2024-10-27,1,NL,safinea,syndromic,AE,10.1,-0.7040151723649195,10,9,0.05519781676730157
2024-10-30,ILI incidence,2024-10-27,1,NO,ECDC,SARIMA,AE,5.790049962403,0.25302056459165817,10,8,0.3107659597727346
2024-10-30,ILI incidence,2024-10-27,1,NO,ECDC,soca_simplex,AE,5.50853353576279,0.3249280616551542,10,6,0.38958547376278657
2024-10-30,ILI incidence,2024-10-27,1,NO,ISI,RC_AdaptEns2,AE,5.07458055912592,0.44330778102682383,10,4,0.511084468053335
2024-10-30,ILI incidence,2024-10-27,1,NO,ISI,SEIR_BRW,AE,6.1866269907103,0.15744330949333513,10,9,0.19973155583456031
2024-10-30,ILI incidence,2024-10-27,1,NO,QMUL,ARIMA,AE,4.70746470174256,0.5516460848552089,10,2,0.613870276335773
2024-10-30,ILI incidence,2024-10-27,1,NO,RIVM,KFdlm,AE,3.32834099845197,1.051793112434179,10,1,1.0
2024-10-30,ILI incidence,2024-10-27,1,NO,fjordhest,ensemble,AE,4.95,0.47916783669855956,10,3,0.5459647741161264
2024-10-30,ILI incidence,2024-10-27,1,NO,respicast,hubEnsemble,AE,5.2915570474444,0.3829040622170727,10,5,0.4503349709080482
2024-10-30,ILI incidence,2024-10-27,1,NO,respicast,quantileBaseline,AE,6.9,0.0,10,10,0.0
2024-10-30,ILI incidence,2024-10-27,1,NO,safinea,syndromic,AE,5.7,0.27563444261342734,10,7,0.3359783225330009
2024-10-30,ILI incidence,2024-10-27,1,PL,ECDC,SARIMA,AE,22.403013885328,0.3822755374953365,10,3,0.9091893976698127
2024-10-30,ILI incidence,2024-10-27,1,PL,ECDC,soca_simplex,AE,10.5345730916959,1.4708365182602356,10,1,1.0
2024-10-30,ILI incidence,2024-10-27,1,PL,ISI,FluBcast,AE,67.5982654189228,-1.2110178581177777,10,9,0.5633808718833297
2024-10-30,ILI incidence,2024-10-27,1,PL,ISI,RC_AdaptEns2,AE,38.7219658788101,-0.40718382967494204,10,6,0.7843259985348023
2024-10-30,ILI incidence,2024-10-27,1,PL,QMUL,ARIMA,AE,19.270215487352,0.5995956645813683,10,2,0.9331598007283076
2024-10-30,ILI incidence,2024-10-27,1,PL,RIVM,KFdlm,AE,141.229012827691,-2.27399621922833,10,10,0.0
2024-10-30,ILI incidence,2024-10-27,1,PL,fjordhest,ensemble,AE,41.26,-0.4987754521191051,10,7,0.7649063956326685
2024-10-30,ILI incidence,2024-10-27,1,PL,respicast,hubEnsemble,AE,31.831506942664,-0.12448708844177851,10,5,0.8370478966512406
2024-10-30,ILI incidence,2024-10-27,1,PL,respicast,quantileBaseline,AE,29.2,0.0,10,4,0.8571827007636394
2024-10-30,ILI incidence,2024-10-27,1,PL,safinea,syndromic,AE,44.3,-0.6013383296750009,10,8,0.7416460334769344
2024-10-30,ILI incidence,2024-10-27,1,RO,ECDC,SARIMA,AE,0.383629150803331,-inf,6,3,0.6808756665953045
2024-10-30,ILI incidence,2024-10-27,1,RO,ECDC,soca_simplex,AE,0.0016449541331763,-inf,6,1,1.0
2024-10-30,ILI incidence,2024-10-27,1,RO,ISI,FluBcast,AE,1.19862104365545,-inf,6,6,0.0
2024-10-30,ILI incidence,2024-10-27,1,RO,ISI,RC_AdaptEns2,AE,0.779235561609812,-inf,6,5,0.3503708100075912
2024-10-30,ILI incidence,2024-10-27,1,RO,RIVM,KFdlm,AE,0.0339530970882796,-inf,6,2,0.9730085310492728
2024-10-30,ILI incidence,2024-10-27,1,RO,respicast,hubEnsemble,AE,0.383629150803331,-inf,6,3,0.6808756665953045
2024-10-30,ILI incidence,2024-10-27,1,SI,ECDC,SARIMA,AE,5.76977140938922,-0.8504422572462776,8,6,0.3130755194118194
2024-10-30,ILI incidence,2024-10-27,1,SI,ECDC,soca_simplex,AE,2.53616745982253,0.3354218972223495,8,1,1.0
2024-10-30,ILI incidence,2024-10-27,1,SI,ISI,FluBcast,AE,4.13964587396076,-0.3714354525316887,8,3,0.6593681248707461
2024-10-30,ILI incidence,2024-10-27,1,SI,RIVM,KFdlm,AE,7.24353201145113,-1.1786214348573,8,8,0.0
2024-10-30,ILI incidence,2024-10-27,1,SI,fjordhest,ensemble,AE,4.73,-0.5637682784520328,8,4,0.533957373363303
2024-10-30,ILI incidence,2024-10-27,1,SI,respicast,hubEnsemble,AE,5.24988570469461,-0.7142141090822719,8,5,0.42351644638756114
2024-10-30,ILI incidence,2024-10-27,1,SI,respicast,quantileBaseline,AE,3.2,0.0,8,2,0.8589800018892089
2024-10-30,ILI incidence,2024-10-27,1,SI,safinea,syndromic,AE,6.2,-0.9541963103868752,8,7,0.22168073026978558
2024-10-30,ILI incidence,2024-11-03,2,AT,respicast,quantileBaseline,AE,1516.35,0.0,1,1,0.0
2024-10-30,ILI incidence,2024-11-03,2,BE,ECDC,SARIMA,AE,137.08861109156,0.15085963749978276,11,1,1.0
2024-10-30,ILI incidence,2024-11-03,2,BE,ECDC,soca_simplex,AE,158.301810644773,-0.05670939817056343,11,6,0.5501059067149217
2024-10-30,ILI incidence,2024-11-03,2,BE,ISI,FluBcast,AE,140.94239518412,0.1108627221970035,11,2,0.9182681190694723
2024-10-30,ILI incidence,2024-11-03,2,BE,ISI,RC_AdaptEns2,AE,184.240151575936,-0.27561914431987783,11,11,0.0
2024-10-30,ILI incidence,2024-11-03,2,BE,ISI,SEIR_BRW,AE,170.339024749635,-0.16244063614567597,11,8,0.2948180840646606
2024-10-30,ILI incidence,2024-11-03,2,BE,QMUL,ARIMA,AE,153.510111428791,-0.012365327553538807,11,4,0.6517292930721454
2024-10-30,ILI incidence,2024-11-03,2,BE,RIVM,KFdlm,AE,155.280304133823,-0.02890649000493339,11,5,0.614186665899263
2024-10-30,ILI incidence,2024-11-03,2,BE,fjordhest,ensemble,AE,177.54,-0.2221757435241699,11,9,0.14209825399355006
2024-10-30,ILI incidence,2024-11-03,2,BE,respicast,hubEnsemble,AE,158.301810644773,-0.05670939817056343,11,6,0.5501059067149217
2024-10-30,ILI incidence,2024-11-03,2,BE,respicast,quantileBaseline,AE,152.2,0.0,11,3,0.6795144177007908
2024-10-30,ILI incidence,2024-11-03,2,BE,safinea,syndromic,AE,180.1,-0.2428298224027307,11,10,0.08780522403733311
2024-10-30,ILI incidence,2024-11-03,2,CH,ISI,SEIR_BRW,AE,5.17946180167476,-0.03683519581699385,5,2,0.9789303146614153
2024-10-30,ILI incidence,2024-11-03,2,CH,RIVM,KFdlm,AE,11.2459080405253,-1.1553612504774604,5,5,0.0
2024-10-30,ILI incidence,2024-11-03,2,CH,respicast,hubEnsemble,AE,6.53576095356298,-0.3723882183450506,5,3,0.7600670290972923
2024-10-30,ILI incidence,2024-11-03,2,CH,respicast,quantileBaseline,AE,5.04889263708593,0.0,5,1,1.0
2024-10-30,ILI incidence,2024-11-03,2,CH,safinea,syndromic,AE,6.53576095356298,-0.3723882183450506,5,3,0.7600670290972923
2024-10-30,ILI incidence,2024-11-03,2,CZ,ISI,RC_AdaptEns2,AE,7.52846067394078,-1.104999988643713,7,3,0.8243285485798818
2024-10-30,ILI incidence,2024-11-03,2,CZ,ISI,SEIR_BRW,AE,17.4313857666879,-2.3162604387510872,7,6,0.3924858758684218
2024-10-30,ILI incidence,2024-11-03,2,CZ,RIVM,KFdlm,AE,26.4317890947842,-2.9168472531560625,7,7,0.0
2024-10-30,ILI incidence,2024-11-03,2,CZ,fjordhest,ensemble,AE,4.77,-0.4466343441731827,7,2,0.9446183638463316
2024-10-30,ILI incidence,2024-11-03,2,CZ,respicast,hubEnsemble,AE,9.4,-1.425305834732671,7,4,0.742715233616816
2024-10-30,ILI incidence,2024-11-03,2,CZ,respicast,quantileBaseline,AE,3.5,0.0,7,1,1.0
2024-10-30,ILI incidence,2024-11-03,2,CZ,safinea,syndromic,AE,9.4,-1.425305834732671,7,4,0.742715233616816
2024-10-30,ILI incidence,2024-11-03,2,DK,ISI,RC_AdaptEns2,AE,4.45292537160617,-1.6693266060981562,7,4,0.9330304150563908
2024-10-30,ILI incidence,2024-11-03,2,DK,ISI,SEIR_BRW,AE,46.9867447017458,-5.068755087268674,7,7,0.0
2024-10-30,ILI incidence,2024-11-03,2,DK,RIVM,KFdlm,AE,22.1050750106537,-3.9808788976125813,7,6,0.545809310444999
2024-10-30,ILI incidence,2024-11-03,2,DK,fjordhest,ensemble,AE,5.40000000000001,-1.9475325801058876,7,5,0.9122551955361083
2024-10-30,ILI incidence,2024-11-03,2,DK,respicast,hubEnsemble,AE,4.452925371606,-1.669326606098101,7,3,0.9330304150563945
2024-10-30,ILI incidence,2024-11-03,2,DK,respicast,quantileBaseline,AE,1.39999999999998,0.0,7,1,1.0
2024-10-30,ILI incidence,2024-11-03,2,DK,safinea,syndromic,AE,3.90000000000001,-1.4780472968046687,7,2,0.9451594972100674
2024-10-30,ILI incidence,2024-11-03,2,EE,ECDC,SARIMA,AE,57.968433607163,0.008228381041045453,8,3,0.7403194052093099
2024-10-30,ILI incidence,2024-11-03,2,EE,ECDC,soca_simplex,AE,43.021942480634,0.43842321817407,8,1,1.0
2024-10-30,ILI incidence,2024-11-03,2,EE,ISI,FluBcast,AE,100.579154788224,-0.7867635464279783,8,8,0.0
2024-10-30,ILI incidence,2024-11-03,2,EE,ISI,RC_AdaptEns2,AE,73.595704306853,-0.3361256769317403,8,6,0.468810934365088
2024-10-30,ILI incidence,2024-11-03,2,EE,RIVM,KFdlm,AE,53.5617332760391,0.12229323590235121,8,2,0.8168814928165792
2024-10-30,ILI incidence,2024-11-03,2,EE,respicast,hubEnsemble,AE,65.782068957008,-0.17419850065321532,8,5,0.604565169787199
2024-10-30,ILI incidence,2024-11-03,2,EE,respicast,quantileBaseline,AE,58.3,0.0,8,4,0.7345587649777247
2024-10-30,ILI incidence,2024-11-03,2,EE,safinea,syndromic,AE,84.5,-0.5354554579690504,8,7,0.27935951279738513
2024-10-30,ILI incidence,2024-11-03,2,FR,ISI,RC_AdaptEns2,AE,86.0958355149746,-0.20967160684960864,7,4,0.7170881284652291
2024-10-30,ILI incidence,2024-11-03,2,FR,ISI,SEIR_BRW,AE,117.252722124889,-0.655277662641458,7,6,0.36159887315523065
2024-10-30,ILI incidence,2024-11-03,2,FR,RIVM,KFdlm,AE,148.945086720679,-1.0004367800022926,7,7,0.0
2024-10-30,ILI incidence,2024-11-03,2,FR,fjordhest,ensemble,AE,80.87,-0.11933276264774387,7,3,0.7767130967378841
2024-10-30,ILI incidence,2024-11-03,2,FR,respicast,hubEnsemble,AE,86.095835514975,-0.20967160684961533,7,5,0.7170881284652245
2024-10-30,ILI incidence,2024-11-03,2,FR,respicast,quantileBaseline,AE,74.45,0.0,7,2,0.849963067046662
2024-10-30,ILI incidence,2024-11-03,2,FR,safinea,syndromic,AE,61.3,0.28038477489131863,7,1,1.0
2024-10-30,ILI incidence,2024-11-03,2,GB-ENG,ECDC,SARIMA,AE,0.579337621112695,-0.7445189962649356,7,3,0.8116054170040435
2024-10-30,ILI incidence,2024-11-03,2,GB-ENG,ECDC,soca_simplex,AE,1.1688821625675,-1.757172233279324,7,4,0.3360460102309149
2024-10-30,ILI incidence,2024-11-03,2,GB-ENG,ISI,FluBcast,AE,1.24845537905632,-1.8521869960948794,7,6,0.27185782941073183
2024-10-30,ILI incidence,2024-11-03,2,GB-ENG,RIVM,KFdlm,AE,0.519419527633061,-0.5870148955790987,7,2,0.8599386827481996
2024-10-30,ILI incidence,2024-11-03,2,GB-ENG,respicast,hubEnsemble,AE,1.16888216256751,-1.7571722332793362,7,5,0.3360460102309068
2024-10-30,ILI incidence,2024-11-03,2,GB-ENG,respicast,quantileBaseline,AE,0.345787413792527,0.0,7,1,1.0
2024-10-30,ILI incidence,2024-11-03,2,GB-ENG,safinea,syndromic,AE,1.58547384004811,-2.1969568106586137,7,7,0.0
2024-10-30,ILI incidence,2024-11-03,2,GB-NIR,ECDC,SARIMA,AE,0.665877128808265,-3.689412374506287,8,4,0.7043904500765169
2024-10-30,ILI incidence,2024-11-03,2,GB-NIR,ECDC,soca_simplex,AE,0.593556598600967,-3.52354199105853,8,3,0.7391941846993013
2024-10-30,ILI incidence,2024-11-03,2,GB-NIR,ISI,FluBcast,AE,2.1295674877487,-5.3666449321133065,8,8,0.0
2024-10-30,ILI incidence,2024-11-03,2,GB-NIR,ISI,SEIR_BRW,AE,0.789777466403808,-3.9356025924399822,8,7,0.644764304402691
2024-10-30,ILI incidence,2024-11-03,2,GB-NIR,RIVM,KFdlm,AE,0.53815479530483,-3.382177596927512,8,2,0.7658559037715418
2024-10-30,ILI incidence,2024-11-03,2,GB-NIR,respicast,hubEnsemble,AE,0.717599393306175,-3.7973350569507653,8,5,0.6794994825668087
2024-10-30,ILI incidence,2024-11-03,2,GB-NIR,respicast,quantileBaseline,AE,0.0516143315390489,0.0,8,1,1.0
2024-10-30,ILI incidence,2024-11-03,2,GB-NIR,safinea,syndromic,AE,0.769321657804085,-3.8977433098245764,8,6,0.6546085150571005
2024-10-30,ILI incidence,2024-11-03,2,GB-SCT,ISI,SEIR_BRW,AE,2.3601398916837,0.05826544063387477,4,3,0.25044582348752076
2024-10-30,ILI incidence,2024-11-03,2,GB-SCT,RIVM,KFdlm,AE,2.06902607783448,0.2481859861535163,4,1,1.0
2024-10-30,ILI incidence,2024-11-03,2,GB-SCT,respicast,hubEnsemble,AE,2.21458298475909,0.15010275623251326,4,2,0.6252229117437603
2024-10-30,ILI incidence,2024-11-03,2,GB-SCT,respicast,quantileBaseline,AE,2.45740869642479,0.0,4,4,0.0
2024-10-30,ILI incidence,2024-11-03,2,GB-WLS,respicast,quantileBaseline,AE,0.729813473944656,0.0,1,1,0.0
2024-10-30,ILI incidence,2024-11-03,2,GR,ECDC,SARIMA,AE,90.5215685356001,0.07269999004500713,10,3,0.7695901609462084
2024-10-30,ILI incidence,2024-11-03,2,GR,ECDC,soca_simplex,AE,149.785830729712,-0.6538676771747153,10,8,0.5326217309660959
2024-10-30,ILI incidence,2024-11-03,2,GR,ISI,FluBcast,AE,282.991059446911,-1.5717229959824899,10,10,0.0
2024-10-30,ILI incidence,2024-11-03,2,GR,ISI,RC_AdaptEns2,AE,191.267964380391,-1.0065617771613318,10,9,0.3667552252593357
2024-10-30,ILI incidence,2024-11-03,2,GR,QMUL,ARIMA,AE,79.5950805183519,0.25828230772789273,10,2,0.8132797744634263
2024-10-30,ILI incidence,2024-11-03,2,GR,RIVM,KFdlm,AE,32.8975672501418,1.5329806718196128,10,1,1.0
2024-10-30,ILI incidence,2024-11-03,2,GR,fjordhest,ensemble,AE,145.37,-0.6106960924214646,10,7,0.5502784508228352
2024-10-30,ILI incidence,2024-11-03,2,GR,respicast,hubEnsemble,AE,134.385,-0.4973386354134042,10,6,0.5942020247771596
2024-10-30,ILI incidence,2024-11-03,2,GR,respicast,quantileBaseline,AE,95.2,0.0,10,4,0.7508834308217835
2024-10-30,ILI incidence,2024-11-03,2,GR,safinea,syndromic,AE,123.4,-0.3743089158414744,10,5,0.6381255987314837
2024-10-30,ILI incidence,2024-11-03,2,HR,RIVM,KFdlm,AE,0.0559705473818323,0.8372602377881845,3,2,0.9999999999999932
2024-10-30,ILI incidence,2024-11-03,2,HR,respicast,hubEnsemble,AE,0.055970547381832,0.8372602377881921,3,1,1.0
2024-10-30,ILI incidence,2024-11-03,2,HR,respicast,quantileBaseline,AE,0.1,0.0,3,3,0.0
2024-10-30,ILI incidence,2024-11-03,2,HU,ECDC,SARIMA,AE,68.940424754615,-0.017695389204257308,9,3,0.8699227814203135
2024-10-30,ILI incidence,2024-11-03,2,HU,ECDC,soca_simplex,AE,59.419142603231,0.1967270104822471,9,1,1.0
2024-10-30,ILI incidence,2024-11-03,2,HU,ISI,FluBcast,AE,70.4558584385873,-0.04906487407323694,9,4,0.8492193304124647
2024-10-30,ILI incidence,2024-11-03,2,HU,ISI,RC_AdaptEns2,AE,102.541810198774,-0.590485568014956,9,8,0.4108696109011692
2024-10-30,ILI incidence,2024-11-03,2,HU,QMUL,ARIMA,AE,70.6406914484075,-0.052844666270923525,9,5,0.8466941911048738
2024-10-30,ILI incidence,2024-11-03,2,HU,RIVM,KFdlm,AE,132.616296227416,-0.9615313650258934,9,9,0.0
2024-10-30,ILI incidence,2024-11-03,2,HU,respicast,hubEnsemble,AE,70.640691448408,-0.05284466627093399,9,6,0.8466941911048669
2024-10-30,ILI incidence,2024-11-03,2,HU,respicast,quantileBaseline,AE,68.1,0.0,9,2,0.8814044403783925
2024-10-30,ILI incidence,2024-11-03,2,HU,safinea,syndromic,AE,88.8666667,-0.3839875768968917,9,7,0.597695775877284
2024-10-30,ILI incidence,2024-11-03,2,IE,ECDC,SARIMA,AE,1.45413769325438,0.995889014772358,10,1,1.0
2024-10-30,ILI incidence,2024-11-03,2,IE,ECDC,soca_simplex,AE,3.99757958266401,-0.4630738545090156,10,5,0.5417194555220346
2024-10-30,ILI incidence,2024-11-03,2,IE,ISI,FluBcast,AE,7.00410467321183,-1.2721477441245241,10,10,0.0
2024-10-30,ILI incidence,2024-11-03,2,IE,ISI,RC_AdaptEns2,AE,4.47293879946128,-0.625170118706428,10,7,0.4560686366047453
2024-10-30,ILI incidence,2024-11-03,2,IE,ISI,SEIR_BRW,AE,6.50429163750063,-1.1653390457556274,10,9,0.09005693862975592
2024-10-30,ILI incidence,2024-11-03,2,IE,RIVM,KFdlm,AE,2.74484823725396,0.07932651545920576,10,2,0.7674381579817119
2024-10-30,ILI incidence,2024-11-03,2,IE,fjordhest,ensemble,AE,3.37,-0.21669569116692405,10,4,0.6547975305683156
2024-10-30,ILI incidence,2024-11-03,2,IE,respicast,hubEnsemble,AE,4.23525919106264,-0.5463973626392028,10,6,0.49889404606339094
2024-10-30,ILI incidence,2024-11-03,2,IE,respicast,quantileBaseline,AE,2.9,0.0,10,3,0.7394827190923748
2024-10-30,ILI incidence,2024-11-03,2,IE,safinea,syndromic,AE,5.2,-0.84245872301352,10,8,0.32506583908102127
2024-10-30,ILI incidence,2024-11-03,2,IS,respicast,quantileBaseline,AE,1.3,0.0,1,1,0.0
2024-10-30,ILI incidence,2024-11-03,2,IT,respicast,quantileBaseline,AE,143.1,0.0,1,1,0.0
2024-10-30,ILI incidence,2024-11-03,2,LT,ISI,SEIR_BRW,AE,0.811525742153548,1.4387947598612945,6,5,0.8167495634390894
2024-10-30,ILI incidence,2024-11-03,2,LT,RIVM,KFdlm,AE,0.784046102172449,1.488493130852831,6,4,0.8329140575456183
2024-10-30,ILI incidence,2024-11-03,2,LT,fjordhest,ensemble,AE,0.51,2.1089343715531643,6,2,0.9941176470588236
2024-10-30,ILI incidence,2024-11-03,2,LT,respicast,hubEnsemble,AE,0.64702305108623,1.7656145075085494,6,3,0.9135158523022177
2024-10-30,ILI incidence,2024-11-03,2,LT,respicast,quantileBaseline,AE,2.2,0.0,6,6,0.0
2024-10-30,ILI incidence,2024-11-03,2,LT,safinea,syndromic,AE,0.5,2.137503523749935,6,1,1.0
2024-10-30,ILI incidence,2024-11-03,2,LU,ECDC,SARIMA,AE,271.69118281187,0.14299475415279114,7,3,0.8494433374158344
2024-10-30,ILI incidence,2024-11-03,2,LU,ECDC,soca_simplex,AE,1392.59748931109,-2.2147439216758573,7,7,0.0
2024-10-30,ILI incidence,2024-11-03,2,LU,QMUL,ARIMA,AE,574.246748920539,-0.9367082831336877,7,5,0.6201611856972388
2024-10-30,ILI incidence,2024-11-03,2,LU,RIVM,KFdlm,AE,198.671024781035,0.5945810229644827,7,2,0.9047793511189454
2024-10-30,ILI incidence,2024-11-03,2,LU,fjordhest,ensemble,AE,73.02,2.038598926835721,7,1,1.0
2024-10-30,ILI incidence,2024-11-03,2,LU,respicast,hubEnsemble,AE,574.24674892054,-0.9367082831336904,7,6,0.620161185697238
2024-10-30,ILI incidence,2024-11-03,2,LU,respicast,quantileBaseline,AE,300.0,0.0,7,4,0.8279903970486044
2024-10-30,ILI incidence,2024-11-03,2,LV,ECDC,SARIMA,AE,38.7,-1.5849625007211563,6,6,0.0
2024-10-30,ILI incidence,2024-11-03,2,LV,ECDC,soca_simplex,AE,18.8445131634936,-0.5467734586885288,6,5,0.6618495612168801
2024-10-30,ILI incidence,2024-11-03,2,LV,RIVM,KFdlm,AE,16.5697637716105,-0.3611819691404429,6,3,0.7376745409463167
2024-10-30,ILI incidence,2024-11-03,2,LV,respicast,hubEnsemble,AE,16.5697637716105,-0.3611819691404429,6,3,0.7376745409463167
2024-10-30,ILI incidence,2024-11-03,2,LV,respicast,quantileBaseline,AE,12.9,0.0,6,2,0.86
2024-10-30,ILI incidence,2024-11-03,2,LV,safinea,syndromic,AE,8.7,0.5682837595745259,6,1,1.0
2024-10-30,ILI incidence,2024-11-03,2,MT,ECDC,SARIMA,AE,310.92611728514,-1.6365718057919065,5,2,0.8239668421187619
2024-10-30,ILI incidence,2024-11-03,2,MT,ECDC,soca_simplex,AE,1298.21810745134,-3.6984608789212325,5,5,0.0
2024-10-30,ILI incidence,2024-11-03,2,MT,RIVM,KFdlm,AE,676.752804073548,-2.758628960149321,5,4,0.5186579133741142
2024-10-30,ILI incidence,2024-11-03,2,MT,respicast,hubEnsemble,AE,310.92611728514,-1.6365718057919065,5,2,0.8239668421187619
2024-10-30,ILI incidence,2024-11-03,2,MT,respicast,quantileBaseline,AE,100.0,0.0,5,1,1.0
2024-10-30,ILI incidence,2024-11-03,2,NL,ECDC,SARIMA,AE,7.5533035341237,-0.19464173916023855,10,3,0.8669891933280964
2024-10-30,ILI incidence,2024-11-03,2,NL,ECDC,soca_simplex,AE,12.1531260957205,-0.8807895301485108,10,9,0.22519349283484522
2024-10-30,ILI incidence,2024-11-03,2,NL,ISI,FluBcast,AE,7.86112194595131,-0.2522692053599639,10,4,0.824040464198197
2024-10-30,ILI incidence,2024-11-03,2,NL,ISI,RC_AdaptEns2,AE,8.91004835724572,-0.4329672371940947,10,7,0.6776877621346478
2024-10-30,ILI incidence,2024-11-03,2,NL,ISI,SEIR_BRW,AE,13.7671133945921,-1.0606881659916034,10,10,0.0
2024-10-30,ILI incidence,2024-11-03,2,NL,RIVM,KFdlm,AE,7.2093773663671,-0.12740864286703757,10,2,0.9149758999450319
2024-10-30,ILI incidence,2024-11-03,2,NL,fjordhest,ensemble,AE,7.94,-0.26667298289714214,10,5,0.8130349101200088
2024-10-30,ILI incidence,2024-11-03,2,NL,respicast,hubEnsemble,AE,8.4250241786229,-0.35221480215922707,10,6,0.7453613361273228
2024-10-30,ILI incidence,2024-11-03,2,NL,respicast,quantileBaseline,AE,6.6,0.0,10,1,1.0
2024-10-30,ILI incidence,2024-11-03,2,NL,safinea,syndromic,AE,11.6,-0.8135868757691186,10,8,0.3023690676119736
2024-10-30,ILI incidence,2024-11-03,2,NO,ECDC,SARIMA,AE,3.5254309664302,0.3197038931528376,10,7,0.262356600059974
2024-10-30,ILI incidence,2024-11-03,2,NO,ECDC,soca_simplex,AE,2.72200541694323,0.6928335858612388,10,6,0.46896305928176457
2024-10-30,ILI incidence,2024-11-03,2,NO,ISI,RC_AdaptEns2,AE,0.701446378406072,2.6490987964235138,10,2,0.98856384726681
2024-10-30,ILI incidence,2024-11-03,2,NO,ISI,SEIR_BRW,AE,4.54565074251398,-0.04698331759903691,10,10,0.0
2024-10-30,ILI incidence,2024-11-03,2,NO,QMUL,ARIMA,AE,1.56334188371152,1.4928702111838674,10,3,0.7669214328775191
2024-10-30,ILI incidence,2024-11-03,2,NO,RIVM,KFdlm,AE,0.656974887397087,2.743593393477992,10,1,1.0
2024-10-30,ILI incidence,2024-11-03,2,NO,fjordhest,ensemble,AE,2.61,0.7534537169547754,10,4,0.49776603004001085
2024-10-30,ILI incidence,2024-11-03,2,NO,respicast,hubEnsemble,AE,2.6660027084716,0.7228252776454193,10,5,0.4833645446608916
2024-10-30,ILI incidence,2024-11-03,2,NO,respicast,quantileBaseline,AE,4.4,0.0,10,9,0.03745509986961915
2024-10-30,ILI incidence,2024-11-03,2,NO,safinea,syndromic,AE,3.7,0.24997825300834756,10,8,0.21746496083010752
2024-10-30,ILI incidence,2024-11-03,2,PL,ECDC,SARIMA,AE,72.535757092004,0.2185506401882151,10,2,0.8406174302792989
2024-10-30,ILI incidence,2024-11-03,2,PL,ECDC,soca_simplex,AE,100.596161658871,-0.2532603547627948,10,5,0.7171068474499572
2024-10-30,ILI incidence,2024-11-03,2,PL,ISI,FluBcast,AE,157.508275308994,-0.9001127241459814,10,9,0.4666026784802627
2024-10-30,ILI incidence,2024-11-03,2,PL,ISI,RC_AdaptEns2,AE,36.3255855842773,1.2162569440138231,10,1,1.0
2024-10-30,ILI incidence,2024-11-03,2,PL,QMUL,ARIMA,AE,75.0536211156613,0.16932131963040445,10,3,0.829534808419522
2024-10-30,ILI incidence,2024-11-03,2,PL,RIVM,KFdlm,AE,263.515871016246,-1.6425749509744982,10,10,0.0
2024-10-30,ILI incidence,2024-11-03,2,PL,fjordhest,ensemble,AE,110.75,-0.39199179473519546,10,7,0.6724137465903717
2024-10-30,ILI incidence,2024-11-03,2,PL,respicast,hubEnsemble,AE,105.673080829436,-0.32429300720699933,10,6,0.6947602970201622
2024-10-30,ILI incidence,2024-11-03,2,PL,respicast,quantileBaseline,AE,84.4,0.0,10,4,0.7883958184025505
2024-10-30,ILI incidence,2024-11-03,2,PL,safinea,syndromic,AE,112.3,-0.41204302369341583,10,8,0.6655912717778905
2024-10-30,ILI incidence,2024-11-03,2,RO,ECDC,SARIMA,AE,0.063350897734515,3.658563031196794,6,2,0.936875555261268
2024-10-30,ILI incidence,2024-11-03,2,RO,ISI,FluBcast,AE,0.62659571673255,0.35246509219628314,6,4,0.2514032486161524
2024-10-30,ILI incidence,2024-11-03,2,RO,ISI,RC_AdaptEns2,AE,0.0863154127721004,3.212309899973329,6,3,0.9089276033887537
2024-10-30,ILI incidence,2024-11-03,2,RO,RIVM,KFdlm,AE,0.833170914431431,-0.05861247651495375,6,6,0.0
2024-10-30,ILI incidence,2024-11-03,2,RO,respicast,hubEnsemble,AE,0.0114822575187901,6.122521777701926,6,1,1.0
2024-10-30,ILI incidence,2024-11-03,2,RO,respicast,quantileBaseline,AE,0.8,0.0,6,5,0.04036920085530347
2024-10-30,ILI incidence,2024-11-03,2,SI,ECDC,SARIMA,AE,1.35486475459237,-1.4381488459576692,7,3,0.8537351582533287
2024-10-30,ILI incidence,2024-11-03,2,SI,ISI,FluBcast,AE,1.88139876136618,-1.9118056596398842,7,4,0.7636467404523928
2024-10-30,ILI incidence,2024-11-03,2,SI,RIVM,KFdlm,AE,6.34463596571611,-3.665537389358321,7,7,0.0
2024-10-30,ILI incidence,2024-11-03,2,SI,fjordhest,ensemble,AE,0.649999999999999,-0.37851162325372767,7,2,0.9743354417828793
2024-10-30,ILI incidence,2024-11-03,2,SI,respicast,hubEnsemble,AE,1.88139876136618,-1.9118056596398842,7,4,0.7636467404523928
2024-10-30,ILI incidence,2024-11-03,2,SI,respicast,quantileBaseline,AE,0.5,0.0,7,1,1.0
2024-10-30,ILI incidence,2024-11-03,2,SI,safinea,syndromic,AE,3.5,-2.807354922057604,7,6,0.4867088356575811
2024-10-30,ILI incidence,2024-11-10,3,AT,respicast,quantileBaseline,AE,1199.9,0.0,1,1,0.0
2024-10-30,ILI incidence,2024-11-10,3,BE,ECDC,SARIMA,AE,89.681176416274,0.22682505832064806,11,1,1.0
2024-10-30,ILI incidence,2024-11-10,3,BE,ECDC,soca_simplex,AE,126.980546306655,-0.27490532330696066,11,8,0.4250068974028987
2024-10-30,ILI incidence,2024-11-10,3,BE,ISI,FluBcast,AE,96.3252966107728,0.12371553819053689,11,2,0.8975767339799451
2024-10-30,ILI incidence,2024-11-10,3,BE,ISI,RC_AdaptEns2,AE,154.550423928825,-0.5583754448561029,11,11,0.0
2024-10-30,ILI incidence,2024-11-10,3,BE,ISI,SEIR_BRW,AE,124.963172689384,-0.25180082100483236,11,6,0.4561059727680119
2024-10-30,ILI incidence,2024-11-10,3,BE,QMUL,ARIMA,AE,108.484871373825,-0.0477917007793541,11,4,0.7101292880896632
2024-10-30,ILI incidence,2024-11-10,3,BE,RIVM,KFdlm,AE,109.626112184825,-0.0628893126227671,11,5,0.6925363476015037
2024-10-30,ILI incidence,2024-11-10,3,BE,fjordhest,ensemble,AE,127.86,-0.28486283232434284,11,9,0.41144956897582174
2024-10-30,ILI incidence,2024-11-10,3,BE,respicast,hubEnsemble,AE,124.963172689384,-0.25180082100483236,11,6,0.4561059727680119
2024-10-30,ILI incidence,2024-11-10,3,BE,respicast,quantileBaseline,AE,104.95,0.0,11,3,0.7646215399558663
2024-10-30,ILI incidence,2024-11-10,3,BE,safinea,syndromic,AE,141.6,-0.43211909879084315,11,10,0.19963888013837908
2024-10-30,ILI incidence,2024-11-10,3,CH,ISI,SEIR_BRW,AE,10.3599433979185,-1.8430501408405102,5,2,0.5692727677294022
2024-10-30,ILI incidence,2024-11-10,3,CH,RIVM,KFdlm,AE,20.2357415671834,-2.8089397395958122,5,5,0.0
2024-10-30,ILI incidence,2024-11-10,3,CH,respicast,hubEnsemble,AE,12.2582199432811,-2.085783515745691,5,3,0.45985000266546083
2024-10-30,ILI incidence,2024-11-10,3,CH,respicast,quantileBaseline,AE,2.88764636731033,0.0,5,1,1.0
2024-10-30,ILI incidence,2024-11-10,3,CH,safinea,syndromic,AE,12.2582199432811,-2.085783515745691,5,3,0.45985000266546083
2024-10-30,ILI incidence,2024-11-10,3,CZ,ISI,RC_AdaptEns2,AE,8.55372258356313,-2.0965524181322035,7,3,0.8030071019687391
2024-10-30,ILI incidence,2024-11-10,3,CZ,ISI,SEIR_BRW,AE,21.7349325398706,-3.4419437127235044,7,6,0.4068040714401269
2024-10-30,ILI incidence,2024-11-10,3,CZ,RIVM,KFdlm,AE,35.2688266889861,-4.140321676374877,7,7,0.0
2024-10-30,ILI incidence,2024-11-10,3,CZ,fjordhest,ensemble,AE,3.74,-0.9030382701129122,7,2,0.9476987867270942
2024-10-30,ILI incidence,2024-11-10,3,CZ,respicast,hubEnsemble,AE,10.0,-2.321928094887362,7,4,0.7595346516188243
2024-10-30,ILI incidence,2024-11-10,3,CZ,respicast,quantileBaseline,AE,2.0,0.0,7,1,1.0
2024-10-30,ILI incidence,2024-11-10,3,CZ,safinea,syndromic,AE,10.0,-2.321928094887362,7,4,0.7595346516188243
2024-10-30,ILI incidence,2024-11-10,3,DK,ISI,RC_AdaptEns2,AE,7.27875280476238,-0.45769890990607437,7,5,0.9024116825406264
2024-10-30,ILI incidence,2024-11-10,3,DK,ISI,SEIR_BRW,AE,57.1092408379799,-3.429659941963695,7,7,0.0
2024-10-30,ILI incidence,2024-11-10,3,DK,RIVM,KFdlm,AE,27.0536000843864,-2.3517563247644815,7,6,0.5442965223259854
2024-10-30,ILI incidence,2024-11-10,3,DK,fjordhest,ensemble,AE,1.88999999999999,1.4876061252295074,7,1,1.0
2024-10-30,ILI incidence,2024-11-10,3,DK,respicast,hubEnsemble,AE,7.27875280476201,-0.45769890990600093,7,4,0.9024116825406331
2024-10-30,ILI incidence,2024-11-10,3,DK,respicast,quantileBaseline,AE,5.30000000000004,0.0,7,3,0.9382461629632791
2024-10-30,ILI incidence,2024-11-10,3,DK,safinea,syndromic,AE,4.19999999999999,0.33560303178445305,7,2,0.9581667555557704
2024-10-30,ILI incidence,2024-11-10,3,EE,ECDC,SARIMA,AE,59.036561410821,0.028154793026124926,8,2,0.6778281811767568
2024-10-30,ILI incidence,2024-11-10,3,EE,ECDC,soca_simplex,AE,26.8066315869662,1.167173539506545,8,1,1.0
2024-10-30,ILI incidence,2024-11-10,3,EE,ISI,FluBcast,AE,126.846200353648,-1.075244912380703,8,8,0.0
2024-10-30,ILI incidence,2024-11-10,3,EE,ISI,RC_AdaptEns2,AE,87.6458372062369,-0.5419220839252568,8,6,0.39184858182302346
2024-10-30,ILI incidence,2024-11-10,3,EE,RIVM,KFdlm,AE,59.334642209996,0.020888826530869962,8,3,0.6748485521874494
2024-10-30,ILI incidence,2024-11-10,3,EE,respicast,hubEnsemble,AE,73.490239708116,-0.28778917031478013,8,5,0.533348567005241
2024-10-30,ILI incidence,2024-11-10,3,EE,respicast,quantileBaseline,AE,60.2,0.0,8,4,0.6661983970471146
2024-10-30,ILI incidence,2024-11-10,3,EE,safinea,syndromic,AE,98.8,-0.7147475548249755,8,7,0.2803510720748808
2024-10-30,ILI incidence,2024-11-10,3,FR,ISI,RC_AdaptEns2,AE,74.2590711605114,-0.3841386174075698,7,5,0.7084969383902615
2024-10-30,ILI incidence,2024-11-10,3,FR,ISI,SEIR_BRW,AE,102.024143077595,-0.8424100355009332,7,6,0.4729375010633772
2024-10-30,ILI incidence,2024-11-10,3,FR,RIVM,KFdlm,AE,157.768645944141,-1.4713099630718234,7,7,0.0
2024-10-30,ILI incidence,2024-11-10,3,FR,fjordhest,ensemble,AE,65.86,-0.21097385940140334,7,3,0.7797548296914969
2024-10-30,ILI incidence,2024-11-10,3,FR,respicast,hubEnsemble,AE,74.259071160511,-0.3841386174075621,7,4,0.7084969383902648
2024-10-30,ILI incidence,2024-11-10,3,FR,respicast,quantileBaseline,AE,56.9,0.0,7,2,0.8557716527255564
2024-10-30,ILI incidence,2024-11-10,3,FR,safinea,syndromic,AE,39.9,0.5120399060842362,7,1,1.0
2024-10-30,ILI incidence,2024-11-10,3,GB-ENG,ECDC,SARIMA,AE,0.353756810262071,-1.403239732286735,7,2,0.8803049082423305
2024-10-30,ILI incidence,2024-11-10,3,GB-ENG,ECDC,soca_simplex,AE,0.393166925079615,-1.5556237713565948,7,3,0.8588639530574149
2024-10-30,ILI incidence,2024-11-10,3,GB-ENG,ISI,FluBcast,AE,1.97182453201569,-3.8819410806948467,7,7,0.0
2024-10-30,ILI incidence,2024-11-10,3,GB-ENG,RIVM,KFdlm,AE,0.53723823652784,-2.0060437988564765,7,4,0.7804823866373578
2024-10-30,ILI incidence,2024-11-10,3,GB-ENG,respicast,hubEnsemble,AE,0.537238236527841,-2.006043798856479,7,5,0.7804823866373571
2024-10-30,ILI incidence,2024-11-10,3,GB-ENG,respicast,quantileBaseline,AE,0.133748080772961,0.0,7,1,1.0
2024-10-30,ILI incidence,2024-11-10,3,GB-ENG,safinea,syndromic,AE,1.88003973505155,-3.813173059174916,7,6,0.04993524447913138
2024-10-30,ILI incidence,2024-11-10,3,GB-NIR,ECDC,SARIMA,AE,0.47655912025292,-0.3728067723722831,8,2,0.9640636904109805
2024-10-30,ILI incidence,2024-11-10,3,GB-NIR,ECDC,soca_simplex,AE,0.486075449673319,-0.40133184087805607,8,3,0.9609124449053729
2024-10-30,ILI incidence,2024-11-10,3,GB-NIR,ISI,FluBcast,AE,3.3878993011023,-3.2024706602619615,8,8,0.0
2024-10-30,ILI incidence,2024-11-10,3,GB-NIR,ISI,SEIR_BRW,AE,1.08085197801377,-1.5542486267737845,8,7,0.763957633972067
2024-10-30,ILI incidence,2024-11-10,3,GB-NIR,RIVM,KFdlm,AE,0.627476161991397,-0.7697122231329468,8,4,0.9140888914639689
2024-10-30,ILI incidence,2024-11-10,3,GB-NIR,respicast,hubEnsemble,AE,0.686181112111929,-0.8987409861261165,8,5,0.8946492838114956
2024-10-30,ILI incidence,2024-11-10,3,GB-NIR,respicast,quantileBaseline,AE,0.368036391828873,0.0,8,1,1.0
2024-10-30,ILI incidence,2024-11-10,3,GB-NIR,safinea,syndromic,AE,0.744886062232459,-1.0171713392737103,8,6,0.875209676159023
2024-10-30,ILI incidence,2024-11-10,3,GB-SCT,ISI,SEIR_BRW,AE,0.487376103552551,-0.11112955814387017,4,2,0.9132838436575563
2024-10-30,ILI incidence,2024-11-10,3,GB-SCT,RIVM,KFdlm,AE,0.867920853653812,-0.9436575300992684,4,4,0.0
2024-10-30,ILI incidence,2024-11-10,3,GB-SCT,respicast,hubEnsemble,AE,0.67764847860318,-0.5866311298415817,4,3,0.45664192182878177
2024-10-30,ILI incidence,2024-11-10,3,GB-SCT,respicast,quantileBaseline,AE,0.451243439787341,0.0,4,1,1.0
2024-10-30,ILI incidence,2024-11-10,3,GB-WLS,respicast,quantileBaseline,AE,0.0244628497848876,0.0,1,1,0.0
2024-10-30,ILI incidence,2024-11-10,3,GR,ECDC,SARIMA,AE,3.46607769467391,1.2334960654155855,10,1,1.0
2024-10-30,ILI incidence,2024-11-10,3,GR,ECDC,soca_simplex,AE,237.278818914771,-4.863639452157677,10,9,0.2637470037937957
2024-10-30,ILI incidence,2024-11-10,3,GR,ISI,FluBcast,AE,321.037269153177,-5.299796919683243,10,10,0.0
2024-10-30,ILI incidence,2024-11-10,3,GR,ISI,RC_AdaptEns2,AE,182.016624267633,-4.481126353674654,10,8,0.4377621416069467
2024-10-30,ILI incidence,2024-11-10,3,GR,QMUL,ARIMA,AE,11.3107006839862,-0.4728163408219177,10,3,0.9752980648109658
2024-10-30,ILI incidence,2024-11-10,3,GR,RIVM,KFdlm,AE,44.5990549508836,-2.4521411754623714,10,4,0.8704763581756296
2024-10-30,ILI incidence,2024-11-10,3,GR,fjordhest,ensemble,AE,74.21,-3.1867416425828736,10,7,0.7772344462971537
2024-10-30,ILI incidence,2024-11-10,3,GR,respicast,hubEnsemble,AE,71.5550000000001,-3.1341806162366797,10,6,0.7855947764259865
2024-10-30,ILI incidence,2024-11-10,3,GR,respicast,quantileBaseline,AE,8.14999999999986,0.0,10,2,0.9852507959433783
2024-10-30,ILI incidence,2024-11-10,3,GR,safinea,syndromic,AE,68.9000000000001,-3.079632018473241,10,5,0.7939551065548198
2024-10-30,ILI incidence,2024-11-10,3,HR,RIVM,KFdlm,AE,0.350142212373317,-1.8079410003855012,3,2,0.0
2024-10-30,ILI incidence,2024-11-10,3,HR,respicast,hubEnsemble,AE,0.350142212373317,-1.8079410003855012,3,2,0.0
2024-10-30,ILI incidence,2024-11-10,3,HR,respicast,quantileBaseline,AE,0.1,0.0,3,1,1.0
2024-10-30,ILI incidence,2024-11-10,3,HU,ECDC,SARIMA,AE,19.253685812293,-0.23143883845033736,9,2,0.9701419637786705
2024-10-30,ILI incidence,2024-11-10,3,HU,ECDC,soca_simplex,AE,85.2070407858722,-2.3772768325933993,9,8,0.28007382339814296
2024-10-30,ILI incidence,2024-11-10,3,HU,ISI,FluBcast,AE,23.5053387614095,-0.519292658110486,9,3,0.9256570358274611
2024-10-30,ILI incidence,2024-11-10,3,HU,ISI,RC_AdaptEns2,AE,68.0724754515718,-2.053375759362418,9,7,0.4593523095525775
2024-10-30,ILI incidence,2024-11-10,3,HU,QMUL,ARIMA,AE,24.526997804598,-0.5806748386409003,9,4,0.9149674453385699
2024-10-30,ILI incidence,2024-11-10,3,HU,RIVM,KFdlm,AE,111.975133982001,-2.771410672471619,9,9,0.0
2024-10-30,ILI incidence,2024-11-10,3,HU,respicast,hubEnsemble,AE,48.1666667,-1.5543392730472063,9,5,0.6676262394151349
2024-10-30,ILI incidence,2024-11-10,3,HU,respicast,quantileBaseline,AE,16.4,0.0,9,1,1.0
2024-10-30,ILI incidence,2024-11-10,3,HU,safinea,syndromic,AE,48.1666667,-1.5543392730472063,9,5,0.6676262394151349
2024-10-30,ILI incidence,2024-11-10,3,IE,ECDC,SARIMA,AE,1.26786144545372,1.3356748117478712,10,1,1.0
2024-10-30,ILI incidence,2024-11-10,3,IE,ECDC,soca_simplex,AE,3.78221593095732,-0.2411598256072275,10,5,0.7204513246185831
2024-10-30,ILI incidence,2024-11-10,3,IE,ISI,FluBcast,AE,10.262196625447,-1.681195762965872,10,10,0.0
2024-10-30,ILI incidence,2024-11-10,3,IE,ISI,RC_AdaptEns2,AE,5.67631992008331,-0.8268839975541356,10,7,0.5098627762465837
2024-10-30,ILI incidence,2024-11-10,3,IE,ISI,SEIR_BRW,AE,8.56994454615015,-1.4212139639564076,10,9,0.18814643277482507
2024-10-30,ILI incidence,2024-11-10,3,IE,RIVM,KFdlm,AE,2.96836016676094,0.10840575275127015,10,2,0.8109366965676622
2024-10-30,ILI incidence,2024-11-10,3,IE,fjordhest,ensemble,AE,3.24,-0.017921907997262457,10,4,0.7807354834926494
2024-10-30,ILI incidence,2024-11-10,3,IE,respicast,hubEnsemble,AE,4.72926792552031,-0.5635449714832834,10,6,0.615157050432584
2024-10-30,ILI incidence,2024-11-10,3,IE,respicast,quantileBaseline,AE,3.2,0.0,10,3,0.7851827271409599
2024-10-30,ILI incidence,2024-11-10,3,IE,safinea,syndromic,AE,6.3,-0.9772799234999162,10,8,0.440521344396903
2024-10-30,ILI incidence,2024-11-10,3,IS,respicast,quantileBaseline,AE,2.3,0.0,1,1,0.0
2024-10-30,ILI incidence,2024-11-10,3,IT,respicast,quantileBaseline,AE,263.4,0.0,1,1,0.0
2024-10-30,ILI incidence,2024-11-10,3,LT,ISI,SEIR_BRW,AE,0.966079220924308,1.727858501468553,6,2,0.9506045868407205
2024-10-30,ILI incidence,2024-11-10,3,LT,RIVM,KFdlm,AE,1.25081120360994,1.355207858351284,6,5,0.8294420410170472
2024-10-30,ILI incidence,2024-11-10,3,LT,fjordhest,ensemble,AE,0.850000000000001,1.9125371587496591,6,1,1.0
2024-10-30,ILI incidence,2024-11-10,3,LT,respicast,hubEnsemble,AE,1.03303961046215,1.6311763317211767,6,3,0.9221108040586601
2024-10-30,ILI incidence,2024-11-10,3,LT,respicast,quantileBaseline,AE,3.2,0.0,6,6,0.0
2024-10-30,ILI incidence,2024-11-10,3,LT,safinea,syndromic,AE,1.1,1.5405683813627027,6,4,0.893617021276596
2024-10-30,ILI incidence,2024-11-10,3,LU,ECDC,SARIMA,AE,101.9789810178,1.5566906730951866,7,2,0.9932560583263341
2024-10-30,ILI incidence,2024-11-10,3,LU,ECDC,soca_simplex,AE,430.212144491688,-0.5200857505638344,7,4,0.9567396855225626
2024-10-30,ILI incidence,2024-11-10,3,LU,QMUL,ARIMA,AE,873.858268232825,-1.5424368061228146,7,5,0.907383468508957
2024-10-30,ILI incidence,2024-11-10,3,LU,RIVM,KFdlm,AE,9030.01736851024,-4.911694356782583,7,7,0.0
2024-10-30,ILI incidence,2024-11-10,3,LU,fjordhest,ensemble,AE,41.3600000000001,2.8586544099556677,7,1,1.0
2024-10-30,ILI incidence,2024-11-10,3,LU,respicast,hubEnsemble,AE,873.85826823283,-1.542436806122823,7,6,0.9073834685089565
2024-10-30,ILI incidence,2024-11-10,3,LU,respicast,quantileBaseline,AE,300.0,0.0,7,3,0.9712259585167762
2024-10-30,ILI incidence,2024-11-10,3,LV,ECDC,SARIMA,AE,40.2,-1.4811266897366164,6,6,0.0
2024-10-30,ILI incidence,2024-11-10,3,LV,ECDC,soca_simplex,AE,5.92111301561103,1.2821285159753733,6,3,0.9793967709825422
2024-10-30,ILI incidence,2024-11-10,3,LV,RIVM,KFdlm,AE,17.7270973666692,-0.2998875171503459,6,5,0.6420829323808801
2024-10-30,ILI incidence,2024-11-10,3,LV,respicast,hubEnsemble,AE,5.2,1.4694852833012202,6,1,1.0
2024-10-30,ILI incidence,2024-11-10,3,LV,respicast,quantileBaseline,AE,14.4,0.0,6,4,0.7371428571428572
2024-10-30,ILI incidence,2024-11-10,3,LV,safinea,syndromic,AE,5.2,1.4694852833012202,6,1,1.0
2024-10-30,ILI incidence,2024-11-10,3,MT,ECDC,SARIMA,AE,1981.29944395879,0.2765874672181766,5,2,0.6485621970196559
2024-10-30,ILI incidence,2024-11-10,3,MT,ECDC,soca_simplex,AE,2591.71794754641,-0.11087431477406501,5,5,0.0
2024-10-30,ILI incidence,2024-11-10,3,MT,RIVM,KFdlm,AE,1650.53064678685,0.5401044792958071,5,1,1.0
2024-10-30,ILI incidence,2024-11-10,3,MT,respicast,hubEnsemble,AE,1981.29944395879,0.2765874672181766,5,2,0.6485621970196559
2024-10-30,ILI incidence,2024-11-10,3,MT,respicast,quantileBaseline,AE,2400.0,0.0,5,4,0.20369797530384134
2024-10-30,ILI incidence,2024-11-10,3,NL,ECDC,SARIMA,AE,0.6327155087241,0.6603711361688898,10,3,0.9496805960266789
2024-10-30,ILI incidence,2024-11-10,3,NL,ECDC,soca_simplex,AE,1.62124993565415,-0.6971065172178009,10,6,0.8421794160740345
2024-10-30,ILI incidence,2024-11-10,3,NL,ISI,FluBcast,AE,2.02392677431753,-1.017157094261469,10,7,0.7983890997060471
2024-10-30,ILI incidence,2024-11-10,3,NL,ISI,RC_AdaptEns2,AE,2.44017795009207,-1.2869863602284053,10,8,0.7531226008028127
2024-10-30,ILI incidence,2024-11-10,3,NL,ISI,SEIR_BRW,AE,9.36556815437293,-3.227366517013265,10,10,0.0
2024-10-30,ILI incidence,2024-11-10,3,NL,RIVM,KFdlm,AE,0.235871780458989,2.083925269049133,10,2,0.9928365730802982
2024-10-30,ILI incidence,2024-11-10,3,NL,fjordhest,ensemble,AE,0.170000000000002,2.5563933485243653,10,1,1.0
2024-10-30,ILI incidence,2024-11-10,3,NL,respicast,hubEnsemble,AE,1.0969633871588,-0.13351537437746605,10,5,0.8991945498530199
2024-10-30,ILI incidence,2024-11-10,3,NL,respicast,quantileBaseline,AE,0.999999999999998,0.0,10,4,0.9097391280162181
2024-10-30,ILI incidence,2024-11-10,3,NL,safinea,syndromic,AE,5.2,-2.3785116232537327,10,9,0.4529973661705726
2024-10-30,ILI incidence,2024-11-10,3,NO,ECDC,SARIMA,AE,5.1156593252263,0.02359143138982267,10,8,0.15103279268892653
2024-10-30,ILI incidence,2024-11-10,3,NO,ECDC,soca_simplex,AE,4.33433162019919,0.26270208483965163,10,6,0.28506241203901656
2024-10-30,ILI incidence,2024-11-10,3,NO,ISI,RC_AdaptEns2,AE,0.166592074658226,4.96411994962997,10,1,1.0
2024-10-30,ILI incidence,2024-11-10,3,NO,ISI,SEIR_BRW,AE,5.99610728790564,-0.20551457429899392,10,10,0.0
2024-10-30,ILI incidence,2024-11-10,3,NO,QMUL,ARIMA,AE,1.56492606960043,1.7324171204346153,10,3,0.7601285966688056
2024-10-30,ILI incidence,2024-11-10,3,NO,RIVM,KFdlm,AE,1.38426610958303,1.9093903117301483,10,2,0.7911191599332869
2024-10-30,ILI incidence,2024-11-10,3,NO,fjordhest,ensemble,AE,3.05,0.769702380578206,10,4,0.5053777510024662
2024-10-30,ILI incidence,2024-11-10,3,NO,respicast,hubEnsemble,AE,3.6921658100996,0.4940442793607878,10,5,0.3952200815207405
2024-10-30,ILI incidence,2024-11-10,3,NO,respicast,quantileBaseline,AE,5.2,0.0,10,9,0.13656492157298222
2024-10-30,ILI incidence,2024-11-10,3,NO,safinea,syndromic,AE,5.1,0.028014376169596785,10,7,0.15371900666272575
2024-10-30,ILI incidence,2024-11-10,3,PL,ECDC,SARIMA,AE,37.996833179576,0.7040602263176785,10,2,0.9991883839858035
2024-10-30,ILI incidence,2024-11-10,3,PL,ECDC,soca_simplex,AE,40.1215757834958,0.6255611402194894,10,4,0.9915744808595602
2024-10-30,ILI incidence,2024-11-10,3,PL,ISI,FluBcast,AE,153.445314099254,-1.309713275018982,10,9,0.5854848378843936
2024-10-30,ILI incidence,2024-11-10,3,PL,ISI,RC_AdaptEns2,AE,37.770342890063,0.7126855284004534,10,1,1.0
2024-10-30,ILI incidence,2024-11-10,3,PL,QMUL,ARIMA,AE,38.5383432314401,0.6836448581266712,10,3,0.9972479112578722
2024-10-30,ILI incidence,2024-11-10,3,PL,RIVM,KFdlm,AE,316.831235666115,-2.3557032598778904,10,10,0.0
2024-10-30,ILI incidence,2024-11-10,3,PL,fjordhest,ensemble,AE,93.68,-0.5978016663995882,10,7,0.799650690737219
2024-10-30,ILI incidence,2024-11-10,3,PL,respicast,hubEnsemble,AE,66.900787891748,-0.11208379217195223,10,6,0.8956125857983893
2024-10-30,ILI incidence,2024-11-10,3,PL,respicast,quantileBaseline,AE,61.9,0.0,10,5,0.9135326456175956
2024-10-30,ILI incidence,2024-11-10,3,PL,safinea,syndromic,AE,102.2,-0.7233838817233567,10,8,0.7691197198252993
2024-10-30,ILI incidence,2024-11-10,3,RO,ECDC,SARIMA,AE,0.50144104930185,0.48127481818705886,6,3,0.9060939396481953
2024-10-30,ILI incidence,2024-11-10,3,RO,ISI,FluBcast,AE,1.04592210059594,-0.579348577694732,6,6,0.0
2024-10-30,ILI incidence,2024-11-10,3,RO,ISI,RC_AdaptEns2,AE,0.445011943857122,0.653510864378125,6,1,1.0
2024-10-30,ILI incidence,2024-11-10,3,RO,RIVM,KFdlm,AE,0.732388207087533,-0.06525363899393599,6,5,0.5217650092818827
2024-10-30,ILI incidence,2024-11-10,3,RO,respicast,hubEnsemble,AE,0.47322649657949,0.5648240677086537,6,2,0.953046969824091
2024-10-30,ILI incidence,2024-11-10,3,RO,respicast,quantileBaseline,AE,0.7,0.0,6,4,0.5756635941607042
2024-10-30,ILI incidence,2024-11-10,3,SI,ECDC,SARIMA,AE,1.72789719466739,-0.5259829776654619,7,2,0.9496117464916335
2024-10-30,ILI incidence,2024-11-10,3,SI,ISI,FluBcast,AE,5.73284385964258,-2.2562165803391445,7,4,0.5673360498583047
2024-10-30,ILI incidence,2024-11-10,3,SI,RIVM,KFdlm,AE,11.6765924181067,-3.282513002761013,7,7,0.0
2024-10-30,ILI incidence,2024-11-10,3,SI,fjordhest,ensemble,AE,1.76,-0.5525410230287788,7,3,0.9465475053670932
2024-10-30,ILI incidence,2024-11-10,3,SI,respicast,hubEnsemble,AE,5.73284385964258,-2.2562165803391445,7,4,0.5673360498583047
2024-10-30,ILI incidence,2024-11-10,3,SI,respicast,quantileBaseline,AE,1.2,0.0,7,1,1.0
2024-10-30,ILI incidence,2024-11-10,3,SI,safinea,syndromic,AE,6.2,-2.3692338096657193,7,6,0.5227455836347611
2024-10-30,ILI incidence,2024-11-17,4,AT,respicast,quantileBaseline,AE,1223.1,0.0,1,1,0.0
2024-10-30,ILI incidence,2024-11-17,4,BE,ECDC,SARIMA,AE,87.880518242687,0.1791531481123255,11,2,0.7580501603448055
2024-10-30,ILI incidence,2024-11-17,4,BE,ECDC,soca_simplex,AE,59.5423763450464,0.7407797247588701,11,1,1.0
2024-10-30,ILI incidence,2024-11-17,4,BE,ISI,FluBcast,AE,92.8622335385445,0.09960454438309647,11,3,0.7155164888925886
2024-10-30,ILI incidence,2024-11-17,4,BE,ISI,RC_AdaptEns2,AE,176.666413038047,-0.828259357002656,11,11,0.0
2024-10-30,ILI incidence,2024-11-17,4,BE,ISI,SEIR_BRW,AE,111.348932605998,-0.16231929770779593,11,8,0.5576778454388126
2024-10-30,ILI incidence,2024-11-17,4,BE,QMUL,ARIMA,AE,104.897532003977,-0.07621230427200562,11,5,0.6127596269772262
2024-10-30,ILI incidence,2024-11-17,4,BE,RIVM,KFdlm,AE,105.576998297555,-0.08552712308769019,11,6,0.6069583729156114
2024-10-30,ILI incidence,2024-11-17,4,BE,fjordhest,ensemble,AE,129.0,-0.3746026348796052,11,9,0.40697378935963174
2024-10-30,ILI incidence,2024-11-17,4,BE,respicast,hubEnsemble,AE,105.576998297555,-0.08552712308769019,11,6,0.6069583729156114
2024-10-30,ILI incidence,2024-11-17,4,BE,respicast,quantileBaseline,AE,99.5,0.0,11,4,0.6588435236424746
2024-10-30,ILI incidence,2024-11-17,4,BE,safinea,syndromic,AE,144.7,-0.5402964911007132,11,10,0.27292786297859345
2024-10-30,ILI incidence,2024-11-17,4,CH,ISI,SEIR_BRW,AE,2.61963838846012,2.548988725684987,5,1,1.0
2024-10-30,ILI incidence,2024-11-17,4,CH,RIVM,KFdlm,AE,15.866785742891,-0.04958159139312204,5,5,0.0
2024-10-30,ILI incidence,2024-11-17,4,CH,respicast,hubEnsemble,AE,3.80751014419661,2.0095085229770295,5,2,0.9103299960395496
2024-10-30,ILI incidence,2024-11-17,4,CH,respicast,quantileBaseline,AE,15.3307503326356,0.0,5,4,0.040464214363563275
2024-10-30,ILI incidence,2024-11-17,4,CH,safinea,syndromic,AE,3.80751014419661,2.0095085229770295,5,2,0.9103299960395496
2024-10-30,ILI incidence,2024-11-17,4,CZ,ISI,RC_AdaptEns2,AE,8.26606440562167,-51.04720060461604,7,3,0.8201433075213783
2024-10-30,ILI incidence,2024-11-17,4,CZ,ISI,SEIR_BRW,AE,26.1071666887142,-52.70637399083994,7,6,0.43194869768655686
2024-10-30,ILI incidence,2024-11-17,4,CZ,RIVM,KFdlm,AE,45.9591705579941,-53.52228085625985,7,7,0.0
2024-10-30,ILI incidence,2024-11-17,4,CZ,fjordhest,ensemble,AE,1.64,-48.71369581484336,7,2,0.9643161532271226
2024-10-30,ILI incidence,2024-11-17,4,CZ,respicast,hubEnsemble,AE,10.1,-51.336283387864434,7,4,0.7802397241426452
2024-10-30,ILI incidence,2024-11-17,4,CZ,respicast,quantileBaseline,AE,3.5527136788005e-15,0.0,7,1,1.0
2024-10-30,ILI incidence,2024-11-17,4,CZ,safinea,syndromic,AE,10.1,-51.336283387864434,7,4,0.7802397241426452
2024-10-30,ILI incidence,2024-11-17,4,DK,ISI,RC_AdaptEns2,AE,17.3330303376028,0.10177871808487915,7,2,0.6726500138533512
2024-10-30,ILI incidence,2024-11-17,4,DK,ISI,SEIR_BRW,AE,43.9070747076237,-1.239150797317223,7,7,0.0
2024-10-30,ILI incidence,2024-11-17,4,DK,RIVM,KFdlm,AE,4.40057976564265,2.0795371083987724,7,1,1.0
2024-10-30,ILI incidence,2024-11-17,4,DK,fjordhest,ensemble,AE,19.39,-0.06001018211139866,7,5,0.6205833937844726
2024-10-30,ILI incidence,2024-11-17,4,DK,respicast,hubEnsemble,AE,17.333030337603,0.10177871808486244,7,3,0.6726500138533462
2024-10-30,ILI incidence,2024-11-17,4,DK,respicast,quantileBaseline,AE,18.6,0.0,7,4,0.6405801057469028
2024-10-30,ILI incidence,2024-11-17,4,DK,safinea,syndromic,AE,32.1,-0.7872706760142716,7,6,0.2988641418319566
2024-10-30,ILI incidence,2024-11-17,4,EE,ECDC,SARIMA,AE,61.97832990211,0.019000679223531856,8,2,0.6599604442600343
2024-10-30,ILI incidence,2024-11-17,4,EE,ECDC,soca_simplex,AE,13.3834909537474,2.2303100810480974,8,1,1.0
2024-10-30,ILI incidence,2024-11-17,4,EE,ISI,FluBcast,AE,156.29286172567,-1.3154154242286504,8,8,0.0
2024-10-30,ILI incidence,2024-11-17,4,EE,ISI,RC_AdaptEns2,AE,94.2777811868786,-0.5861532462641886,8,6,0.4339469147741536
2024-10-30,ILI incidence,2024-11-17,4,EE,RIVM,KFdlm,AE,66.0655247901483,-0.07313306224837321,8,4,0.6313605360387513
2024-10-30,ILI incidence,2024-11-17,4,EE,respicast,hubEnsemble,AE,80.171652988513,-0.3523276610789567,8,5,0.5326537254064556
2024-10-30,ILI incidence,2024-11-17,4,EE,respicast,quantileBaseline,AE,62.8,0.0,8,3,0.654210855597991
2024-10-30,ILI incidence,2024-11-17,4,EE,safinea,syndromic,AE,114.0,-0.8601973601604772,8,7,0.29594183710435373
2024-10-30,ILI incidence,2024-11-17,4,FR,ISI,RC_AdaptEns2,AE,64.0382335746946,-0.7265999468533868,7,4,0.6953617615387353
2024-10-30,ILI incidence,2024-11-17,4,FR,ISI,SEIR_BRW,AE,77.4775754492967,-1.001445241185237,7,6,0.6066254333884743
2024-10-30,ILI incidence,2024-11-17,4,FR,RIVM,KFdlm,AE,169.352535334172,-2.129624113735678,7,7,0.0
2024-10-30,ILI incidence,2024-11-17,4,FR,fjordhest,ensemble,AE,43.73,-0.1762897820494347,7,3,0.829451517975533
2024-10-30,ILI incidence,2024-11-17,4,FR,respicast,hubEnsemble,AE,64.038233574695,-0.7265999468533958,7,5,0.6953617615387327
2024-10-30,ILI incidence,2024-11-17,4,FR,respicast,quantileBaseline,AE,38.7,0.0,7,2,0.8626632432787877
2024-10-30,ILI incidence,2024-11-17,4,FR,safinea,syndromic,AE,17.9,1.1123739788801543,7,1,1.0
2024-10-30,ILI incidence,2024-11-17,4,GB-ENG,ECDC,SARIMA,AE,0.325599612300716,-1.0505609644940783,7,2,0.945497049098574
2024-10-30,ILI incidence,2024-11-17,4,GB-ENG,ECDC,soca_simplex,AE,0.495064308028101,-1.6550779237857098,7,3,0.8906516240953423
2024-10-30,ILI incidence,2024-11-17,4,GB-ENG,ISI,FluBcast,AE,3.24705331107667,-4.368521149038045,7,7,0.0
2024-10-30,ILI incidence,2024-11-17,4,GB-ENG,RIVM,KFdlm,AE,0.811687939626178,-2.3683871602916073,7,5,0.7881797932132419
2024-10-30,ILI incidence,2024-11-17,4,GB-ENG,respicast,hubEnsemble,AE,0.811687939626177,-2.3683871602916056,7,4,0.7881797932132424
2024-10-30,ILI incidence,2024-11-17,4,GB-ENG,respicast,quantileBaseline,AE,0.157193113669143,0.0,7,1,1.0
2024-10-30,ILI incidence,2024-11-17,4,GB-ENG,safinea,syndromic,AE,2.42146489187513,-3.945270163497529,7,6,0.2671928069413076
2024-10-30,ILI incidence,2024-11-17,4,GB-NIR,ECDC,SARIMA,AE,0.522400844684417,-0.012102794600390588,8,3,0.9989911480336658
2024-10-30,ILI incidence,2024-11-17,4,GB-NIR,ECDC,soca_simplex,AE,0.516956889420662,0.003010460112296696,8,1,1.0
2024-10-30,ILI incidence,2024-11-17,4,GB-NIR,ISI,FluBcast,AE,5.91314527525136,-3.5127993818055696,8,8,0.0
2024-10-30,ILI incidence,2024-11-17,4,GB-NIR,ISI,SEIR_BRW,AE,1.64308863872188,-1.6652839704633216,8,7,0.791309778535862
2024-10-30,ILI incidence,2024-11-17,4,GB-NIR,RIVM,KFdlm,AE,1.04855243475238,-1.017272667669356,8,6,0.9014868445424218
2024-10-30,ILI incidence,2024-11-17,4,GB-NIR,respicast,hubEnsemble,AE,1.02579756460391,-0.9856197111270791,8,5,0.9057036858610494
2024-10-30,ILI incidence,2024-11-17,4,GB-NIR,respicast,quantileBaseline,AE,0.51803674546626,0.0,8,2,0.999799885406441
2024-10-30,ILI incidence,2024-11-17,4,GB-NIR,safinea,syndromic,AE,1.00304269445544,-0.9532566753575891,8,4,0.9099205271796772
2024-10-30,ILI incidence,2024-11-17,4,GB-SCT,ISI,SEIR_BRW,AE,4.12225443828995,-0.05750984258269716,4,4,0.0
2024-10-30,ILI incidence,2024-11-17,4,GB-SCT,RIVM,KFdlm,AE,3.67070969445218,0.10986469216627062,4,1,1.0
2024-10-30,ILI incidence,2024-11-17,4,GB-SCT,respicast,hubEnsemble,AE,3.89648206637106,0.023751536314739172,4,2,0.5000000000000113
2024-10-30,ILI incidence,2024-11-17,4,GB-SCT,respicast,quantileBaseline,AE,3.961162022413,0.0,4,3,0.3567584787008988
2024-10-30,ILI incidence,2024-11-17,4,GR,ECDC,SARIMA,AE,6.31180193322894,1.9771220129382283,10,2,0.9913830613740853
2024-10-30,ILI incidence,2024-11-17,4,GR,ECDC,soca_simplex,AE,129.625708598686,-2.38303411864951,10,8,0.723161338162709
2024-10-30,ILI incidence,2024-11-17,4,GR,ISI,FluBcast,AE,462.096355236009,-4.216875953457581,10,10,0.0
2024-10-30,ILI incidence,2024-11-17,4,GR,ISI,RC_AdaptEns2,AE,268.571560922993,-3.4339887887900673,10,9,0.4209383614419601
2024-10-30,ILI incidence,2024-11-17,4,GR,QMUL,ARIMA,AE,2.35019750859169,3.4023919419305373,10,1,1.0
2024-10-30,ILI incidence,2024-11-17,4,GR,RIVM,KFdlm,AE,22.930074418248,0.11600481467683645,10,3,0.9552364352289855
2024-10-30,ILI incidence,2024-11-17,4,GR,fjordhest,ensemble,AE,88.25,-1.8283504265962505,10,5,0.8131581938258674
2024-10-30,ILI incidence,2024-11-17,4,GR,respicast,hubEnsemble,AE,100.875,-2.0212509166028507,10,6,0.7856973879272233
2024-10-30,ILI incidence,2024-11-17,4,GR,respicast,quantileBaseline,AE,24.8500000000001,0.0,10,4,0.9510603794871767
2024-10-30,ILI incidence,2024-11-17,4,GR,safinea,syndromic,AE,113.5,-2.191374540615985,10,7,0.7582365820285792
2024-10-30,ILI incidence,2024-11-17,4,HU,ECDC,SARIMA,AE,21.765731556892,-0.09702971613571709,9,2,0.9888217644819506
2024-10-30,ILI incidence,2024-11-17,4,HU,ECDC,soca_simplex,AE,31.6075751519272,-0.6352415653166336,9,6,0.9111132150740198
2024-10-30,ILI incidence,2024-11-17,4,HU,ISI,FluBcast,AE,30.6025240275088,-0.5886218535832201,9,3,0.9190488283770764
2024-10-30,ILI incidence,2024-11-17,4,HU,ISI,RC_AdaptEns2,AE,85.8271699943271,-2.0764056342476964,9,8,0.4830098801648902
2024-10-30,ILI incidence,2024-11-17,4,HU,QMUL,ARIMA,AE,31.1737467960932,-0.6153027694959889,9,4,0.9145386070646926
2024-10-30,ILI incidence,2024-11-17,4,HU,RIVM,KFdlm,AE,147.000718228833,-2.8527225043190048,9,9,0.0
2024-10-30,ILI incidence,2024-11-17,4,HU,respicast,hubEnsemble,AE,31.607575151927,-0.6352415653166247,9,5,0.9111132150740213
2024-10-30,ILI incidence,2024-11-17,4,HU,respicast,quantileBaseline,AE,20.35,0.0,9,1,1.0
2024-10-30,ILI incidence,2024-11-17,4,HU,safinea,syndromic,AE,60.1666667,-1.563935637586407,9,7,0.6856183110777224
2024-10-30,ILI incidence,2024-11-17,4,IE,ECDC,SARIMA,AE,0.98116791332031,-0.12457505343712125,10,3,0.9749547235992598
2024-10-30,ILI incidence,2024-11-17,4,IE,ECDC,soca_simplex,AE,2.0076234030206,-1.157491762360316,10,5,0.8860702920198413
2024-10-30,ILI incidence,2024-11-17,4,IE,ISI,FluBcast,AE,12.2401433094055,-3.7655516377484592,10,10,0.0
2024-10-30,ILI incidence,2024-11-17,4,IE,ISI,RC_AdaptEns2,AE,4.55515579589679,-2.3395034915171444,10,7,0.6654704014809231
2024-10-30,ILI incidence,2024-11-17,4,IE,ISI,SEIR_BRW,AE,8.12615090661112,-3.174575249817889,10,9,0.3562452341223236
2024-10-30,ILI incidence,2024-11-17,4,IE,RIVM,KFdlm,AE,0.691939968720913,0.37927812338586425,10,1,1.0
2024-10-30,ILI incidence,2024-11-17,4,IE,fjordhest,ensemble,AE,1.79,-0.9919626809345833,10,4,0.9049150764941422
2024-10-30,ILI incidence,2024-11-17,4,IE,respicast,hubEnsemble,AE,3.2813895994587,-1.866309988684559,10,6,0.7757703467503818
2024-10-30,ILI incidence,2024-11-17,4,IE,respicast,quantileBaseline,AE,0.899999999999999,0.0,10,2,0.981983341898208
2024-10-30,ILI incidence,2024-11-17,4,IE,safinea,syndromic,AE,4.9,-2.4447848426728975,10,8,0.6356091153630804
2024-10-30,ILI incidence,2024-11-17,4,IS,respicast,quantileBaseline,AE,2.3,0.0,1,1,0.0
2024-10-30,ILI incidence,2024-11-17,4,IT,respicast,quantileBaseline,AE,326.699999999999,0.0,1,1,0.0
2024-10-30,ILI incidence,2024-11-17,4,LT,ISI,SEIR_BRW,AE,2.99143540152269,0.9798770453873819,6,2,0.5307599632257866
2024-10-30,ILI incidence,2024-11-17,4,LT,RIVM,KFdlm,AE,3.56088928960684,0.7284773724151999,6,4,0.4268450201447373
2024-10-30,ILI incidence,2024-11-17,4,LT,fjordhest,ensemble,AE,0.42,3.8122537214704435,6,1,1.0
2024-10-30,ILI incidence,2024-11-17,4,LT,respicast,hubEnsemble,AE,3.27616234556476,0.848708105023642,6,3,0.4788024916852628
2024-10-30,ILI incidence,2024-11-17,4,LT,respicast,quantileBaseline,AE,5.9,0.0,6,6,0.0
2024-10-30,ILI incidence,2024-11-17,4,LT,safinea,syndromic,AE,3.6,0.7127180479195289,6,5,0.41970802919708033
2024-10-30,ILI incidence,2024-11-17,4,LU,ECDC,SARIMA,AE,1534.84177425024,0.307909481703628,7,3,0.3909507857197745
2024-10-30,ILI incidence,2024-11-17,4,LU,ECDC,soca_simplex,AE,2103.27849626909,-0.14664047221002094,7,7,0.0
2024-10-30,ILI incidence,2024-11-17,4,LU,QMUL,ARIMA,AE,649.293128335097,1.549057572474211,7,1,1.0
2024-10-30,ILI incidence,2024-11-17,4,LU,RIVM,KFdlm,AE,1667.48470641912,0.18832588897513314,7,4,0.29972364197117135
2024-10-30,ILI incidence,2024-11-17,4,LU,fjordhest,ensemble,AE,1847.51,0.040417245301784976,7,5,0.17590857646147995
2024-10-30,ILI incidence,2024-11-17,4,LU,respicast,hubEnsemble,AE,649.2931283351,1.5490575724742042,7,2,0.999999999999998
2024-10-30,ILI incidence,2024-11-17,4,LU,respicast,quantileBaseline,AE,1900.0,0.0,7,6,0.1398078005131054
2024-10-30,ILI incidence,2024-11-17,4,LV,ECDC,SARIMA,AE,30.9,-2.131911675505581,6,5,0.4825421566115505
2024-10-30,ILI incidence,2024-11-17,4,LV,ECDC,soca_simplex,AE,53.1407111656168,-2.9141223724727605,6,6,0.0
2024-10-30,ILI incidence,2024-11-17,4,LV,RIVM,KFdlm,AE,8.07935447811946,-0.19661677204746264,6,2,0.977666769462057
2024-10-30,ILI incidence,2024-11-17,4,LV,respicast,hubEnsemble,AE,9.1,-0.3682432877999027,6,3,0.9555224914487914
2024-10-30,ILI incidence,2024-11-17,4,LV,respicast,quantileBaseline,AE,7.05,0.0,6,1,1.0
2024-10-30,ILI incidence,2024-11-17,4,LV,safinea,syndromic,AE,9.1,-0.3682432877999027,6,3,0.9555224914487914
2024-10-30,ILI incidence,2024-11-17,4,MT,ECDC,SARIMA,AE,914.53540809693,0.5074006902152766,5,2,0.5338565682740738
2024-10-30,ILI incidence,2024-11-17,4,MT,ECDC,soca_simplex,AE,1297.364465321,0.00292779405216396,5,4,0.00365013422465562
2024-10-30,ILI incidence,2024-11-17,4,MT,RIVM,KFdlm,AE,577.962256511606,1.1694644366979796,5,1,1.0
2024-10-30,ILI incidence,2024-11-17,4,MT,respicast,hubEnsemble,AE,914.53540809693,0.5074006902152766,5,2,0.5338565682740738
2024-10-30,ILI incidence,2024-11-17,4,MT,respicast,quantileBaseline,AE,1300.0,0.0,5,5,0.0
2024-10-30,ILI incidence,2024-11-17,4,NL,ECDC,SARIMA,AE,2.929652036393,-0.06530249441196428,10,3,0.8990057047602895
2024-10-30,ILI incidence,2024-11-17,4,NL,ECDC,soca_simplex,AE,1.38845032907785,1.0119512605823233,10,1,1.0
2024-10-30,ILI incidence,2024-11-17,4,NL,ISI,FluBcast,AE,6.67506679864944,-1.253355447022927,10,7,0.6535702614311651
2024-10-30,ILI incidence,2024-11-17,4,NL,ISI,RC_AdaptEns2,AE,6.82282889792732,-1.2849432098516091,10,8,0.6438874736371478
2024-10-30,ILI incidence,2024-11-17,4,NL,ISI,SEIR_BRW,AE,16.6487351170166,-2.5719138408258813,10,10,0.0
2024-10-30,ILI incidence,2024-11-17,4,NL,RIVM,KFdlm,AE,3.41905125899477,-0.2881692248912754,10,4,0.8669355809452624
2024-10-30,ILI incidence,2024-11-17,4,NL,fjordhest,ensemble,AE,4.22,-0.5918161717622238,10,5,0.8144497491186982
2024-10-30,ILI incidence,2024-11-17,4,NL,respicast,hubEnsemble,AE,5.4475333993247,-0.9601763094930933,10,6,0.7340100052749328
2024-10-30,ILI incidence,2024-11-17,4,NL,respicast,quantileBaseline,AE,2.79999999999999,0.0,10,2,0.907501747802388
2024-10-30,ILI incidence,2024-11-17,4,NL,safinea,syndromic,AE,9.9,-1.8220016980220106,10,9,0.442241754383941
2024-10-30,ILI incidence,2024-11-17,4,NO,ECDC,SARIMA,AE,4.8400192188629,-0.07337891502921355,10,8,0.23915810128217882
2024-10-30,ILI incidence,2024-11-17,4,NO,ECDC,soca_simplex,AE,3.19875269866918,0.5241244017560456,10,6,0.5143952184191682
2024-10-30,ILI incidence,2024-11-17,4,NO,ISI,RC_AdaptEns2,AE,2.19361812116641,1.0683214669926984,10,4,0.6829542793899087
2024-10-30,ILI incidence,2024-11-17,4,NO,ISI,SEIR_BRW,AE,6.26614295083098,-0.44594382141874034,10,10,0.0
2024-10-30,ILI incidence,2024-11-17,4,NO,QMUL,ARIMA,AE,0.303042707425806,3.9240408308418306,10,1,1.0
2024-10-30,ILI incidence,2024-11-17,4,NO,RIVM,KFdlm,AE,0.710204145363132,2.695328174862621,10,2,0.9317198401305392
2024-10-30,ILI incidence,2024-11-17,4,NO,fjordhest,ensemble,AE,1.7,1.4360991148066766,10,3,0.76573305234653
2024-10-30,ILI incidence,2024-11-17,4,NO,respicast,hubEnsemble,AE,2.4493763493346,0.9092193985770556,10,5,0.6400641353828475
2024-10-30,ILI incidence,2024-11-17,4,NO,respicast,quantileBaseline,AE,4.60000000000001,0.0,10,7,0.2794088448661621
2024-10-30,ILI incidence,2024-11-17,4,NO,safinea,syndromic,AE,5.1,-0.1488633859144793,10,9,0.19555984357644554
2024-10-30,ILI incidence,2024-11-17,4,PL,ECDC,SARIMA,AE,39.745438098941,0.8790821258995152,10,2,0.9965334636005891
2024-10-30,ILI incidence,2024-11-17,4,PL,ECDC,soca_simplex,AE,77.4981066292846,-0.08428965788775653,10,5,0.8963594442975512
2024-10-30,ILI incidence,2024-11-17,4,PL,ISI,FluBcast,AE,182.261569112565,-1.3180670817068003,10,9,0.6183770520166392
2024-10-30,ILI incidence,2024-11-17,4,PL,ISI,RC_AdaptEns2,AE,75.9041143813252,-0.05430668284453603,10,4,0.900588989292169
2024-10-30,ILI incidence,2024-11-17,4,PL,QMUL,ARIMA,AE,38.4390015543572,0.9273005433044739,10,1,1.0
2024-10-30,ILI incidence,2024-11-17,4,PL,RIVM,KFdlm,AE,415.309858818629,-2.5062448082448703,10,10,0.0
2024-10-30,ILI incidence,2024-11-17,4,PL,fjordhest,ensemble,AE,97.33,-0.41301314888333623,10,7,0.8437369265611672
2024-10-30,ILI incidence,2024-11-17,4,PL,respicast,hubEnsemble,AE,87.414053314642,-0.25799383027019035,10,6,0.87004818542936
2024-10-30,ILI incidence,2024-11-17,4,PL,respicast,quantileBaseline,AE,73.1,0.0,10,3,0.9080295072501783
2024-10-30,ILI incidence,2024-11-17,4,PL,safinea,syndromic,AE,126.9,-0.7957487578886687,10,8,0.7652750358895181
2024-10-30,ILI incidence,2024-11-17,4,RO,ECDC,SARIMA,AE,1.08325884741726,1.2631336035164331,7,3,0.6921090035216445
2024-10-30,ILI incidence,2024-11-17,4,RO,ECDC,soca_simplex,AE,1.23620240811554,1.0725966427323108,7,5,0.6237434013320429
2024-10-30,ILI incidence,2024-11-17,4,RO,ISI,FluBcast,AE,0.394462964690382,2.7205498631892837,7,1,1.0
2024-10-30,ILI incidence,2024-11-17,4,RO,ISI,RC_AdaptEns2,AE,1.01143352561047,1.3621101184079953,7,2,0.7242148427957157
2024-10-30,ILI incidence,2024-11-17,4,RO,RIVM,KFdlm,AE,2.63160497470463,-0.017431321820220787,7,7,0.0
2024-10-30,ILI incidence,2024-11-17,4,RO,respicast,hubEnsemble,AE,1.08325884741726,1.2631336035164331,7,3,0.6921090035216445
2024-10-30,ILI incidence,2024-11-17,4,RO,respicast,quantileBaseline,AE,2.6,0.0,7,6,0.014127388678570654
2024-10-30,ILI incidence,2024-11-17,4,SI,ECDC,SARIMA,AE,2.41765799297792,-3.5955382672111305,7,3,0.8500148020305146
2024-10-30,ILI incidence,2024-11-17,4,SI,ISI,FluBcast,AE,7.28532019864926,-5.186920476765576,7,6,0.520803858829199
2024-10-30,ILI incidence,2024-11-17,4,SI,RIVM,KFdlm,AE,14.9858456901134,-6.227456690943947,7,7,0.0
2024-10-30,ILI incidence,2024-11-17,4,SI,fjordhest,ensemble,AE,2.04,-3.3504972470841405,7,2,0.875556661515119
2024-10-30,ILI incidence,2024-11-17,4,SI,respicast,hubEnsemble,AE,5.8,-4.857980995127579,7,4,0.6212594046112319
2024-10-30,ILI incidence,2024-11-17,4,SI,respicast,quantileBaseline,AE,0.199999999999999,0.0,7,1,1.0
2024-10-30,ILI incidence,2024-11-17,4,SI,safinea,syndromic,AE,5.8,-4.857980995127579,7,4,0.6212594046112319
2024-11-06,ILI incidence,2024-11-03,1,AT,ItaLuxColab,EpiEKF,AE,625.91933465604,1.2808766512487155,5,1,1.0
2024-11-06,ILI incidence,2024-11-03,1,AT,ItaLuxColab,EpiNetEKF,AE,807.38032561542,0.9136049616842019,5,2,0.9026173264892795
2024-11-06,ILI incidence,2024-11-03,1,AT,NotreDame,Rt_cocirc,AE,2489.3,-0.7108148101555022,5,5,0.0
2024-11-06,ILI incidence,2024-11-03,1,AT,respicast,hubEnsemble,AE,1648.34016280771,-0.11608869951297271,5,4,0.45130866324463986
2024-11-06,ILI incidence,2024-11-03,1,AT,respicast,quantileBaseline,AE,1520.9,0.0,5,3,0.5197005732702737
2024-11-06,ILI incidence,2024-11-03,1,BE,ISI,FluBcast,AE,141.574041050612,0.12043647387814913,13,1,1.0
2024-11-06,ILI incidence,2024-11-03,1,BE,ISI,RC_AdaptEns2,AE,189.381490132975,-0.2993020991489852,13,11,0.5943203315749682
2024-11-06,ILI incidence,2024-11-03,1,BE,ISI,SEIR_BRW,AE,153.603646853166,0.0027807627781467805,13,4,0.8979203746082256
2024-11-06,ILI incidence,2024-11-03,1,BE,ItaLuxColab,EpiEKF,AE,161.211660812099,-0.0669628694413838,13,8,0.8333610509154752
2024-11-06,ILI incidence,2024-11-03,1,BE,ItaLuxColab,EpiNetEKF,AE,168.84505958832,-0.1337067349951963,13,10,0.7685863192798605
2024-11-06,ILI incidence,2024-11-03,1,BE,NotreDame,Rt_cocirc,AE,190.4,-0.30704024697973326,13,12,0.5856775624443566
2024-11-06,ILI incidence,2024-11-03,1,BE,QMUL,ARIMA,AE,153.510111428791,0.0036595452711260163,13,3,0.8987140881544363
2024-11-06,ILI incidence,2024-11-03,1,BE,QMUL,SEIR,AE,259.41935794304,-0.7532929062365842,13,13,0.0
2024-11-06,ILI incidence,2024-11-03,1,BE,QMUL,SEIR_agumented,AE,148.045476143333,0.05595282521208609,13,2,0.9450853435386978
2024-11-06,ILI incidence,2024-11-03,1,BE,RIVM,KFdlm,AE,155.280304133823,-0.012881617180268446,13,6,0.8836927640007758
2024-11-06,ILI incidence,2024-11-03,1,BE,fjordhest,ensemble,AE,161.99,-0.07391152344560739,13,9,0.826756298105387
2024-11-06,ILI incidence,2024-11-03,1,BE,respicast,hubEnsemble,AE,158.635152066911,-0.04371926253687821,13,7,0.8552245310530857
2024-11-06,ILI incidence,2024-11-03,1,BE,respicast,quantileBaseline,AE,153.9,0.0,13,5,0.8954056107241035
2024-11-06,ILI incidence,2024-11-03,1,CH,ECDC,SARIMA,AE,0.0819505613734179,-0.3347856774286306,9,2,0.9992019386829507
2024-11-06,ILI incidence,2024-11-03,1,CH,ECDC,soca_simplex,AE,2.54651204246569,-5.292410574933442,9,5,0.8833114191818241
2024-11-06,ILI incidence,2024-11-03,1,CH,ISI,FluBcast,AE,9.26238592063,-7.155271903871207,9,8,0.567512394237407
2024-11-06,ILI incidence,2024-11-03,1,CH,ISI,SEIR_BRW,AE,21.3312694919593,-8.358785957680526,9,9,0.0
2024-11-06,ILI incidence,2024-11-03,1,CH,ItaLuxColab,EpiEKF,AE,1.79148189454338,-4.78504149832105,9,4,0.9188150317932446
2024-11-06,ILI incidence,2024-11-03,1,CH,ItaLuxColab,EpiNetEKF,AE,8.37750926181448,-7.010409411583523,9,7,0.6091217500888598
2024-11-06,ILI incidence,2024-11-03,1,CH,RIVM,KFdlm,AE,6.37786695916494,-6.616962038789162,9,6,0.7031504797628215
2024-11-06,ILI incidence,2024-11-03,1,CH,respicast,hubEnsemble,AE,1.31423130191952,-4.338107244442897,9,3,0.941256678932389
2024-11-06,ILI incidence,2024-11-03,1,CH,respicast,quantileBaseline,AE,0.0649787573810272,0.0,9,1,1.0
2024-11-06,ILI incidence,2024-11-03,1,CZ,ItaLuxColab,EpiEKF,AE,9.6830344908414,-1.5973873282185822,7,3,0.720941229950434
2024-11-06,ILI incidence,2024-11-03,1,CZ,ItaLuxColab,EpiNetEKF,AE,11.4223940785585,-1.8357212540722878,7,4,0.6460714220066451
2024-11-06,ILI incidence,2024-11-03,1,CZ,NotreDame,Rt_cocirc,AE,18.4,-2.5235619560570126,7,6,0.34572408788729186
2024-11-06,ILI incidence,2024-11-03,1,CZ,RIVM,KFdlm,AE,26.4317890947842,-3.046130270101029,7,7,0.0
2024-11-06,ILI incidence,2024-11-03,1,CZ,fjordhest,ensemble,AE,3.5,-0.12928301694496633,7,2,0.9870866596293544
2024-11-06,ILI incidence,2024-11-03,1,CZ,respicast,hubEnsemble,AE,14.9111970392793,-2.2202522685437454,7,5,0.49589775494696636
2024-11-06,ILI incidence,2024-11-03,1,CZ,respicast,quantileBaseline,AE,3.2,0.0,7,1,1.0
2024-11-06,ILI incidence,2024-11-03,1,DK,ItaLuxColab,EpiEKF,AE,1.81610795535701,-0.5978155578242644,7,2,0.9889586387928849
2024-11-06,ILI incidence,2024-11-03,1,DK,ItaLuxColab,EpiNetEKF,AE,22.344833884167,-4.218835008551359,7,6,0.6210603246565052
2024-11-06,ILI incidence,2024-11-03,1,DK,NotreDame,Rt_cocirc,AE,57.0,-5.56985560833096,7,7,0.0
2024-11-06,ILI incidence,2024-11-03,1,DK,RIVM,KFdlm,AE,22.1050750106537,-4.20327131894902,7,5,0.62535707866212
2024-11-06,ILI incidence,2024-11-03,1,DK,fjordhest,ensemble,AE,2.13999999999999,-0.8345763907926337,7,3,0.9831541218637994
2024-11-06,ILI incidence,2024-11-03,1,DK,respicast,hubEnsemble,AE,12.122537505327,-3.3365854062784868,7,4,0.8042556002629567
2024-11-06,ILI incidence,2024-11-03,1,DK,respicast,quantileBaseline,AE,1.19999999999999,0.0,7,1,1.0
2024-11-06,ILI incidence,2024-11-03,1,EE,ISI,FluBcast,AE,79.5870284029041,-0.4490374269438102,9,6,0.5495133597920266
2024-11-06,ILI incidence,2024-11-03,1,EE,ISI,RC_AdaptEns2,AE,80.7787560486586,-0.470480046023874,9,7,0.5408639797880233
2024-11-06,ILI incidence,2024-11-03,1,EE,ItaLuxColab,EpiEKF,AE,17.518142201764,1.7346460981223302,9,1,1.0
2024-11-06,ILI incidence,2024-11-03,1,EE,ItaLuxColab,EpiNetEKF,AE,31.566808535738,0.8850874746091574,9,2,0.8980368928212124
2024-11-06,ILI incidence,2024-11-03,1,EE,NotreDame,Rt_cocirc,AE,155.3,-1.413490041186805,9,9,0.0
2024-11-06,ILI incidence,2024-11-03,1,EE,QMUL,SEIR,AE,126.562552302792,-1.1182828105493803,9,8,0.20857207295963698
2024-11-06,ILI incidence,2024-11-03,1,EE,RIVM,KFdlm,AE,53.5617332760391,0.12229323590235121,9,3,0.7384010373335483
2024-11-06,ILI incidence,2024-11-03,1,EE,respicast,hubEnsemble,AE,79.587028402904,-0.4490374269438085,9,5,0.5495133597920273
2024-11-06,ILI incidence,2024-11-03,1,EE,respicast,quantileBaseline,AE,58.3,0.0,9,4,0.7040114101382212
2024-11-06,ILI incidence,2024-11-03,1,FR,ItaLuxColab,EpiEKF,AE,66.883547290991,0.16331435327170918,7,1,1.0
2024-11-06,ILI incidence,2024-11-03,1,FR,ItaLuxColab,EpiNetEKF,AE,90.564862734443,-0.2739857047521254,7,4,0.8500389602400117
2024-11-06,ILI incidence,2024-11-03,1,FR,NotreDame,Rt_cocirc,AE,224.8,-1.585604411762175,7,7,0.0
2024-11-06,ILI incidence,2024-11-03,1,FR,RIVM,KFdlm,AE,148.945086720679,-0.9917429101256415,7,6,0.4803483866187019
2024-11-06,ILI incidence,2024-11-03,1,FR,fjordhest,ensemble,AE,75.64,-0.014183644603648056,7,3,0.9445500924140918
2024-11-06,ILI incidence,2024-11-03,1,FR,respicast,hubEnsemble,AE,119.754974727561,-0.677047964237528,7,5,0.6651936734293568
2024-11-06,ILI incidence,2024-11-03,1,FR,respicast,quantileBaseline,AE,74.9,0.0,7,2,0.9492361145942099
2024-11-06,ILI incidence,2024-11-03,1,GB-ENG,ECDC,SARIMA,AE,0.373752405134365,-1.1270708500489477,8,5,0.29654984954501806
2024-11-06,ILI incidence,2024-11-03,1,GB-ENG,ECDC,soca_simplex,AE,0.166879896934083,0.03620184122512129,8,1,1.0
2024-11-06,ILI incidence,2024-11-03,1,GB-ENG,ISI,FluBcast,AE,0.460962580783791,-1.4296376296470275,8,8,0.0
2024-11-06,ILI incidence,2024-11-03,1,GB-ENG,ISI,SEIR_BRW,AE,0.326708337856002,-0.9329912607883869,8,4,0.45651869457366656
2024-11-06,ILI incidence,2024-11-03,1,GB-ENG,ItaLuxColab,EpiEKF,AE,0.242356301048755,-0.5021175786031649,8,3,0.7433497167305353
2024-11-06,ILI incidence,2024-11-03,1,GB-ENG,RIVM,KFdlm,AE,0.459913055133456,-1.4263491375910862,8,7,0.0035688114532828716
2024-11-06,ILI incidence,2024-11-03,1,GB-ENG,respicast,hubEnsemble,AE,0.373752405134365,-1.1270708500489477,8,5,0.29654984954501806
2024-11-06,ILI incidence,2024-11-03,1,GB-ENG,respicast,quantileBaseline,AE,0.171120430033558,0.0,8,2,0.9855804733418371
2024-11-06,ILI incidence,2024-11-03,1,GB-NIR,ECDC,SARIMA,AE,0.0677183172280649,2.0547480945290193,9,4,0.7978221823878218
2024-11-06,ILI incidence,2024-11-03,1,GB-NIR,ECDC,soca_simplex,AE,0.0005589976135356,8.975308283663626,9,1,1.0
2024-11-06,ILI incidence,2024-11-03,1,GB-NIR,ISI,FluBcast,AE,0.210607688817452,0.4178080160442055,9,6,0.3676650355654474
2024-11-06,ILI incidence,2024-11-03,1,GB-NIR,ISI,SEIR_BRW,AE,0.0779309713423251,1.8520974194355517,9,5,0.7670777952692474
2024-11-06,ILI incidence,2024-11-03,1,GB-NIR,ItaLuxColab,EpiEKF,AE,0.251288725296335,0.16302018043869917,9,7,0.2451979941971097
2024-11-06,ILI incidence,2024-11-03,1,GB-NIR,QMUL,ARIMA,AE,0.0310453626314984,3.179916434358275,9,2,0.9082232103952627
2024-11-06,ILI incidence,2024-11-03,1,GB-NIR,RIVM,KFdlm,AE,0.33273846422226,-0.2420225269646179,9,9,0.0
2024-11-06,ILI incidence,2024-11-03,1,GB-NIR,respicast,hubEnsemble,AE,0.0335796598072649,3.066706603312291,9,3,0.9005939092778891
2024-11-06,ILI incidence,2024-11-03,1,GB-NIR,respicast,quantileBaseline,AE,0.281350031115973,0.0,9,8,0.15470081167544786
2024-11-06,ILI incidence,2024-11-03,1,GB-SCT,ISI,FluBcast,AE,1.1168752212546,-0.3047443721199481,6,2,0.6813733554811777
2024-11-06,ILI incidence,2024-11-03,1,GB-SCT,ISI,SEIR_BRW,AE,1.38575204447402,-0.6159454931646975,6,4,0.2785347039490844
2024-11-06,ILI incidence,2024-11-03,1,GB-SCT,ItaLuxColab,EpiEKF,AE,1.24917229378795,-0.46624883339909795,6,3,0.4831622428131039
2024-11-06,ILI incidence,2024-11-03,1,GB-SCT,RIVM,KFdlm,AE,1.5716615297465,-0.7975669118423417,6,6,0.0
2024-11-06,ILI incidence,2024-11-03,1,GB-SCT,respicast,hubEnsemble,AE,1.38575204447402,-0.6159454931646975,6,4,0.2785347039490844
2024-11-06,ILI incidence,2024-11-03,1,GB-SCT,respicast,quantileBaseline,AE,0.904206154755009,0.0,6,1,1.0
2024-11-06,ILI incidence,2024-11-03,1,GB-WLS,respicast,quantileBaseline,AE,0.637786104714683,0.0,1,1,0.0
2024-11-06,ILI incidence,2024-11-03,1,GR,ISI,FluBcast,AE,101.437624755808,-0.07798453300021407,12,6,0.8156546287264916
2024-11-06,ILI incidence,2024-11-03,1,GR,ISI,RC_AdaptEns2,AE,182.212896328295,-0.9230167350505262,12,10,0.5984014198782561
2024-11-06,ILI incidence,2024-11-03,1,GR,ItaLuxColab,EpiEKF,AE,133.93412542535,-0.47891525942239677,12,9,0.7282520250662702
2024-11-06,ILI incidence,2024-11-03,1,GR,ItaLuxColab,EpiNetEKF,AE,118.487813214149,-0.30213034563086866,12,8,0.7697964337377244
2024-11-06,ILI incidence,2024-11-03,1,GR,NotreDame,Rt_cocirc,AE,404.7,-2.0742445128956732,12,12,0.0
2024-11-06,ILI incidence,2024-11-03,1,GR,QMUL,ARIMA,AE,79.5950805183519,0.2718571651936997,12,4,0.8744023460986138
2024-11-06,ILI incidence,2024-11-03,1,GR,QMUL,SEIR,AE,340.118118590119,-1.8234275264582105,12,11,0.1736994589632781
2024-11-06,ILI incidence,2024-11-03,1,GR,QMUL,SEIR_agumented,AE,73.3800911914407,0.3891477335349803,12,3,0.8911181843489043
2024-11-06,ILI incidence,2024-11-03,1,GR,RIVM,KFdlm,AE,32.8975672501418,1.5465555292854196,12,1,1.0
2024-11-06,ILI incidence,2024-11-03,1,GR,fjordhest,ensemble,AE,55.7800000000001,0.7847884966327979,12,2,0.9384553979902193
2024-11-06,ILI incidence,2024-11-03,1,GR,respicast,hubEnsemble,AE,101.437624755808,-0.07798453300021407,12,6,0.8156546287264916
2024-11-06,ILI incidence,2024-11-03,1,GR,respicast,quantileBaseline,AE,96.1,0.0,12,5,0.8300107068089584
2024-11-06,ILI incidence,2024-11-03,1,HR,ItaLuxColab,EpiEKF,AE,2.37174542663122,-4.567877260147884,6,6,0.0
2024-11-06,ILI incidence,2024-11-03,1,HR,ItaLuxColab,EpiNetEKF,AE,0.48224641756085,-2.269770521039764,6,5,0.8159251687205508
2024-11-06,ILI incidence,2024-11-03,1,HR,NotreDame,Rt_cocirc,AE,0.4,-2.0,6,3,0.8514408910378723
2024-11-06,ILI incidence,2024-11-03,1,HR,RIVM,KFdlm,AE,0.0559705473818323,0.8372602377881845,6,1,1.0
2024-11-06,ILI incidence,2024-11-03,1,HR,respicast,hubEnsemble,AE,0.4,-2.0,6,3,0.8514408910378723
2024-11-06,ILI incidence,2024-11-03,1,HR,respicast,quantileBaseline,AE,0.1,0.0,6,2,0.9809871620023621
2024-11-06,ILI incidence,2024-11-03,1,HU,ISI,FluBcast,AE,92.0382755417538,-0.43457915478720954,11,8,0.6784764966723424
2024-11-06,ILI incidence,2024-11-03,1,HU,ISI,RC_AdaptEns2,AE,91.3049775347408,-0.4230387133296894,11,6,0.6858315233817217
2024-11-06,ILI incidence,2024-11-03,1,HU,ItaLuxColab,EpiEKF,AE,70.193548322312,-0.043683636407227444,11,3,0.8975805316233738
2024-11-06,ILI incidence,2024-11-03,1,HU,ItaLuxColab,EpiNetEKF,AE,81.876750310367,-0.26579904466921045,11,5,0.7803972557227021
2024-11-06,ILI incidence,2024-11-03,1,HU,NotreDame,Rt_cocirc,AE,154.7,-1.1837464934369646,11,10,0.049975324381563144
2024-11-06,ILI incidence,2024-11-03,1,HU,QMUL,ARIMA,AE,70.6406914484075,-0.052844666270923525,11,4,0.893095656983193
2024-11-06,ILI incidence,2024-11-03,1,HU,QMUL,SEIR,AE,159.682552370897,-1.2294799827046514,11,11,0.0
2024-11-06,ILI incidence,2024-11-03,1,HU,QMUL,SEIR_agumented,AE,59.9823016460576,0.18311791574987124,11,1,1.0
2024-11-06,ILI incidence,2024-11-03,1,HU,RIVM,KFdlm,AE,132.616296227416,-0.9615313650258934,11,9,0.2714763097053847
2024-11-06,ILI incidence,2024-11-03,1,HU,respicast,hubEnsemble,AE,91.671626538247,-0.42882047335037554,11,7,0.6821540100270351
2024-11-06,ILI incidence,2024-11-03,1,HU,respicast,quantileBaseline,AE,68.1,0.0,11,2,0.9185789574757816
2024-11-06,ILI incidence,2024-11-03,1,IE,ISI,FluBcast,AE,5.7427877547516,-0.9856983425170425,11,10,0.510105191162961
2024-11-06,ILI incidence,2024-11-03,1,IE,ISI,RC_AdaptEns2,AE,4.5087328338905,-0.6366691250067492,11,6,0.702468515296327
2024-11-06,ILI incidence,2024-11-03,1,IE,ISI,SEIR_BRW,AE,5.48336049686247,-0.9190074247421443,11,9,0.550544468908829
2024-11-06,ILI incidence,2024-11-03,1,IE,ItaLuxColab,EpiEKF,AE,4.42969795885369,-0.6111554310187263,11,5,0.7147883975216152
2024-11-06,ILI incidence,2024-11-03,1,IE,ItaLuxColab,EpiNetEKF,AE,5.14284296837859,-0.8265132028570907,11,8,0.6036240220126167
2024-11-06,ILI incidence,2024-11-03,1,IE,NotreDame,Rt_cocirc,AE,2.6,0.15754127698648002,11,1,1.0
2024-11-06,ILI incidence,2024-11-03,1,IE,QMUL,SEIR,AE,9.01522975557194,-1.6363113593597758,11,11,0.0
2024-11-06,ILI incidence,2024-11-03,1,IE,RIVM,KFdlm,AE,2.74484823725396,0.07932651545920576,11,2,0.9774211925725416
2024-11-06,ILI incidence,2024-11-03,1,IE,fjordhest,ensemble,AE,3.14,-0.11471165887669268,11,4,0.9158253062517387
2024-11-06,ILI incidence,2024-11-03,1,IE,respicast,hubEnsemble,AE,4.5087328338905,-0.6366691250067492,11,6,0.702468515296327
2024-11-06,ILI incidence,2024-11-03,1,IE,respicast,quantileBaseline,AE,2.9,0.0,11,3,0.9532362812509659
2024-11-06,ILI incidence,2024-11-03,1,IS,respicast,quantileBaseline,AE,1.3,0.0,1,1,0.0
2024-11-06,ILI incidence,2024-11-03,1,IT,respicast,quantileBaseline,AE,142.65,0.0,1,1,0.0
2024-11-06,ILI incidence,2024-11-03,1,LT,ItaLuxColab,EpiEKF,AE,0.66718080907978,1.7213538272222564,7,1,1.0
2024-11-06,ILI incidence,2024-11-03,1,LT,ItaLuxColab,EpiNetEKF,AE,0.6723187003634,1.7102863403361217,7,2,0.9998593623104539
2024-11-06,ILI incidence,2024-11-03,1,LT,NotreDame,Rt_cocirc,AE,37.2,-4.079727192470734,7,7,0.0
2024-11-06,ILI incidence,2024-11-03,1,LT,RIVM,KFdlm,AE,0.784046102172449,1.488493130852831,7,4,0.9968010874692718
2024-11-06,ILI incidence,2024-11-03,1,LT,fjordhest,ensemble,AE,1.66,0.40632028217773514,7,5,0.9728239097636634
2024-11-06,ILI incidence,2024-11-03,1,LT,respicast,hubEnsemble,AE,0.728182401267929,1.5951317445265127,7,3,0.9983302248898626
2024-11-06,ILI incidence,2024-11-03,1,LT,respicast,quantileBaseline,AE,2.2,0.0,7,6,0.9580426798460386
2024-11-06,ILI incidence,2024-11-03,1,LU,ItaLuxColab,EpiEKF,AE,566.40934547373,-0.9168825686499233,8,4,0.8369265594803157
2024-11-06,ILI incidence,2024-11-03,1,LU,ItaLuxColab,EpiNetEKF,AE,1428.96924508768,-2.251940460609062,8,7,0.4809763520680075
2024-11-06,ILI incidence,2024-11-03,1,LU,NotreDame,Rt_cocirc,AE,2594.5,-3.1124221300428676,8,8,0.0
2024-11-06,ILI incidence,2024-11-03,1,LU,QMUL,ARIMA,AE,574.246748920539,-0.9367082831336877,8,5,0.8336923198829101
2024-11-06,ILI incidence,2024-11-03,1,LU,RIVM,KFdlm,AE,198.671024781035,0.5945810229644827,8,2,0.9886801148943839
2024-11-06,ILI incidence,2024-11-03,1,LU,fjordhest,ensemble,AE,171.24,0.8089427600736859,8,1,1.0
2024-11-06,ILI incidence,2024-11-03,1,LU,respicast,hubEnsemble,AE,1001.60799700411,-1.7392835803114692,8,6,0.6573343359754585
2024-11-06,ILI incidence,2024-11-03,1,LU,respicast,quantileBaseline,AE,300.0,0.0,8,3,0.9468649670278879
2024-11-06,ILI incidence,2024-11-03,1,LV,ItaLuxColab,EpiEKF,AE,328.595305050647,-4.670868896536749,6,5,0.37950341466932963
2024-11-06,ILI incidence,2024-11-03,1,LV,ItaLuxColab,EpiNetEKF,AE,522.657052644466,-5.340421645428853,6,6,0.0
2024-11-06,ILI incidence,2024-11-03,1,LV,NotreDame,Rt_cocirc,AE,11.3,0.19104829300806642,6,1,1.0
2024-11-06,ILI incidence,2024-11-03,1,LV,RIVM,KFdlm,AE,16.5697637716105,-0.3611819691404429,6,4,0.9896945514990786
2024-11-06,ILI incidence,2024-11-03,1,LV,respicast,hubEnsemble,AE,11.3,0.19104829300806642,6,1,1.0
2024-11-06,ILI incidence,2024-11-03,1,LV,respicast,quantileBaseline,AE,12.9,0.0,6,3,0.9968710708266844
2024-11-06,ILI incidence,2024-11-03,1,MT,ItaLuxColab,EpiEKF,AE,1162.23022752301,-3.5388239770598817,6,6,0.0
2024-11-06,ILI incidence,2024-11-03,1,MT,ItaLuxColab,EpiNetEKF,AE,29.6374189650096,1.7545082818089655,6,1,1.0
2024-11-06,ILI incidence,2024-11-03,1,MT,NotreDame,Rt_cocirc,AE,195.0,-0.9634741239748861,6,3,0.8539964409225523
2024-11-06,ILI incidence,2024-11-03,1,MT,RIVM,KFdlm,AE,676.752804073548,-2.758628960149321,6,5,0.42864250927706693
2024-11-06,ILI incidence,2024-11-03,1,MT,respicast,hubEnsemble,AE,195.0,-0.9634741239748861,6,3,0.8539964409225523
2024-11-06,ILI incidence,2024-11-03,1,MT,respicast,quantileBaseline,AE,100.0,0.0,6,2,0.9378747767923982
2024-11-06,ILI incidence,2024-11-03,1,NL,ISI,FluBcast,AE,7.66937708353805,-0.21664338050803628,11,3,0.9293623919525249
2024-11-06,ILI incidence,2024-11-03,1,NL,ISI,RC_AdaptEns2,AE,10.0645595437565,-0.6087461072614633,11,8,0.7711488277836255
2024-11-06,ILI incidence,2024-11-03,1,NL,ISI,SEIR_BRW,AE,20.3286219460919,-1.6229744902755685,11,10,0.09315709959713388
2024-11-06,ILI incidence,2024-11-03,1,NL,ItaLuxColab,EpiEKF,AE,7.7197612210947,-0.22609019990437573,11,4,0.9260342722318726
2024-11-06,ILI incidence,2024-11-03,1,NL,ItaLuxColab,EpiNetEKF,AE,9.1660438240873,-0.4738331589764909,11,5,0.8305002036523694
2024-11-06,ILI incidence,2024-11-03,1,NL,NotreDame,Rt_cocirc,AE,17.8,-1.4313393116079445,11,9,0.2601849971254127
2024-11-06,ILI incidence,2024-11-03,1,NL,QMUL,SEIR,AE,21.7389198062784,-1.7197423259221356,11,11,0.0
2024-11-06,ILI incidence,2024-11-03,1,NL,RIVM,KFdlm,AE,7.2093773663671,-0.12740864286703757,11,2,0.9597476323169121
2024-11-06,ILI incidence,2024-11-03,1,NL,fjordhest,ensemble,AE,9.5,-0.5254614889724946,11,6,0.8084407581842586
2024-11-06,ILI incidence,2024-11-03,1,NL,respicast,hubEnsemble,AE,9.5,-0.5254614889724946,11,6,0.8084407581842586
2024-11-06,ILI incidence,2024-11-03,1,NL,respicast,quantileBaseline,AE,6.6,0.0,11,1,1.0
2024-11-06,ILI incidence,2024-11-03,1,NO,ISI,FluBcast,AE,4.03620775581326,0.12450308751988345,11,8,0.6090219773295914
2024-11-06,ILI incidence,2024-11-03,1,NO,ISI,RC_AdaptEns2,AE,1.0127160139205,2.1192738538044082,11,2,0.9588406695701156
2024-11-06,ILI incidence,2024-11-03,1,NO,ISI,SEIR_BRW,AE,5.05333469628731,-0.19973221304005373,11,10,0.49134015560366395
2024-11-06,ILI incidence,2024-11-03,1,NO,ItaLuxColab,EpiEKF,AE,3.9572923526995,0.15298987258902524,11,7,0.6181525076804391
2024-11-06,ILI incidence,2024-11-03,1,NO,ItaLuxColab,EpiNetEKF,AE,2.3537142665923,0.9025643313220758,11,5,0.8036868622860883
2024-11-06,ILI incidence,2024-11-03,1,NO,NotreDame,Rt_cocirc,AE,9.3,-1.0797271924707341,11,11,0.0
2024-11-06,ILI incidence,2024-11-03,1,NO,QMUL,ARIMA,AE,1.56334188371152,1.4928702111838674,11,3,0.8951331293723994
2024-11-06,ILI incidence,2024-11-03,1,NO,RIVM,KFdlm,AE,0.656974887397087,2.743593393477992,11,1,1.0
2024-11-06,ILI incidence,2024-11-03,1,NO,fjordhest,ensemble,AE,3.17,0.4730206833852526,11,6,0.7092424145640257
2024-11-06,ILI incidence,2024-11-03,1,NO,respicast,hubEnsemble,AE,1.9585280751519,1.167733714536022,11,4,0.849409995829245
2024-11-06,ILI incidence,2024-11-03,1,NO,respicast,quantileBaseline,AE,4.4,0.0,11,9,0.5669311307281771
2024-11-06,ILI incidence,2024-11-03,1,PL,ISI,FluBcast,AE,48.8341283856399,0.792767916299084,12,2,0.8404394548966202
2024-11-06,ILI incidence,2024-11-03,1,PL,ISI,RC_AdaptEns2,AE,8.07600395644283,3.3889441407852106,12,1,1.0
2024-11-06,ILI incidence,2024-11-03,1,PL,ItaLuxColab,EpiEKF,AE,90.004801834604,-0.08934430918787384,12,7,0.6792638564168211
2024-11-06,ILI incidence,2024-11-03,1,PL,ItaLuxColab,EpiNetEKF,AE,74.23770943831,0.18850546571609436,12,3,0.7409891171514841
2024-11-06,ILI incidence,2024-11-03,1,PL,NotreDame,Rt_cocirc,AE,256.1,-1.5979776844775189,12,11,0.029031768226334884
2024-11-06,ILI incidence,2024-11-03,1,PL,QMUL,ARIMA,AE,75.0536211156613,0.17273598404316898,12,5,0.7377949733134734
2024-11-06,ILI incidence,2024-11-03,1,PL,QMUL,SEIR,AE,187.022069042167,-1.1444789530940085,12,10,0.2994591363303928
2024-11-06,ILI incidence,2024-11-03,1,PL,QMUL,SEIR_agumented,AE,154.714900146466,-0.8708825768245945,12,9,0.42593574809646967
2024-11-06,ILI incidence,2024-11-03,1,PL,RIVM,KFdlm,AE,263.515871016246,-1.639160286561734,12,12,0.0
2024-11-06,ILI incidence,2024-11-03,1,PL,fjordhest,ensemble,AE,96.99,-0.19717834483992958,12,8,0.6519180930252333
2024-11-06,ILI incidence,2024-11-03,1,PL,respicast,hubEnsemble,AE,75.053621115661,0.17273598404317467,12,4,0.7377949733134747
2024-11-06,ILI incidence,2024-11-03,1,PL,respicast,quantileBaseline,AE,84.6,0.0,12,6,0.7004226594526003
2024-11-06,ILI incidence,2024-11-03,1,RO,ISI,FluBcast,AE,0.747190714862301,0.09852347282360271,9,7,0.1031963527289046
2024-11-06,ILI incidence,2024-11-03,1,RO,ISI,RC_AdaptEns2,AE,0.708301644916124,0.17563610728227397,9,4,0.14987233393825292
2024-11-06,ILI incidence,2024-11-03,1,RO,ItaLuxColab,EpiEKF,AE,0.253835465825327,1.6561063437615728,9,2,0.6953380615806202
2024-11-06,ILI incidence,2024-11-03,1,RO,ItaLuxColab,EpiNetEKF,AE,0.733725626976248,0.12475932467273054,9,5,0.11935760806418216
2024-11-06,ILI incidence,2024-11-03,1,RO,NotreDame,Rt_cocirc,AE,0.0,10.0,9,1,1.0
2024-11-06,ILI incidence,2024-11-03,1,RO,QMUL,SEIR,AE,0.647240721112166,0.3056976223024516,9,3,0.22315972641237322
2024-11-06,ILI incidence,2024-11-03,1,RO,RIVM,KFdlm,AE,0.833170914431431,-0.05861247651495375,9,9,0.0
2024-11-06,ILI incidence,2024-11-03,1,RO,respicast,hubEnsemble,AE,0.733725626976248,0.12475932467273054,9,5,0.11935760806418216
2024-11-06,ILI incidence,2024-11-03,1,RO,respicast,quantileBaseline,AE,0.8,0.0,9,8,0.03981285695032609
2024-11-06,ILI incidence,2024-11-03,1,SI,ISI,FluBcast,AE,4.31745571916185,-3.1101813812114765,9,6,0.8138964248709094
2024-11-06,ILI incidence,2024-11-03,1,SI,ItaLuxColab,EpiEKF,AE,0.69872909702717,-0.482805124476243,9,3,0.9893923813274894
2024-11-06,ILI incidence,2024-11-03,1,SI,ItaLuxColab,EpiNetEKF,AE,2.00354987757075,-2.0025584255302684,9,4,0.9261130030276068
2024-11-06,ILI incidence,2024-11-03,1,SI,NotreDame,Rt_cocirc,AE,21.1,-5.399171093819823,9,9,0.0
2024-11-06,ILI incidence,2024-11-03,1,SI,QMUL,SEIR,AE,3.54560209944355,-2.8260306407573825,9,5,0.8513287051676262
2024-11-06,ILI incidence,2024-11-03,1,SI,RIVM,KFdlm,AE,6.34463596571611,-3.665537389358321,9,8,0.7155850647082391
2024-11-06,ILI incidence,2024-11-03,1,SI,fjordhest,ensemble,AE,0.48,0.058893689053568614,9,1,1.0
2024-11-06,ILI incidence,2024-11-03,1,SI,respicast,hubEnsemble,AE,4.31745571916185,-3.1101813812114765,9,6,0.8138964248709094
2024-11-06,ILI incidence,2024-11-03,1,SI,respicast,quantileBaseline,AE,0.5,0.0,9,2,0.9990300678952474
2024-11-06,ILI incidence,2024-11-10,2,AT,ItaLuxColab,EpiEKF,AE,39.60379401108,4.926472263089254,5,1,1.0
2024-11-06,ILI incidence,2024-11-10,2,AT,ItaLuxColab,EpiNetEKF,AE,224.36087064133,2.424361727553505,5,2,0.94015957776017
2024-11-06,ILI incidence,2024-11-10,2,AT,NotreDame,Rt_cocirc,AE,3127.1,-1.3765706359939298,5,5,0.0
2024-11-06,ILI incidence,2024-11-10,2,AT,respicast,hubEnsemble,AE,1675.73043532067,-0.4765353707799788,5,4,0.4700797888800834
2024-11-06,ILI incidence,2024-11-10,2,AT,respicast,quantileBaseline,AE,1204.35,0.0,5,3,0.6227538016954896
2024-11-06,ILI incidence,2024-11-10,2,BE,ISI,FluBcast,AE,89.9476184322249,0.2718671146796675,13,1,1.0
2024-11-06,ILI incidence,2024-11-10,2,BE,ISI,RC_AdaptEns2,AE,160.388612102908,-0.5625476081898267,13,11,0.5283905062193698
2024-11-06,ILI incidence,2024-11-10,2,BE,ISI,SEIR_BRW,AE,93.23447864806,0.22008862752811567,13,2,0.9779941423063312
2024-11-06,ILI incidence,2024-11-10,2,BE,ItaLuxColab,EpiEKF,AE,112.989130620011,-0.057159891136797925,13,8,0.8457347727145338
2024-11-06,ILI incidence,2024-11-10,2,BE,ItaLuxColab,EpiNetEKF,AE,129.565172851211,-0.2546538704261814,13,9,0.7347565130651939
2024-11-06,ILI incidence,2024-11-10,2,BE,NotreDame,Rt_cocirc,AE,167.2,-0.6225507442765211,13,12,0.48278758339421957
2024-11-06,ILI incidence,2024-11-10,2,BE,QMUL,ARIMA,AE,108.484871373825,0.0015302357328531868,13,4,0.8758912386054258
2024-11-06,ILI incidence,2024-11-10,2,BE,QMUL,SEIR,AE,239.310586310579,-1.1398601152132812,13,13,0.0
2024-11-06,ILI incidence,2024-11-10,2,BE,QMUL,SEIR_agumented,AE,130.39443779245,-0.26385822700648975,13,10,0.7292045013917624
2024-11-06,ILI incidence,2024-11-10,2,BE,RIVM,KFdlm,AE,109.626112184825,-0.013567376110559932,13,7,0.8682505172993958
2024-11-06,ILI incidence,2024-11-10,2,BE,fjordhest,ensemble,AE,105.17,0.04630087212065402,13,3,0.8980846338017824
2024-11-06,ILI incidence,2024-11-10,2,BE,respicast,hubEnsemble,AE,109.055491779325,-0.006038319411387252,13,6,0.872070877952411
2024-11-06,ILI incidence,2024-11-10,2,BE,respicast,quantileBaseline,AE,108.6,0.0,13,5,0.8751204409451333
2024-11-06,ILI incidence,2024-11-10,2,CH,ECDC,SARIMA,AE,2.3526652633186,-0.025056976831988122,9,5,0.9396484080836811
2024-11-06,ILI incidence,2024-11-10,2,CH,ECDC,soca_simplex,AE,0.737981809745897,1.6475819306535875,9,1,1.0
2024-11-06,ILI incidence,2024-11-10,2,CH,ISI,FluBcast,AE,27.4925942781553,-3.5717320528968703,9,9,0.0
2024-11-06,ILI incidence,2024-11-10,2,CH,ISI,SEIR_BRW,AE,20.5376790321499,-3.150962154448168,9,8,0.25995200843284266
2024-11-06,ILI incidence,2024-11-10,2,CH,ItaLuxColab,EpiEKF,AE,8.072924721538,-1.8038523469024836,9,6,0.7258437990663158
2024-11-06,ILI incidence,2024-11-10,2,CH,ItaLuxColab,EpiNetEKF,AE,16.2956533525614,-2.817176199056072,9,7,0.4185050685676993
2024-11-06,ILI incidence,2024-11-10,2,CH,RIVM,KFdlm,AE,1.75939539339891,0.3941593522369728,9,3,0.9618228974589316
2024-11-06,ILI incidence,2024-11-10,2,CH,respicast,hubEnsemble,AE,0.807341726786404,1.5179877287737567,9,2,0.9974075529173744
2024-11-06,ILI incidence,2024-11-10,2,CH,respicast,quantileBaseline,AE,2.31215656570492,0.0,9,4,0.9411624908483449
2024-11-06,ILI incidence,2024-11-10,2,CZ,ItaLuxColab,EpiEKF,AE,10.2642840652095,-2.59402635136373,7,3,0.7245839694618507
2024-11-06,ILI incidence,2024-11-10,2,CZ,ItaLuxColab,EpiNetEKF,AE,12.7639813725515,-2.908471756821219,7,4,0.6521475076293247
2024-11-06,ILI incidence,2024-11-10,2,CZ,NotreDame,Rt_cocirc,AE,28.5,-4.067355267801765,7,6,0.19614769142952213
2024-11-06,ILI incidence,2024-11-10,2,CZ,RIVM,KFdlm,AE,35.2688266889861,-4.374786930011901,7,7,0.0
2024-11-06,ILI incidence,2024-11-10,2,CZ,fjordhest,ensemble,AE,0.760000000000002,1.1614634226941123,7,1,1.0
2024-11-06,ILI incidence,2024-11-10,2,CZ,respicast,hubEnsemble,AE,20.6319906862757,-3.6012763755007295,7,5,0.4241475995294248
2024-11-06,ILI incidence,2024-11-10,2,CZ,respicast,quantileBaseline,AE,1.7,0.0,7,2,0.9727605922834807
2024-11-06,ILI incidence,2024-11-10,2,DK,ItaLuxColab,EpiEKF,AE,11.202958316246,-1.284173982484385,7,3,0.9232214149273726
2024-11-06,ILI incidence,2024-11-10,2,DK,ItaLuxColab,EpiNetEKF,AE,37.296873496928,-3.0193489317711917,7,6,0.6198037965473492
2024-11-06,ILI incidence,2024-11-10,2,DK,NotreDame,Rt_cocirc,AE,90.6,-4.2998052839892065,7,7,0.0
2024-11-06,ILI incidence,2024-11-10,2,DK,RIVM,KFdlm,AE,27.0536000843864,-2.5561148232706628,7,5,0.73891162692574
2024-11-06,ILI incidence,2024-11-10,2,DK,fjordhest,ensemble,AE,9.74000000000001,-1.0822879111379529,7,2,0.9402325581395353
2024-11-06,ILI incidence,2024-11-10,2,DK,respicast,hubEnsemble,AE,18.396800042193,-1.9997490780032043,7,4,0.83957209253264
2024-11-06,ILI incidence,2024-11-10,2,DK,respicast,quantileBaseline,AE,4.60000000000005,0.0,7,1,1.0
2024-11-06,ILI incidence,2024-11-10,2,EE,ISI,FluBcast,AE,93.9918870825186,-0.6154728919346563,9,5,0.5907727063448667
2024-11-06,ILI incidence,2024-11-10,2,EE,ISI,RC_AdaptEns2,AE,94.2803258948465,-0.6198934016119289,9,7,0.5893772071130589
2024-11-06,ILI incidence,2024-11-10,2,EE,ItaLuxColab,EpiEKF,AE,9.99153835496401,2.6182846179935995,9,2,0.9971757877291955
2024-11-06,ILI incidence,2024-11-10,2,EE,ItaLuxColab,EpiNetEKF,AE,9.40779569528701,2.7051347085966655,9,1,1.0
2024-11-06,ILI incidence,2024-11-10,2,EE,NotreDame,Rt_cocirc,AE,216.1,-1.8165638231966,9,9,0.0
2024-11-06,ILI incidence,2024-11-10,2,EE,QMUL,SEIR,AE,123.398663701024,-1.0081915224529259,9,8,0.4484994323361726
2024-11-06,ILI incidence,2024-11-10,2,EE,RIVM,KFdlm,AE,59.334642209996,0.048188683434075216,9,3,0.7584483329564522
2024-11-06,ILI incidence,2024-11-10,2,EE,respicast,hubEnsemble,AE,93.991887082519,-0.6154728919346624,9,6,0.5907727063448648
2024-11-06,ILI incidence,2024-11-10,2,EE,respicast,quantileBaseline,AE,61.3500000000001,0.0,9,4,0.7486978065794002
2024-11-06,ILI incidence,2024-11-10,2,FR,ItaLuxColab,EpiEKF,AE,48.204656634275,0.2506209667842773,7,1,1.0
2024-11-06,ILI incidence,2024-11-10,2,FR,ItaLuxColab,EpiNetEKF,AE,77.351878465442,-0.4316428412427906,7,4,0.8935048675920692
2024-11-06,ILI incidence,2024-11-10,2,FR,NotreDame,Rt_cocirc,AE,321.9,-2.488747185461853,7,7,0.0
2024-11-06,ILI incidence,2024-11-10,2,FR,RIVM,KFdlm,AE,157.768645944141,-1.4599451293625803,7,6,0.5996863228927454
2024-11-06,ILI incidence,2024-11-10,2,FR,fjordhest,ensemble,AE,53.66,0.09594643164266645,7,2,0.980067825419904
2024-11-06,ILI incidence,2024-11-10,2,FR,respicast,hubEnsemble,AE,117.560262204792,-1.0355350905189111,7,5,0.7465955952424055
2024-11-06,ILI incidence,2024-11-10,2,FR,respicast,quantileBaseline,AE,57.35,0.0,7,3,0.9665856815345792
2024-11-06,ILI incidence,2024-11-10,2,GB-ENG,ECDC,SARIMA,AE,0.140728876825441,-3.0507216142488423,8,3,0.8109716723212913
2024-11-06,ILI incidence,2024-11-10,2,GB-ENG,ECDC,soca_simplex,AE,0.314620528784986,-4.21141603060109,8,5,0.5453421911663241
2024-11-06,ILI incidence,2024-11-10,2,GB-ENG,ISI,FluBcast,AE,0.671623275968106,-5.305455451455431,8,8,0.0
2024-11-06,ILI incidence,2024-11-10,2,GB-ENG,ISI,SEIR_BRW,AE,0.244235161263224,-3.8460741344257054,8,4,0.6528598807449875
2024-11-06,ILI incidence,2024-11-10,2,GB-ENG,ItaLuxColab,EpiEKF,AE,0.0502668910959891,-1.5654835910414437,8,2,0.9491575487724084
2024-11-06,ILI incidence,2024-11-10,2,GB-ENG,RIVM,KFdlm,AE,0.464518189822789,-4.773538313310863,8,7,0.3163649085933917
2024-11-06,ILI incidence,2024-11-10,2,GB-ENG,respicast,hubEnsemble,AE,0.314620528784991,-4.2114160306011135,8,6,0.5453421911663164
2024-11-06,ILI incidence,2024-11-10,2,GB-ENG,respicast,quantileBaseline,AE,0.0169833948696021,0.0,8,1,1.0
2024-11-06,ILI incidence,2024-11-10,2,GB-NIR,ECDC,SARIMA,AE,0.371099089360371,0.9268559314621984,9,5,0.7120409238774931
2024-11-06,ILI incidence,2024-11-10,2,GB-NIR,ECDC,soca_simplex,AE,0.35024072275232,1.0103135555124931,9,3,0.756453780946032
2024-11-06,ILI incidence,2024-11-10,2,GB-NIR,ISI,FluBcast,AE,0.447895444341065,0.6554984000256959,9,6,0.5485216224272133
2024-11-06,ILI incidence,2024-11-10,2,GB-NIR,ISI,SEIR_BRW,AE,0.235859963253042,1.580729847450198,9,1,1.0
2024-11-06,ILI incidence,2024-11-10,2,GB-NIR,ItaLuxColab,EpiEKF,AE,0.678389465224811,0.0565466259491246,9,8,0.05774023973201396
2024-11-06,ILI incidence,2024-11-10,2,GB-NIR,QMUL,ARIMA,AE,0.554243875647666,0.3481394687632144,9,7,0.32207830748133887
2024-11-06,ILI incidence,2024-11-10,2,GB-NIR,RIVM,KFdlm,AE,0.358954596230029,0.9748590215862611,9,4,0.7378996906593341
2024-11-06,ILI incidence,2024-11-10,2,GB-NIR,respicast,hubEnsemble,AE,0.293050343002681,1.267511866324881,9,2,0.878226890473016
2024-11-06,ILI incidence,2024-11-10,2,GB-NIR,respicast,quantileBaseline,AE,0.705506997576051,0.0,9,9,0.0
2024-11-06,ILI incidence,2024-11-10,2,GB-SCT,ISI,FluBcast,AE,6.02494403297825,-1.5054175739618405,6,6,0.0
2024-11-06,ILI incidence,2024-11-10,2,GB-SCT,ISI,SEIR_BRW,AE,1.69782729946825,0.321840548427756,6,3,0.9433454634061484
2024-11-06,ILI incidence,2024-11-10,2,GB-SCT,ItaLuxColab,EpiEKF,AE,1.58850194228149,0.4178634118794723,6,2,0.9671792506804129
2024-11-06,ILI incidence,2024-11-10,2,GB-SCT,RIVM,KFdlm,AE,1.43795347504836,0.5615132677660578,6,1,1.0
2024-11-06,ILI incidence,2024-11-10,2,GB-SCT,respicast,hubEnsemble,AE,1.69782729946825,0.321840548427756,6,3,0.9433454634061484
2024-11-06,ILI incidence,2024-11-10,2,GB-SCT,respicast,quantileBaseline,AE,2.12215534256311,0.0,6,5,0.8508386143651601
2024-11-06,ILI incidence,2024-11-10,2,GB-WLS,respicast,quantileBaseline,AE,0.144143464982293,0.0,1,1,0.0
2024-11-06,ILI incidence,2024-11-10,2,GR,ISI,FluBcast,AE,19.3858409798174,-0.7533694610277988,12,4,0.9855385117413197
2024-11-06,ILI incidence,2024-11-10,2,GR,ISI,RC_AdaptEns2,AE,176.209292823247,-3.937584243994738,12,10,0.7046888392359066
2024-11-06,ILI incidence,2024-11-10,2,GR,ItaLuxColab,EpiEKF,AE,43.2170218585601,-1.9099657964529815,12,7,0.9428600777026765
2024-11-06,ILI incidence,2024-11-10,2,GR,ItaLuxColab,EpiNetEKF,AE,31.2107895771931,-1.4404109941551662,12,5,0.9643616220483039
2024-11-06,ILI incidence,2024-11-10,2,GR,NotreDame,Rt_cocirc,AE,569.7,-5.630496639926304,12,12,0.0
2024-11-06,ILI incidence,2024-11-10,2,GR,QMUL,ARIMA,AE,11.3107006839862,0.023945555891379568,12,1,1.0
2024-11-06,ILI incidence,2024-11-10,2,GR,QMUL,SEIR,AE,329.575795999662,-4.840904528807288,12,11,0.43003009601808756
2024-11-06,ILI incidence,2024-11-10,2,GR,QMUL,SEIR_agumented,AE,44.249455647062,-1.9440258462268076,12,8,0.9410111278933473
2024-11-06,ILI incidence,2024-11-10,2,GR,RIVM,KFdlm,AE,44.5990549508836,-1.9553792787490742,12,9,0.9403850426437734
2024-11-06,ILI incidence,2024-11-10,2,GR,fjordhest,ensemble,AE,35.37,-1.6208923578692063,12,6,0.9569130365759432
2024-11-06,ILI incidence,2024-11-10,2,GR,respicast,hubEnsemble,AE,19.3858409798171,-0.7533694610277767,12,3,0.9855385117413203
2024-11-06,ILI incidence,2024-11-10,2,GR,respicast,quantileBaseline,AE,11.4999999999998,0.0,12,2,0.99966099043043
2024-11-06,ILI incidence,2024-11-10,2,HR,ItaLuxColab,EpiEKF,AE,3.66660890108049,-5.196374484044999,6,6,0.0
2024-11-06,ILI incidence,2024-11-10,2,HR,ItaLuxColab,EpiNetEKF,AE,1.0961257491001,-3.4543414107008297,6,3,0.7207078833907672
2024-11-06,ILI incidence,2024-11-10,2,HR,NotreDame,Rt_cocirc,AE,1.6,-4.0,6,5,0.5794324408416126
2024-11-06,ILI incidence,2024-11-10,2,HR,RIVM,KFdlm,AE,0.350142212373317,-1.8079410003855012,6,2,0.9298655335331167
2024-11-06,ILI incidence,2024-11-10,2,HR,respicast,hubEnsemble,AE,1.0961257491001,-3.4543414107008297,6,3,0.7207078833907672
2024-11-06,ILI incidence,2024-11-10,2,HR,respicast,quantileBaseline,AE,0.1,0.0,6,1,1.0
2024-11-06,ILI incidence,2024-11-10,2,HU,ISI,FluBcast,AE,60.2189621492685,-1.561648691784017,11,8,0.7273770586395487
2024-11-06,ILI incidence,2024-11-10,2,HU,ISI,RC_AdaptEns2,AE,59.4729191079936,-1.5436637370245074,11,6,0.7323201217003925
2024-11-06,ILI incidence,2024-11-10,2,HU,ItaLuxColab,EpiEKF,AE,19.072724322567,0.09705822118691657,11,1,1.0
2024-11-06,ILI incidence,2024-11-10,2,HU,ItaLuxColab,EpiNetEKF,AE,38.283075907579,-0.9081375976463215,11,5,0.872717827186724
2024-11-06,ILI incidence,2024-11-10,2,HU,NotreDame,Rt_cocirc,AE,170.0,-3.0588936890535687,11,11,0.0
2024-11-06,ILI incidence,2024-11-10,2,HU,QMUL,ARIMA,AE,24.526997804598,-0.26580150128748853,11,3,0.9638615786474006
2024-11-06,ILI incidence,2024-11-10,2,HU,QMUL,SEIR,AE,139.430854898325,-2.77290879574143,11,10,0.20254221753136542
2024-11-06,ILI incidence,2024-11-10,2,HU,QMUL,SEIR_agumented,AE,36.0793126657396,-0.8226027023839318,11,4,0.8873193180832359
2024-11-06,ILI incidence,2024-11-10,2,HU,RIVM,KFdlm,AE,111.975133982001,-2.4565373351182074,11,9,0.3844557967243228
2024-11-06,ILI incidence,2024-11-10,2,HU,respicast,hubEnsemble,AE,59.845940628631,-1.5526842397746676,11,7,0.7298485901699708
2024-11-06,ILI incidence,2024-11-10,2,HU,respicast,quantileBaseline,AE,20.4,0.0,11,2,0.9912058594347805
2024-11-06,ILI incidence,2024-11-10,2,IE,ISI,FluBcast,AE,8.04705864513588,-1.376193331265884,11,10,0.45008989973164776
2024-11-06,ILI incidence,2024-11-10,2,IE,ISI,RC_AdaptEns2,AE,5.34564142080428,-0.7860948510792972,11,5,0.7425933084345364
2024-11-06,ILI incidence,2024-11-10,2,IE,ISI,SEIR_BRW,AE,6.77066753737978,-1.1270298642964665,11,9,0.5882946710990515
2024-11-06,ILI incidence,2024-11-10,2,IE,ItaLuxColab,EpiEKF,AE,5.46340524037287,-0.8175322213737388,11,7,0.7298421057193737
2024-11-06,ILI incidence,2024-11-10,2,IE,ItaLuxColab,EpiNetEKF,AE,6.2692845366057,-1.0160325936543135,11,8,0.6425832998496097
2024-11-06,ILI incidence,2024-11-10,2,IE,NotreDame,Rt_cocirc,AE,3.8,-0.29373120305671013,11,4,0.9099519008598476
2024-11-06,ILI incidence,2024-11-10,2,IE,QMUL,SEIR,AE,12.2038669812322,-1.976998239526651,11,11,0.0
2024-11-06,ILI incidence,2024-11-10,2,IE,RIVM,KFdlm,AE,2.96836016676094,0.06260206313814527,11,1,1.0
2024-11-06,ILI incidence,2024-11-10,2,IE,fjordhest,ensemble,AE,2.98,0.056955884812075905,11,2,0.9987396649179207
2024-11-06,ILI incidence,2024-11-10,2,IE,respicast,hubEnsemble,AE,5.34564142080428,-0.7860948510792972,11,5,0.7425933084345364
2024-11-06,ILI incidence,2024-11-10,2,IE,respicast,quantileBaseline,AE,3.1,0.0,11,3,0.9857463335923491
2024-11-06,ILI incidence,2024-11-10,2,IS,respicast,quantileBaseline,AE,2.2,0.0,1,1,0.0
2024-11-06,ILI incidence,2024-11-10,2,IT,respicast,quantileBaseline,AE,262.05,0.0,1,1,0.0
2024-11-06,ILI incidence,2024-11-10,2,LT,ItaLuxColab,EpiEKF,AE,1.5329533802837,1.0159543926425607,7,5,0.9915937761501874
2024-11-06,ILI incidence,2024-11-10,2,LT,ItaLuxColab,EpiNetEKF,AE,1.28435444883105,1.2712248113235765,7,4,0.9936366632522717
2024-11-06,ILI incidence,2024-11-10,2,LT,NotreDame,Rt_cocirc,AE,122.2,-5.300832259431854,7,7,0.0
2024-11-06,ILI incidence,2024-11-10,2,LT,RIVM,KFdlm,AE,1.25081120360994,1.3094041687381592,7,3,0.993912308294766
2024-11-06,ILI incidence,2024-11-10,2,LT,fjordhest,ensemble,AE,0.51,2.603699063302742,7,1,1.0
2024-11-06,ILI incidence,2024-11-10,2,LT,respicast,hubEnsemble,AE,0.88040560180497,1.8160279856134032,7,2,0.996956154147383
2024-11-06,ILI incidence,2024-11-10,2,LT,respicast,quantileBaseline,AE,3.1,0.0,7,6,0.9787164105514012
2024-11-06,ILI incidence,2024-11-10,2,LU,ItaLuxColab,EpiEKF,AE,845.43941236045,-1.4947388682025666,8,3,0.9264601289436153
2024-11-06,ILI incidence,2024-11-10,2,LU,ItaLuxColab,EpiNetEKF,AE,2344.34144516132,-2.966148302734559,8,6,0.7567906630258144
2024-11-06,ILI incidence,2024-11-10,2,LU,NotreDame,Rt_cocirc,AE,3781.0,-3.6557334434913535,8,7,0.5941668995165806
2024-11-06,ILI incidence,2024-11-10,2,LU,QMUL,ARIMA,AE,873.858268232825,-1.5424368061228146,8,4,0.9232432328474436
2024-11-06,ILI incidence,2024-11-10,2,LU,RIVM,KFdlm,AE,9030.01736851024,-4.911694356782583,8,8,0.0
2024-11-06,ILI incidence,2024-11-10,2,LU,fjordhest,ensemble,AE,195.77,0.6158027989422591,8,1,1.0
2024-11-06,ILI incidence,2024-11-10,2,LU,respicast,hubEnsemble,AE,1609.09985669707,-2.4232194530376856,8,5,0.8400169479366293
2024-11-06,ILI incidence,2024-11-10,2,LU,respicast,quantileBaseline,AE,300.0,0.0,8,2,0.988201598206144
2024-11-06,ILI incidence,2024-11-10,2,LV,ItaLuxColab,EpiEKF,AE,475.625697253531,-4.8536671744942055,6,5,0.32102661338010874
2024-11-06,ILI incidence,2024-11-10,2,LV,ItaLuxColab,EpiNetEKF,AE,692.729374570821,-5.396132362253011,6,6,0.0
2024-11-06,ILI incidence,2024-11-10,2,LV,NotreDame,Rt_cocirc,AE,56.8,-1.7878033457698177,6,3,0.9403353088720016
2024-11-06,ILI incidence,2024-11-10,2,LV,RIVM,KFdlm,AE,17.7270973666692,-0.10786874485779384,6,2,0.9981115831493693
2024-11-06,ILI incidence,2024-11-10,2,LV,respicast,hubEnsemble,AE,56.8,-1.7878033457698177,6,3,0.9403353088720016
2024-11-06,ILI incidence,2024-11-10,2,LV,respicast,quantileBaseline,AE,16.4499999999957,0.0,6,1,1.0
2024-11-06,ILI incidence,2024-11-10,2,MT,ItaLuxColab,EpiEKF,AE,426.79561647971,2.4914171420739555,6,1,1.0
2024-11-06,ILI incidence,2024-11-10,2,MT,ItaLuxColab,EpiNetEKF,AE,1835.83500027789,0.38659800665608884,6,3,0.3502851774057858
2024-11-06,ILI incidence,2024-11-10,2,MT,NotreDame,Rt_cocirc,AE,2595.5,-0.11297808189594774,6,6,0.0
2024-11-06,ILI incidence,2024-11-10,2,MT,RIVM,KFdlm,AE,1650.53064678685,0.5401044792958071,6,2,0.4357299041740555
2024-11-06,ILI incidence,2024-11-10,2,MT,respicast,hubEnsemble,AE,1835.83500027789,0.38659800665608884,6,3,0.3502851774057858
2024-11-06,ILI incidence,2024-11-10,2,MT,respicast,quantileBaseline,AE,2400.0,0.0,6,5,0.09014598830784858
2024-11-06,ILI incidence,2024-11-10,2,NL,ISI,FluBcast,AE,0.856256254548644,0.0718823802355164,11,2,0.9694515155755595
2024-11-06,ILI incidence,2024-11-10,2,NL,ISI,RC_AdaptEns2,AE,3.4319879788917,-1.931047593012213,11,8,0.8426193594709244
2024-11-06,ILI incidence,2024-11-10,2,NL,ISI,SEIR_BRW,AE,19.9819524722586,-4.47262874665906,11,10,0.02767902220258956
2024-11-06,ILI incidence,2024-11-10,2,NL,ItaLuxColab,EpiEKF,AE,1.5990235042961,-0.8291942388187824,11,5,0.932876754749718
2024-11-06,ILI incidence,2024-11-10,2,NL,ItaLuxColab,EpiNetEKF,AE,3.1772525921932,-1.8197828825895266,11,6,0.8551628390677211
2024-11-06,ILI incidence,2024-11-10,2,NL,NotreDame,Rt_cocirc,AE,18.3,-4.345774836841745,11,9,0.11050040321286884
2024-11-06,ILI incidence,2024-11-10,2,NL,QMUL,SEIR,AE,20.5440633578229,-4.512652745178837,11,11,0.0
2024-11-06,ILI incidence,2024-11-10,2,NL,RIVM,KFdlm,AE,0.235871780458989,1.9319221756040714,11,1,1.0
2024-11-06,ILI incidence,2024-11-10,2,NL,fjordhest,ensemble,AE,1.28,-0.5081469036703397,11,4,0.9485858592793251
2024-11-06,ILI incidence,2024-11-10,2,NL,respicast,hubEnsemble,AE,3.1772525921932,-1.8197828825895266,11,6,0.8551628390677211
2024-11-06,ILI incidence,2024-11-10,2,NL,respicast,quantileBaseline,AE,0.899999999999991,0.0,11,3,0.9672975204605979
2024-11-06,ILI incidence,2024-11-10,2,NO,ISI,FluBcast,AE,4.40432459267703,0.26707156221112616,11,7,0.7737261819920677
2024-11-06,ILI incidence,2024-11-10,2,NO,ISI,RC_AdaptEns2,AE,0.896226589568929,2.5640569250487024,11,1,1.0
2024-11-06,ILI incidence,2024-11-10,2,NO,ISI,SEIR_BRW,AE,7.14312016047361,-0.43056203065276916,11,10,0.5970726993015959
2024-11-06,ILI incidence,2024-11-10,2,NO,ItaLuxColab,EpiEKF,AE,3.9265119317038,0.4327440785726974,11,6,0.8045453024941612
2024-11-06,ILI incidence,2024-11-10,2,NO,ItaLuxColab,EpiNetEKF,AE,2.2025414992203,1.2668231577127602,11,5,0.9157421309593915
2024-11-06,ILI incidence,2024-11-10,2,NO,NotreDame,Rt_cocirc,AE,16.4,-1.6296315500548846,11,11,0.0
2024-11-06,ILI incidence,2024-11-10,2,NO,QMUL,ARIMA,AE,1.56492606960043,1.7598978568567223,11,3,0.9568685982225724
2024-11-06,ILI incidence,2024-11-10,2,NO,RIVM,KFdlm,AE,1.38426610958303,1.9368710481522553,11,2,0.968521242726255
2024-11-06,ILI incidence,2024-11-10,2,NO,fjordhest,ensemble,AE,4.61,0.20122560902122327,11,8,0.760460030463783
2024-11-06,ILI incidence,2024-11-10,2,NO,respicast,hubEnsemble,AE,1.8837337844104,1.4923972668315786,11,4,0.9363053645909797
2024-11-06,ILI incidence,2024-11-10,2,NO,respicast,quantileBaseline,AE,5.3,0.0,11,9,0.71595473606005
2024-11-06,ILI incidence,2024-11-10,2,PL,ISI,FluBcast,AE,15.3637479208971,1.9916421817376764,12,2,0.9914636362521247
2024-11-06,ILI incidence,2024-11-10,2,PL,ISI,RC_AdaptEns2,AE,12.7681548608437,2.2586223252808555,12,1,1.0
2024-11-06,ILI incidence,2024-11-10,2,PL,ItaLuxColab,EpiEKF,AE,56.432132226223,0.11465551878208939,12,6,0.856398293243162
2024-11-06,ILI incidence,2024-11-10,2,PL,ItaLuxColab,EpiNetEKF,AE,39.749110897358,0.6202497892902324,12,4,0.9112652678350205
2024-11-06,ILI incidence,2024-11-10,2,PL,NotreDame,Rt_cocirc,AE,315.8,-2.3697668860415075,12,11,0.003391518836762056
2024-11-06,ILI incidence,2024-11-10,2,PL,QMUL,ARIMA,AE,38.5383432314401,0.6648778287311361,12,3,0.9152472299420653
2024-11-06,ILI incidence,2024-11-10,2,PL,QMUL,SEIR,AE,190.892356481946,-1.6435150518106676,12,10,0.4141866840612032
2024-11-06,ILI incidence,2024-11-10,2,PL,QMUL,SEIR_agumented,AE,108.195810342741,-0.8244003497310299,12,9,0.6861583615177166
2024-11-06,ILI incidence,2024-11-10,2,PL,RIVM,KFdlm,AE,316.831235666115,-2.3744702892734253,12,12,0.0
2024-11-06,ILI incidence,2024-11-10,2,PL,fjordhest,ensemble,AE,76.13,-0.31729269815813854,12,8,0.7916161180392216
2024-11-06,ILI incidence,2024-11-10,2,PL,respicast,hubEnsemble,AE,39.749110897358,0.6202497892902324,12,4,0.9112652678350205
2024-11-06,ILI incidence,2024-11-10,2,PL,respicast,quantileBaseline,AE,61.1,0.0,12,7,0.8410466505464731
2024-11-06,ILI incidence,2024-11-10,2,RO,ISI,FluBcast,AE,0.618162233352276,0.17936940668345608,9,6,0.5044938796898775
2024-11-06,ILI incidence,2024-11-10,2,RO,ISI,RC_AdaptEns2,AE,0.144908598407736,2.27221171976345,9,1,1.0
2024-11-06,ILI incidence,2024-11-10,2,RO,ItaLuxColab,EpiEKF,AE,0.17159517440675,2.0283459400671195,9,2,0.9720586155895405
2024-11-06,ILI incidence,2024-11-10,2,RO,ItaLuxColab,EpiNetEKF,AE,0.584569925857157,0.25997931277815706,9,4,0.5396657045425735
2024-11-06,ILI incidence,2024-11-10,2,RO,NotreDame,Rt_cocirc,AE,1.1,-0.6520766965796935,9,9,0.0
2024-11-06,ILI incidence,2024-11-10,2,RO,QMUL,SEIR,AE,0.419801629388977,0.737647155840031,9,3,0.7121814409354352
2024-11-06,ILI incidence,2024-11-10,2,RO,RIVM,KFdlm,AE,0.732388207087533,-0.06525363899393599,9,8,0.38489697666590805
2024-11-06,ILI incidence,2024-11-10,2,RO,respicast,hubEnsemble,AE,0.584569925857157,0.25997931277815706,9,4,0.5396657045425735
2024-11-06,ILI incidence,2024-11-10,2,RO,respicast,quantileBaseline,AE,0.7,0.0,9,7,0.41880808405682124
2024-11-06,ILI incidence,2024-11-10,2,SI,ISI,FluBcast,AE,10.9127334262984,-3.18490620287267,9,6,0.7946154902202516
2024-11-06,ILI incidence,2024-11-10,2,SI,ItaLuxColab,EpiEKF,AE,4.15382237761202,-1.7914051203109491,9,3,0.9363711749661909
2024-11-06,ILI incidence,2024-11-10,2,SI,ItaLuxColab,EpiNetEKF,AE,4.7398166829043,-1.9817968567118622,9,4,0.9240810259457991
2024-11-06,ILI incidence,2024-11-10,2,SI,NotreDame,Rt_cocirc,AE,48.8,-5.34577483684173,9,9,0.0
2024-11-06,ILI incidence,2024-11-10,2,SI,QMUL,SEIR,AE,8.84172652224868,-2.88129370607668,9,5,0.8380510377045159
2024-11-06,ILI incidence,2024-11-10,2,SI,RIVM,KFdlm,AE,11.6765924181067,-3.282513002761013,9,8,0.7785949576739366
2024-11-06,ILI incidence,2024-11-10,2,SI,fjordhest,ensemble,AE,1.12,0.09953567355091437,9,1,1.0
2024-11-06,ILI incidence,2024-11-10,2,SI,respicast,hubEnsemble,AE,10.9127334262984,-3.18490620287267,9,6,0.7946154902202516
2024-11-06,ILI incidence,2024-11-10,2,SI,respicast,quantileBaseline,AE,1.2,0.0,9,2,0.9983221476510066
2024-11-06,ILI incidence,2024-11-17,3,AT,ItaLuxColab,EpiEKF,AE,151.71476614119,3.020690311973342,5,2,0.9766230839661942
2024-11-06,ILI incidence,2024-11-17,3,AT,ItaLuxColab,EpiNetEKF,AE,46.06908449198,4.740180986078282,5,1,1.0
2024-11-06,ILI incidence,2024-11-17,3,AT,NotreDame,Rt_cocirc,AE,4565.3,-1.8905859427141662,5,5,0.0
2024-11-06,ILI incidence,2024-11-17,3,AT,respicast,hubEnsemble,AE,2305.68454224599,-0.9050714161442888,5,4,0.5
2024-11-06,ILI incidence,2024-11-17,3,AT,respicast,quantileBaseline,AE,1231.25,0.0,5,3,0.7377472101633492
2024-11-06,ILI incidence,2024-11-17,3,BE,ISI,FluBcast,AE,78.99754910086,0.3750401848693774,13,2,0.9391988333377639
2024-11-06,ILI incidence,2024-11-17,3,BE,ISI,RC_AdaptEns2,AE,183.755802222771,-0.8428698204616591,13,11,0.37230819313840174
2024-11-06,ILI incidence,2024-11-17,3,BE,ISI,SEIR_BRW,AE,67.7618299768504,0.5963752425995064,13,1,1.0
2024-11-06,ILI incidence,2024-11-17,3,BE,ItaLuxColab,EpiEKF,AE,116.453926507067,-0.18483929974038843,13,8,0.7365067385904105
2024-11-06,ILI incidence,2024-11-17,3,BE,ItaLuxColab,EpiNetEKF,AE,134.021353055295,-0.38754289314553725,13,9,0.6414420598104883
2024-11-06,ILI incidence,2024-11-17,3,BE,NotreDame,Rt_cocirc,AE,198.1,-0.9513088958782395,13,12,0.2946857508128641
2024-11-06,ILI incidence,2024-11-17,3,BE,QMUL,ARIMA,AE,104.897532003977,-0.034060750691770024,13,5,0.7990432135985341
2024-11-06,ILI incidence,2024-11-17,3,BE,QMUL,SEIR,AE,252.556295951928,-1.3016850226759722,13,13,0.0
2024-11-06,ILI incidence,2024-11-17,3,BE,QMUL,SEIR_agumented,AE,153.471748848224,-0.5830531237043166,13,10,0.5361878483799785
2024-11-06,ILI incidence,2024-11-17,3,BE,RIVM,KFdlm,AE,105.576998297555,-0.043375569507454616,13,7,0.7953663378328408
2024-11-06,ILI incidence,2024-11-17,3,BE,fjordhest,ensemble,AE,97.75,0.067751376816532,13,3,0.8377214930927965
2024-11-06,ILI incidence,2024-11-17,3,BE,respicast,hubEnsemble,AE,105.237265150766,-0.03872567777455429,13,6,0.7972047757156875
2024-11-06,ILI incidence,2024-11-17,3,BE,respicast,quantileBaseline,AE,102.45,0.0,13,4,0.8122878310228844
2024-11-06,ILI incidence,2024-11-17,3,CH,ECDC,SARIMA,AE,10.0564423562292,-0.02350303070330662,9,5,0.7620355521190113
2024-11-06,ILI incidence,2024-11-17,3,CH,ECDC,soca_simplex,AE,4.61700086975348,1.0995890766165606,9,2,0.9032875392981318
2024-11-06,ILI incidence,2024-11-17,3,CH,ISI,FluBcast,AE,39.4015006392626,-1.993633591088718,9,9,0.0
2024-11-06,ILI incidence,2024-11-17,3,CH,ISI,SEIR_BRW,AE,34.1983958540875,-1.7893116682355432,9,8,0.13511477092537977
2024-11-06,ILI incidence,2024-11-17,3,CH,ItaLuxColab,EpiEKF,AE,0.89272214273069,3.4702619652497733,9,1,1.0
2024-11-06,ILI incidence,2024-11-17,3,CH,ItaLuxColab,EpiNetEKF,AE,10.2396048428866,-0.04954305540188103,9,6,0.7572791694496961
2024-11-06,ILI incidence,2024-11-17,3,CH,RIVM,KFdlm,AE,11.1594477972786,-0.1736486541925585,9,7,0.7333925911082189
2024-11-06,ILI incidence,2024-11-17,3,CH,respicast,hubEnsemble,AE,7.33672161299129,0.43140953668249077,9,3,0.8326615457085728
2024-11-06,ILI incidence,2024-11-17,3,CH,respicast,quantileBaseline,AE,9.89393952144027,0.0,9,4,0.7662554427811771
2024-11-06,ILI incidence,2024-11-17,3,CZ,ItaLuxColab,EpiEKF,AE,10.6604138514985,-6.151157135585406,7,3,0.7705609221150951
2024-11-06,ILI incidence,2024-11-17,3,CZ,ItaLuxColab,EpiNetEKF,AE,13.3071282902285,-6.471092956888678,7,4,0.712783965962194
2024-11-06,ILI incidence,2024-11-17,3,CZ,NotreDame,Rt_cocirc,AE,38.6,-8.007494536546867,7,6,0.1606484131529393
2024-11-06,ILI incidence,2024-11-17,3,CZ,RIVM,KFdlm,AE,45.9591705579941,-8.259246450425993,7,7,0.0
2024-11-06,ILI incidence,2024-11-17,3,CZ,fjordhest,ensemble,AE,2.04,-3.7655347463629196,7,2,0.958741885588012
2024-11-06,ILI incidence,2024-11-17,3,CZ,respicast,hubEnsemble,AE,25.9535641451142,-7.434826363335979,7,5,0.43671618955756775
2024-11-06,ILI incidence,2024-11-17,3,CZ,respicast,quantileBaseline,AE,0.150000000000006,0.0,7,1,1.0
2024-11-06,ILI incidence,2024-11-17,3,DK,ItaLuxColab,EpiEKF,AE,0.589469148661976,4.9163171228285325,7,1,1.0
2024-11-06,ILI incidence,2024-11-17,3,DK,ItaLuxColab,EpiNetEKF,AE,22.642264407812,-0.347141005253736,7,6,0.8627794013103627
2024-11-06,ILI incidence,2024-11-17,3,DK,NotreDame,Rt_cocirc,AE,161.3,-3.179797292189245,7,7,0.0
2024-11-06,ILI incidence,2024-11-17,3,DK,RIVM,KFdlm,AE,4.40057976564265,2.0161117282571386,7,3,0.9762858687803971
2024-11-06,ILI incidence,2024-11-17,3,DK,fjordhest,ensemble,AE,10.12,0.8146679511594502,7,4,0.9406975336286204
2024-11-06,ILI incidence,2024-11-17,3,DK,respicast,hubEnsemble,AE,2.85971011717902,2.6379364246362846,7,2,0.9858737261553999
2024-11-06,ILI incidence,2024-11-17,3,DK,respicast,quantileBaseline,AE,17.8,0.0,7,5,0.8929097504677009
2024-11-06,ILI incidence,2024-11-17,3,EE,ISI,FluBcast,AE,110.663345030584,-0.7968121604271083,9,6,0.6385375134718496
2024-11-06,ILI incidence,2024-11-17,3,EE,ISI,RC_AdaptEns2,AE,124.289534435727,-0.9643395445135287,9,8,0.5912854706762333
2024-11-06,ILI incidence,2024-11-17,3,EE,ItaLuxColab,EpiEKF,AE,20.288783940481,1.6506109763674732,9,2,0.9519327336096817
2024-11-06,ILI incidence,2024-11-17,3,EE,ItaLuxColab,EpiNetEKF,AE,6.42750647455298,3.308962309054344,9,1,1.0
2024-11-06,ILI incidence,2024-11-17,3,EE,NotreDame,Rt_cocirc,AE,294.8,-2.2103712468387693,9,9,0.0
2024-11-06,ILI incidence,2024-11-17,3,EE,QMUL,SEIR,AE,105.065803840657,-0.7219279087639778,9,5,0.6579483148332945
2024-11-06,ILI incidence,2024-11-17,3,EE,RIVM,KFdlm,AE,66.0655247901483,-0.05260424888369967,9,4,0.7931910301620614
2024-11-06,ILI incidence,2024-11-17,3,EE,respicast,hubEnsemble,AE,110.663345030584,-0.7968121604271083,9,6,0.6385375134718496
2024-11-06,ILI incidence,2024-11-17,3,EE,respicast,quantileBaseline,AE,63.7,0.0,9,3,0.80139404828362
2024-11-06,ILI incidence,2024-11-17,3,FR,ItaLuxColab,EpiEKF,AE,28.498996052097,0.48185733311162365,7,1,1.0
2024-11-06,ILI incidence,2024-11-17,3,FR,ItaLuxColab,EpiNetEKF,AE,59.805594698117,-0.5875120213080166,7,4,0.931103588297509
2024-11-06,ILI incidence,2024-11-17,3,FR,NotreDame,Rt_cocirc,AE,482.9,-3.6008841276290067,7,7,0.0
2024-11-06,ILI incidence,2024-11-17,3,FR,RIVM,KFdlm,AE,169.352535334172,-2.0891892493364397,7,6,0.690023705805404
2024-11-06,ILI incidence,2024-11-17,3,FR,fjordhest,ensemble,AE,29.29,0.44236023755164433,7,2,0.9982592381156058
2024-11-06,ILI incidence,2024-11-17,3,FR,respicast,hubEnsemble,AE,114.579065016145,-1.525503134422425,7,5,0.8105636470514553
2024-11-06,ILI incidence,2024-11-17,3,FR,respicast,quantileBaseline,AE,39.8,0.0,7,3,0.9751298878089657
2024-11-06,ILI incidence,2024-11-17,3,GB-ENG,ECDC,SARIMA,AE,0.0824410624851666,-2.8865192037546468,8,3,0.9464885706002572
2024-11-06,ILI incidence,2024-11-17,3,GB-ENG,ECDC,soca_simplex,AE,0.804933381699528,-6.173953587575145,8,7,0.40419395498511157
2024-11-06,ILI incidence,2024-11-17,3,GB-ENG,ISI,FluBcast,AE,1.34343592172265,-6.912939805667472,8,8,0.0
2024-11-06,ILI incidence,2024-11-17,3,GB-ENG,ISI,SEIR_BRW,AE,0.348242086326187,-4.965174768940996,8,4,0.7469813091103095
2024-11-06,ILI incidence,2024-11-17,3,GB-ENG,ItaLuxColab,EpiEKF,AE,0.0659051385719334,-2.5635470609896993,8,2,0.9589002492629718
2024-11-06,ILI incidence,2024-11-17,3,GB-ENG,RIVM,KFdlm,AE,0.724733936481826,-6.022535652180716,8,5,0.46439075730430374
2024-11-06,ILI incidence,2024-11-17,3,GB-ENG,respicast,hubEnsemble,AE,0.724733936481827,-6.022535652180718,8,6,0.46439075730430296
2024-11-06,ILI incidence,2024-11-17,3,GB-ENG,respicast,quantileBaseline,AE,0.0111484558129789,0.0,8,1,1.0
2024-11-06,ILI incidence,2024-11-17,3,GB-NIR,ECDC,SARIMA,AE,0.542992513294753,0.6918025397503712,9,3,0.5666832787299124
2024-11-06,ILI incidence,2024-11-17,3,GB-NIR,ECDC,soca_simplex,AE,0.621553609229155,0.4968560166123531,9,5,0.48948051173428514
2024-11-06,ILI incidence,2024-11-17,3,GB-NIR,ISI,FluBcast,AE,1.11964618980409,-0.35223615873829145,9,9,0.0
2024-11-06,ILI incidence,2024-11-17,3,GB-NIR,ISI,SEIR_BRW,AE,0.102051885977496,3.1034320017881987,9,1,1.0
2024-11-06,ILI incidence,2024-11-17,3,GB-NIR,ItaLuxColab,EpiEKF,AE,0.851167836279693,0.04329121057393352,9,7,0.2638363368533043
2024-11-06,ILI incidence,2024-11-17,3,GB-NIR,QMUL,ARIMA,AE,0.611583486070395,0.520185394552943,9,4,0.4992782505003809
2024-11-06,ILI incidence,2024-11-17,3,GB-NIR,RIVM,KFdlm,AE,0.707094853521872,0.3108310873189568,9,6,0.40541828381983547
2024-11-06,ILI incidence,2024-11-17,3,GB-NIR,respicast,hubEnsemble,AE,0.322522199636124,1.4433363796478724,9,2,0.7833416393649566
2024-11-06,ILI incidence,2024-11-17,3,GB-NIR,respicast,quantileBaseline,AE,0.877096054061334,0.0,9,8,0.23835642046212593
2024-11-06,ILI incidence,2024-11-17,3,GB-SCT,ISI,FluBcast,AE,4.8583963345601,-1.0402222354724198,6,6,0.0
2024-11-06,ILI incidence,2024-11-17,3,GB-SCT,ISI,SEIR_BRW,AE,2.66960863528791,-0.17637030789407523,6,2,0.8769221340042745
2024-11-06,ILI incidence,2024-11-17,3,GB-SCT,ItaLuxColab,EpiEKF,AE,2.84466782095457,-0.2680022448433501,6,4,0.8067859235701134
2024-11-06,ILI incidence,2024-11-17,3,GB-SCT,RIVM,KFdlm,AE,3.02664379529409,-0.35746094447377685,6,5,0.733878551234102
2024-11-06,ILI incidence,2024-11-17,3,GB-SCT,respicast,hubEnsemble,AE,2.66960863528791,-0.17637030789407523,6,2,0.8769221340042745
2024-11-06,ILI incidence,2024-11-17,3,GB-SCT,respicast,quantileBaseline,AE,2.36240767787337,0.0,6,1,1.0
2024-11-06,ILI incidence,2024-11-17,3,GR,ISI,FluBcast,AE,37.2711811982183,-0.5195489184266164,12,6,0.9636031154533076
2024-11-06,ILI incidence,2024-11-17,3,GR,ISI,RC_AdaptEns2,AE,257.990096943023,-3.3107321598969106,12,10,0.7335557329100388
2024-11-06,ILI incidence,2024-11-17,3,GR,ItaLuxColab,EpiEKF,AE,42.1074961488,-0.6955654673777915,12,7,0.9585623984319238
2024-11-06,ILI incidence,2024-11-17,3,GR,ItaLuxColab,EpiNetEKF,AE,50.1462684221509,-0.9476307250581584,12,8,0.9501838753945783
2024-11-06,ILI incidence,2024-11-17,3,GR,NotreDame,Rt_cocirc,AE,961.8,-5.20915339784725,12,12,0.0
2024-11-06,ILI incidence,2024-11-17,3,GR,QMUL,ARIMA,AE,2.35019750859169,3.4676577133967,12,1,1.0
2024-11-06,ILI incidence,2024-11-17,3,GR,QMUL,SEIR,AE,372.512823350246,-3.8407065612765643,12,11,0.6141928166742532
2024-11-06,ILI incidence,2024-11-17,3,GR,QMUL,SEIR_agumented,AE,92.0910121395958,-1.8245487363812949,12,9,0.9064663785453145
2024-11-06,ILI incidence,2024-11-17,3,GR,RIVM,KFdlm,AE,22.930074418248,0.18127058614299887,12,2,0.9785503349354845
2024-11-06,ILI incidence,2024-11-17,3,GR,fjordhest,ensemble,AE,32.86,-0.33782085703425757,12,4,0.9682007308645191
2024-11-06,ILI incidence,2024-11-17,3,GR,respicast,hubEnsemble,AE,37.271181198218,-0.519548918426605,12,5,0.963603115453308
2024-11-06,ILI incidence,2024-11-17,3,GR,respicast,quantileBaseline,AE,26.0,0.0,12,3,0.9753506619835693
2024-11-06,ILI incidence,2024-11-17,3,HU,ISI,FluBcast,AE,89.0766422673533,-1.9534133157757885,11,8,0.7367464451499872
2024-11-06,ILI incidence,2024-11-17,3,HU,ISI,RC_AdaptEns2,AE,83.7760904996655,-1.864904699707658,11,6,0.7578641812762335
2024-11-06,ILI incidence,2024-11-17,3,HU,ItaLuxColab,EpiEKF,AE,28.834329333541,-0.32615360553170974,11,2,0.9767556600257334
2024-11-06,ILI incidence,2024-11-17,3,HU,ItaLuxColab,EpiNetEKF,AE,43.516002919796,-0.9199121854779054,11,4,0.9182629365745184
2024-11-06,ILI incidence,2024-11-17,3,HU,NotreDame,Rt_cocirc,AE,274.0,-3.5744701269035075,11,11,0.0
2024-11-06,ILI incidence,2024-11-17,3,HU,QMUL,ARIMA,AE,31.1737467960932,-0.43869770281785464,11,3,0.9674352717287127
2024-11-06,ILI incidence,2024-11-17,3,HU,QMUL,SEIR,AE,169.43955651984,-2.8810649521486424,11,10,0.4165754720325101
2024-11-06,ILI incidence,2024-11-17,3,HU,QMUL,SEIR_agumented,AE,65.3940961751447,-1.5075265329128948,11,5,0.8310992184257188
2024-11-06,ILI incidence,2024-11-17,3,HU,RIVM,KFdlm,AE,147.000718228833,-2.6761174376408707,11,9,0.5059732341480759
2024-11-06,ILI incidence,2024-11-17,3,HU,respicast,hubEnsemble,AE,86.426366383509,-1.9098376462174047,11,7,0.7473053132131119
2024-11-06,ILI incidence,2024-11-17,3,HU,respicast,quantileBaseline,AE,23.0000000000001,0.0,11,1,1.0
2024-11-06,ILI incidence,2024-11-17,3,IE,ISI,FluBcast,AE,8.43217655869305,-3.2279081688741793,11,10,0.39036482500932784
2024-11-06,ILI incidence,2024-11-17,3,IE,ISI,RC_AdaptEns2,AE,4.04880543603284,-2.169499409905994,11,6,0.7350753977342782
2024-11-06,ILI incidence,2024-11-17,3,IE,ISI,SEIR_BRW,AE,5.82601544318153,-2.6945126191203417,11,9,0.5953146833722816
2024-11-06,ILI incidence,2024-11-17,3,IE,ItaLuxColab,EpiEKF,AE,4.4474472832021,-2.304980598383549,11,7,0.7037259966444495
2024-11-06,ILI incidence,2024-11-17,3,IE,ItaLuxColab,EpiNetEKF,AE,4.9914941837473,-2.4714748386283105,11,8,0.6609418669350865
2024-11-06,ILI incidence,2024-11-17,3,IE,NotreDame,Rt_cocirc,AE,3.5,-1.9593580155026573,11,4,0.7782337411361109
2024-11-06,ILI incidence,2024-11-17,3,IE,QMUL,SEIR,AE,13.3960913226696,-3.895743304538463,11,11,0.0
2024-11-06,ILI incidence,2024-11-17,3,IE,RIVM,KFdlm,AE,0.691939968720913,0.37927812338586253,11,2,0.9990610346829117
2024-11-06,ILI incidence,2024-11-17,3,IE,fjordhest,ensemble,AE,0.68,0.40439025507933213,11,1,1.0
2024-11-06,ILI incidence,2024-11-17,3,IE,respicast,hubEnsemble,AE,4.0488054360328,-2.16949940990598,11,5,0.7350753977342814
2024-11-06,ILI incidence,2024-11-17,3,IE,respicast,quantileBaseline,AE,0.899999999999998,0.0,11,3,0.9826990861879237
2024-11-06,ILI incidence,2024-11-17,3,IS,respicast,quantileBaseline,AE,2.2,0.0,1,1,0.0
2024-11-06,ILI incidence,2024-11-17,3,IT,respicast,quantileBaseline,AE,328.3,0.0,1,1,0.0
2024-11-06,ILI incidence,2024-11-17,3,LT,ItaLuxColab,EpiEKF,AE,0.127195377956461,5.583691090843495,7,1,1.0
2024-11-06,ILI incidence,2024-11-17,3,LT,ItaLuxColab,EpiNetEKF,AE,3.54377890468073,0.7835206452924083,7,4,0.991397740512532
2024-11-06,ILI incidence,2024-11-17,3,LT,NotreDame,Rt_cocirc,AE,397.3,-6.025275740525212,7,7,0.0
2024-11-06,ILI incidence,2024-11-17,3,LT,RIVM,KFdlm,AE,3.56088928960684,0.7765716606162447,7,5,0.9913546600580623
2024-11-06,ILI incidence,2024-11-17,3,LT,fjordhest,ensemble,AE,2.14,1.5111984460491015,7,2,0.9949321690744689
2024-11-06,ILI incidence,2024-11-17,3,LT,respicast,hubEnsemble,AE,2.84188945234037,1.1019588069063195,7,3,0.9931649547935004
2024-11-06,ILI incidence,2024-11-17,3,LT,respicast,quantileBaseline,AE,6.1,0.0,7,6,0.9849616978994133
2024-11-06,ILI incidence,2024-11-17,3,LU,ItaLuxColab,EpiEKF,AE,2530.9553726514,-0.4136826506378753,8,7,0.3802755311371144
2024-11-06,ILI incidence,2024-11-17,3,LU,ItaLuxColab,EpiNetEKF,AE,1511.39310799697,0.330120469372826,8,3,0.681168937147127
2024-11-06,ILI incidence,2024-11-17,3,LU,NotreDame,Rt_cocirc,AE,3819.5,-1.0073843729160123,8,8,0.0
2024-11-06,ILI incidence,2024-11-17,3,LU,QMUL,ARIMA,AE,649.293128335097,1.549057572474211,8,2,0.9355920441944875
2024-11-06,ILI incidence,2024-11-17,3,LU,RIVM,KFdlm,AE,1667.48470641912,0.18832588897513314,8,5,0.6351031554611926
2024-11-06,ILI incidence,2024-11-17,3,LU,fjordhest,ensemble,AE,1553.33,0.29063506031325065,8,4,0.6687925137449302
2024-11-06,ILI incidence,2024-11-17,3,LU,respicast,hubEnsemble,AE,431.04998983094,2.1400723218575957,8,1,1.0
2024-11-06,ILI incidence,2024-11-17,3,LU,respicast,quantileBaseline,AE,1900.0,0.0,8,6,0.5664831985832456
2024-11-06,ILI incidence,2024-11-17,3,LV,ItaLuxColab,EpiEKF,AE,637.401167220564,-6.3525837268073175,6,5,0.3605280661518129
2024-11-06,ILI incidence,2024-11-17,3,LV,ItaLuxColab,EpiNetEKF,AE,992.36419100644,-6.991251742999644,6,6,0.0
2024-11-06,ILI incidence,2024-11-17,3,LV,NotreDame,Rt_cocirc,AE,176.6,-4.500867408786218,6,3,0.8285535858993109
2024-11-06,ILI incidence,2024-11-17,3,LV,RIVM,KFdlm,AE,8.07935447811946,-0.05076590558400782,6,2,0.9997162658558261
2024-11-06,ILI incidence,2024-11-17,3,LV,respicast,hubEnsemble,AE,176.6,-4.500867408786218,6,3,0.8285535858993109
2024-11-06,ILI incidence,2024-11-17,3,LV,respicast,quantileBaseline,AE,7.8,0.0,6,1,1.0
2024-11-06,ILI incidence,2024-11-17,3,MT,ItaLuxColab,EpiEKF,AE,1339.32590631734,-0.042995439885628685,6,5,0.4961319443629226
2024-11-06,ILI incidence,2024-11-17,3,MT,ItaLuxColab,EpiNetEKF,AE,586.85892072118,1.147425993065593,6,2,0.9941122157617089
2024-11-06,ILI incidence,2024-11-17,3,MT,NotreDame,Rt_cocirc,AE,2089.0,-0.6843008691512915,6,6,0.0
2024-11-06,ILI incidence,2024-11-17,3,MT,RIVM,KFdlm,AE,577.962256511606,1.1694644366979796,6,1,1.0
2024-11-06,ILI incidence,2024-11-17,3,MT,respicast,hubEnsemble,AE,586.85892072118,1.147425993065593,6,2,0.9941122157617089
2024-11-06,ILI incidence,2024-11-17,3,MT,respicast,quantileBaseline,AE,1300.0,0.0,6,4,0.5221577047959822
2024-11-06,ILI incidence,2024-11-17,3,NL,ISI,FluBcast,AE,5.64875944028873,-1.012507235780935,11,4,0.9054474262827418
2024-11-06,ILI incidence,2024-11-17,3,NL,ISI,RC_AdaptEns2,AE,8.0665400477091,-1.526523168961639,11,6,0.8251993801044016
2024-11-06,ILI incidence,2024-11-17,3,NL,ISI,SEIR_BRW,AE,32.9288407950418,-3.555852992869911,11,11,0.0
2024-11-06,ILI incidence,2024-11-17,3,NL,ItaLuxColab,EpiEKF,AE,6.3755483179216,-1.187122596609673,11,5,0.8813247299408209
2024-11-06,ILI incidence,2024-11-17,3,NL,ItaLuxColab,EpiNetEKF,AE,8.1328691446495,-1.5383375743960372,11,8,0.8229978650381029
2024-11-06,ILI incidence,2024-11-17,3,NL,NotreDame,Rt_cocirc,AE,32.9,-3.5545888516776376,11,10,0.000957248745081097
2024-11-06,ILI incidence,2024-11-17,3,NL,QMUL,SEIR,AE,32.0411801939242,-3.5164285561804647,11,9,0.02946215578475497
2024-11-06,ILI incidence,2024-11-17,3,NL,RIVM,KFdlm,AE,3.41905125899477,-0.28816922489127034,11,2,0.9794532002340879
2024-11-06,ILI incidence,2024-11-17,3,NL,fjordhest,ensemble,AE,5.27,-0.912376134692248,11,3,0.9180187509767559
2024-11-06,ILI incidence,2024-11-17,3,NL,respicast,hubEnsemble,AE,8.0665400477091,-1.526523168961639,11,6,0.8251993801044016
2024-11-06,ILI incidence,2024-11-17,3,NL,respicast,quantileBaseline,AE,2.8,0.0,11,1,1.0
2024-11-06,ILI incidence,2024-11-17,3,NO,ISI,FluBcast,AE,2.96675296544672,0.7238969472369807,11,7,0.9156972542211548
2024-11-06,ILI incidence,2024-11-17,3,NO,ISI,RC_AdaptEns2,AE,0.680036687364876,2.8490972635586767,11,2,0.9880686619142385
2024-11-06,ILI incidence,2024-11-17,3,NO,ISI,SEIR_BRW,AE,7.91184367377806,-0.6912321716501159,11,10,0.7591919723187889
2024-11-06,ILI incidence,2024-11-17,3,NO,ItaLuxColab,EpiEKF,AE,1.4511432246769,1.7555918319363388,11,6,0.9636642064417729
2024-11-06,ILI incidence,2024-11-17,3,NO,ItaLuxColab,EpiNetEKF,AE,0.957890452380102,2.3548491702464855,11,5,0.9792749745207842
2024-11-06,ILI incidence,2024-11-17,3,NO,NotreDame,Rt_cocirc,AE,31.9,-2.702702769649661,11,11,0.0
2024-11-06,ILI incidence,2024-11-17,3,NO,QMUL,ARIMA,AE,0.303042707425806,4.015188718900023,11,1,1.0
2024-11-06,ILI incidence,2024-11-17,3,NO,RIVM,KFdlm,AE,0.710204145363132,2.7864760629208134,11,3,0.9871139035899189
2024-11-06,ILI incidence,2024-11-17,3,NO,fjordhest,ensemble,AE,3.83,0.35543735707761365,11,8,0.8883766794404889
2024-11-06,ILI incidence,2024-11-17,3,NO,respicast,hubEnsemble,AE,0.834047298871603,2.554580642804288,11,4,0.983194439055352
2024-11-06,ILI incidence,2024-11-17,3,NO,respicast,quantileBaseline,AE,4.9,0.0,11,9,0.8545126592409404
2024-11-06,ILI incidence,2024-11-17,3,PL,ISI,FluBcast,AE,18.0263583019414,2.023705226457835,12,1,1.0
2024-11-06,ILI incidence,2024-11-17,3,PL,ISI,RC_AdaptEns2,AE,55.3298705612014,0.4057546496177726,12,5,0.9073834322871982
2024-11-06,ILI incidence,2024-11-17,3,PL,ItaLuxColab,EpiEKF,AE,58.193092105833,0.33296529223837223,12,6,0.9002746713152525
2024-11-06,ILI incidence,2024-11-17,3,PL,ItaLuxColab,EpiNetEKF,AE,37.262152653358,0.9761021764516264,12,2,0.95224167532334
2024-11-06,ILI incidence,2024-11-17,3,PL,NotreDame,Rt_cocirc,AE,420.8,-2.5212496011584906,12,12,0.0
2024-11-06,ILI incidence,2024-11-17,3,PL,QMUL,ARIMA,AE,38.4390015543572,0.9312423354858486,12,3,0.9493198135648652
2024-11-06,ILI incidence,2024-11-17,3,PL,QMUL,SEIR,AE,223.138294595411,-1.6060530241035562,12,10,0.490751342543828
2024-11-06,ILI incidence,2024-11-17,3,PL,QMUL,SEIR_agumented,AE,75.5398606176159,-0.04342492343250346,12,8,0.8572063899881766
2024-11-06,ILI incidence,2024-11-17,3,PL,RIVM,KFdlm,AE,415.309858818629,-2.502303016063496,12,11,0.01363083532036772
2024-11-06,ILI incidence,2024-11-17,3,PL,fjordhest,ensemble,AE,80.21,-0.12996891426933582,12,9,0.845611442109524
2024-11-06,ILI incidence,2024-11-17,3,PL,respicast,hubEnsemble,AE,55.329870561201,0.4057546496177832,12,4,0.9073834322871992
2024-11-06,ILI incidence,2024-11-17,3,PL,respicast,quantileBaseline,AE,73.3,0.0,12,7,0.8627674803519174
2024-11-06,ILI incidence,2024-11-17,3,RO,ISI,FluBcast,AE,2.47484362286302,0.07117425428268626,9,7,0.06446826415982801
2024-11-06,ILI incidence,2024-11-17,3,RO,ISI,RC_AdaptEns2,AE,1.64048621830165,0.6643881494043351,9,3,0.40759858887991157
2024-11-06,ILI incidence,2024-11-17,3,RO,ItaLuxColab,EpiEKF,AE,1.34998895380068,0.9455640206903484,9,2,0.5270658820969182
2024-11-06,ILI incidence,2024-11-17,3,RO,ItaLuxColab,EpiNetEKF,AE,2.42338201224123,0.10148977986564338,9,5,0.08563190346684223
2024-11-06,ILI incidence,2024-11-17,3,RO,NotreDame,Rt_cocirc,AE,0.2,3.700439718141092,9,1,1.0
2024-11-06,ILI incidence,2024-11-17,3,RO,QMUL,SEIR,AE,2.13465618362394,0.28450790100714207,9,4,0.20437069188882334
2024-11-06,ILI incidence,2024-11-17,3,RO,RIVM,KFdlm,AE,2.63160497470463,-0.017431321820220787,9,9,0.0
2024-11-06,ILI incidence,2024-11-17,3,RO,respicast,hubEnsemble,AE,2.42338201224123,0.10148977986564338,9,5,0.08563190346684223
2024-11-06,ILI incidence,2024-11-17,3,RO,respicast,quantileBaseline,AE,2.6,0.0,9,8,0.012997577745319911
2024-11-06,ILI incidence,2024-11-17,3,SI,ISI,FluBcast,AE,16.5827482348748,-6.37353931218507,9,8,0.8404795692806738
2024-11-06,ILI incidence,2024-11-17,3,SI,ItaLuxColab,EpiEKF,AE,3.82726744370733,-4.258242812781424,9,3,0.9646809401781176
2024-11-06,ILI incidence,2024-11-17,3,SI,ItaLuxColab,EpiNetEKF,AE,4.69313705059709,-4.552480685943887,9,4,0.956249882662151
2024-11-06,ILI incidence,2024-11-17,3,SI,NotreDame,Rt_cocirc,AE,102.9,-9.007027266893976,9,9,0.0
2024-11-06,ILI incidence,2024-11-17,3,SI,QMUL,SEIR,AE,12.8403102901315,-6.00453625583503,9,5,0.8769200555975512
2024-11-06,ILI incidence,2024-11-17,3,SI,RIVM,KFdlm,AE,14.9858456901134,-6.227456690943947,9,6,0.8560287664059066
2024-11-06,ILI incidence,2024-11-17,3,SI,fjordhest,ensemble,AE,0.71,-1.8278190246173267,9,2,0.9950340798442066
2024-11-06,ILI incidence,2024-11-17,3,SI,respicast,hubEnsemble,AE,14.9858456901134,-6.227456690943947,9,6,0.8560287664059066
2024-11-06,ILI incidence,2024-11-17,3,SI,respicast,quantileBaseline,AE,0.199999999999999,0.0,9,1,1.0
2024-11-13,ILI incidence,2024-11-10,1,AT,ECDC,soca_simplex,AE,808.12816412481,-1.4607321454449194,9,7,0.7630555742966921
2024-11-13,ILI incidence,2024-11-10,1,AT,ISI,FluABCaster,AE,192.064166825181,0.6122635859073701,9,1,1.0
2024-11-13,ILI incidence,2024-11-10,1,AT,ISI,SEIR_BRW,AE,223.792242191229,0.39169194235041616,9,2,0.9877970622707511
2024-11-13,ILI incidence,2024-11-10,1,AT,ItaLuxColab,EpiEKF,AE,375.52008569427,-0.35503810801789404,9,5,0.9294410036476008
2024-11-13,ILI incidence,2024-11-10,1,AT,ItaLuxColab,EpiNetEKF,AE,416.26257564494,-0.5036418897001509,9,6,0.9137710311684444
2024-11-13,ILI incidence,2024-11-10,1,AT,NotreDame,Rt_cocirc,AE,2792.1,-3.249426739786942,9,9,0.0
2024-11-13,ILI incidence,2024-11-10,1,AT,RIVM,KFdlm,AE,860.268929909012,-1.5509357651169393,9,8,0.7430017099926242
2024-11-13,ILI incidence,2024-11-10,1,AT,respicast,hubEnsemble,AE,308.03199864981,-0.06922825902320086,9,4,0.9553976024695687
2024-11-13,ILI incidence,2024-11-10,1,AT,respicast,quantileBaseline,AE,293.6,0.0,9,3,0.9609482946814479
2024-11-13,ILI incidence,2024-11-10,1,BE,ECDC,SARIMA,AE,52.5122782825967,0.002408010141628913,16,9,0.6945354009284491
2024-11-13,ILI incidence,2024-11-10,1,BE,ECDC,soca_simplex,AE,45.9864204290477,0.19385489643437567,16,7,0.748694352895404
2024-11-13,ILI incidence,2024-11-10,1,BE,ISI,FluABCaster,AE,22.4145444254117,1.2306276225415835,16,2,0.9443204497092748
2024-11-13,ILI incidence,2024-11-10,1,BE,ISI,GLEAM,AE,43.6,0.270734664515376,16,5,0.768499569663873
2024-11-13,ILI incidence,2024-11-10,1,BE,ISI,LSTFlu,AE,105.8,-1.0082049228217234,16,15,0.2522935952244248
2024-11-13,ILI incidence,2024-11-10,1,BE,ISI,RC_AdaptEns2,AE,47.473439233319,0.14794222931372825,16,8,0.7363533884119852
2024-11-13,ILI incidence,2024-11-10,1,BE,ISI,SEIR_BRW,AE,15.7054627805433,1.7437963451390872,16,1,1.0
2024-11-13,ILI incidence,2024-11-10,1,BE,ItaLuxColab,EpiEKF,AE,63.7647429325641,-0.27769614397016606,16,12,0.6011497179785799
2024-11-13,ILI incidence,2024-11-10,1,BE,ItaLuxColab,EpiNetEKF,AE,59.8242665948479,-0.18566800588662205,16,11,0.6338522489700008
2024-11-13,ILI incidence,2024-11-10,1,BE,NotreDame,Rt_cocirc,AE,136.2,-1.3725919987197686,16,16,0.0
2024-11-13,ILI incidence,2024-11-10,1,BE,QMUL,SEIR,AE,77.150592270134,-0.5526144326109717,16,14,0.49005879513292216
2024-11-13,ILI incidence,2024-11-10,1,BE,QMUL,SEIR_agumented,AE,74.0688525534651,-0.49380418817370175,16,13,0.5156345580495109
2024-11-13,ILI incidence,2024-11-10,1,BE,RIVM,KFdlm,AE,24.9803097668466,1.074271432406674,16,3,0.9230268259430631
2024-11-13,ILI incidence,2024-11-10,1,BE,fjordhest,ensemble,AE,35.76,0.5567160629963471,16,4,0.8335647600112247
2024-11-13,ILI incidence,2024-11-10,1,BE,respicast,hubEnsemble,AE,43.6,0.270734664515376,16,5,0.768499569663873
2024-11-13,ILI incidence,2024-11-10,1,BE,respicast,quantileBaseline,AE,52.6,0.0,16,10,0.6938073868671683
2024-11-13,ILI incidence,2024-11-10,1,CH,ECDC,SARIMA,AE,0.737927371571402,1.6065635473443731,11,1,1.0
2024-11-13,ILI incidence,2024-11-10,1,CH,ECDC,soca_simplex,AE,0.853773738566602,1.3961885903490516,11,2,0.9969312458499456
2024-11-13,ILI incidence,2024-11-10,1,CH,ISI,FluABCaster,AE,9.85893765313251,-2.133317915283911,11,9,0.758385706170753
2024-11-13,ILI incidence,2024-11-10,1,CH,ISI,FluBcast,AE,12.0545439469413,-2.4233908836337585,11,10,0.7002244008076737
2024-11-13,ILI incidence,2024-11-10,1,CH,ISI,GLEAM,AE,38.4882199432811,-4.098230761289312,11,11,0.0
2024-11-13,ILI incidence,2024-11-10,1,CH,ISI,SEIR_BRW,AE,3.29169525829439,-0.5507164962199391,11,7,0.9323510438529211
2024-11-13,ILI incidence,2024-11-10,1,CH,ItaLuxColab,EpiEKF,AE,7.989837959652,-1.8300519619095093,11,8,0.8078978971009294
2024-11-13,ILI incidence,2024-11-10,1,CH,ItaLuxColab,EpiNetEKF,AE,2.808366318839,-0.32161684824157216,11,5,0.9451543602388078
2024-11-13,ILI incidence,2024-11-10,1,CH,RIVM,KFdlm,AE,1.1995903178381,0.9055724994714518,11,3,0.9877706127604248
2024-11-13,ILI incidence,2024-11-10,1,CH,respicast,hubEnsemble,AE,3.0500307885667,-0.440709523525525,11,6,0.9387527020458644
2024-11-13,ILI incidence,2024-11-10,1,CH,respicast,quantileBaseline,AE,2.24717780832389,0.0,11,4,0.960020165833535
2024-11-13,ILI incidence,2024-11-10,1,CZ,ECDC,SARIMA,AE,1.067925888441,0.5832603742749689,15,6,0.9673079315321895
2024-11-13,ILI incidence,2024-11-10,1,CZ,ECDC,soca_simplex,AE,1.61491279738397,-0.01338435876735704,15,9,0.9469044430496016
2024-11-13,ILI incidence,2024-11-10,1,CZ,ISI,FluABCaster,AE,1.95559950115328,-0.2895390373342989,15,12,0.9341962829037567
2024-11-13,ILI incidence,2024-11-10,1,CZ,ISI,FluBcast,AE,0.374069590317713,2.096693312061133,15,4,0.9931898836518254
2024-11-13,ILI incidence,2024-11-10,1,CZ,ISI,GLEAM,AE,0.280000000000001,2.514573172829753,15,2,0.9966988301571782
2024-11-13,ILI incidence,2024-11-10,1,CZ,ISI,RC_AdaptEns2,AE,1.89191797055557,-0.24177763280451892,15,11,0.9365717060717714
2024-11-13,ILI incidence,2024-11-10,1,CZ,ISI,SEIR_BRW,AE,0.191500590217121,3.062651161364121,15,1,1.0
2024-11-13,ILI incidence,2024-11-10,1,CZ,ItaLuxColab,EpiEKF,AE,0.6914250775169,1.2104270698836863,15,5,0.9813520152822374
2024-11-13,ILI incidence,2024-11-10,1,CZ,ItaLuxColab,EpiNetEKF,AE,1.1252704499312,0.5078001215522545,15,7,0.9651688874695713
2024-11-13,ILI incidence,2024-11-10,1,CZ,NotreDame,Rt_cocirc,AE,27.0,-4.076815597050831,15,15,0.0
2024-11-13,ILI incidence,2024-11-10,1,CZ,QMUL,SEIR,AE,11.4116315799498,-2.8343612657152306,15,14,0.5814711290540096
2024-11-13,ILI incidence,2024-11-10,1,CZ,RIVM,KFdlm,AE,2.46273723110471,-0.6221907984019641,15,13,0.9152792326728001
2024-11-13,ILI incidence,2024-11-10,1,CZ,fjordhest,ensemble,AE,1.67,-0.06177619758668971,15,10,0.9448496020913669
2024-11-13,ILI incidence,2024-11-10,1,CZ,respicast,hubEnsemble,AE,0.280000000000001,2.514573172829753,15,2,0.9966988301571782
2024-11-13,ILI incidence,2024-11-10,1,CZ,respicast,quantileBaseline,AE,1.6,0.0,15,8,0.94746071429612
2024-11-13,ILI incidence,2024-11-10,1,DK,ECDC,SARIMA,AE,0.0838640420629986,6.423800729731002,17,2,0.9992712164648626
2024-11-13,ILI incidence,2024-11-10,1,DK,ECDC,soca_simplex,AE,2.50747154243905,1.5217635789238848,17,6,0.9442495485599717
2024-11-13,ILI incidence,2024-11-10,1,DK,ISI,FluABCaster,AE,40.8514881790772,-2.5043198236058903,17,16,0.07374896247358276
2024-11-13,ILI incidence,2024-11-10,1,DK,ISI,FluBcast,AE,13.953229558317,-0.9545302694204911,17,10,0.6844035560171753
2024-11-13,ILI incidence,2024-11-10,1,DK,ISI,GLEAM,AE,36.23,-2.3311159941236146,17,15,0.17866776132038883
2024-11-13,ILI incidence,2024-11-10,1,DK,ISI,RC_AdaptEns2,AE,15.4937555483264,-1.1056180712747659,17,11,0.649429943578693
2024-11-13,ILI incidence,2024-11-10,1,DK,ISI,SEIR_BRW,AE,7.69177318542165,-0.09531931463925249,17,9,0.8265535423895377
2024-11-13,ILI incidence,2024-11-10,1,DK,ItaLuxColab,EpiEKF,AE,2.301231542636,1.6455907562798415,17,5,0.9489316882117541
2024-11-13,ILI incidence,2024-11-10,1,DK,ItaLuxColab,EpiNetEKF,AE,16.352643702704,-1.1834550808422035,17,12,0.6299311349678612
2024-11-13,ILI incidence,2024-11-10,1,DK,NotreDame,Rt_cocirc,AE,44.1,-2.61470984411521,17,17,0.0
2024-11-13,ILI incidence,2024-11-10,1,DK,QMUL,ARIMA,AE,6.96349432195606,0.04818546601490515,17,7,0.8430872087367237
2024-11-13,ILI incidence,2024-11-10,1,DK,QMUL,SEIR,AE,23.3601642974515,-1.6979816093947349,17,14,0.4708437122143599
2024-11-13,ILI incidence,2024-11-10,1,DK,QMUL,SEIR_agumented,AE,17.7430648209766,-1.301186421202668,17,13,0.5983652609533304
2024-11-13,ILI incidence,2024-11-10,1,DK,RIVM,KFdlm,AE,0.0517624117568687,7.119948258199121,17,1,1.0
2024-11-13,ILI incidence,2024-11-10,1,DK,fjordhest,ensemble,AE,1.66,2.116813664982748,17,4,0.9634891728636975
2024-11-13,ILI incidence,2024-11-10,1,DK,respicast,hubEnsemble,AE,0.871932021031,3.0457093397708674,17,3,0.9813801946642914
2024-11-13,ILI incidence,2024-11-10,1,DK,respicast,quantileBaseline,AE,7.19999999999999,0.0,17,8,0.8377179660384176
2024-11-13,ILI incidence,2024-11-10,1,EE,ECDC,SARIMA,AE,1.99501149531301,-1.3183251542087948,14,3,0.9923787532186671
2024-11-13,ILI incidence,2024-11-10,1,EE,ECDC,soca_simplex,AE,12.2234279507995,-3.9335051225659776,14,7,0.9271465054158196
2024-11-13,ILI incidence,2024-11-10,1,EE,ISI,FluABCaster,AE,52.6488677114899,-6.040258694158003,14,12,0.6693312008195798
2024-11-13,ILI incidence,2024-11-10,1,EE,ISI,FluBcast,AE,1.51831126894751,-0.9243956828293176,14,2,0.9954189332337532
2024-11-13,ILI incidence,2024-11-10,1,EE,ISI,GLEAM,AE,2.19999999999999,-1.4594316186372709,14,5,0.9910714285714287
2024-11-13,ILI incidence,2024-11-10,1,EE,ISI,RC_AdaptEns2,AE,26.6014733712667,-5.055362344018198,14,11,0.835449787173044
2024-11-13,ILI incidence,2024-11-10,1,EE,ISI,SEIR_BRW,AE,18.328464304659,-4.51794210097343,14,9,0.888211324587634
2024-11-13,ILI incidence,2024-11-10,1,EE,ItaLuxColab,EpiEKF,AE,12.104070414225,-3.9193484752012235,14,6,0.9279077141949937
2024-11-13,ILI incidence,2024-11-10,1,EE,ItaLuxColab,EpiNetEKF,AE,13.381889412602,-4.064138016796569,14,8,0.9197583583379976
2024-11-13,ILI incidence,2024-11-10,1,EE,NotreDame,Rt_cocirc,AE,157.6,-7.622051819456356,14,14,0.0
2024-11-13,ILI incidence,2024-11-10,1,EE,QMUL,SEIR,AE,62.4849361974996,-6.287364618068236,14,13,0.606601172209824
2024-11-13,ILI incidence,2024-11-10,1,EE,RIVM,KFdlm,AE,21.5444738840625,-4.751174058047945,14,10,0.8677010594128667
2024-11-13,ILI incidence,2024-11-10,1,EE,respicast,hubEnsemble,AE,2.09750574765698,-1.3906028588801456,14,4,0.9917250908950448
2024-11-13,ILI incidence,2024-11-10,1,EE,respicast,quantileBaseline,AE,0.800000000000011,0.0,14,1,1.0
2024-11-13,ILI incidence,2024-11-10,1,FR,ECDC,soca_simplex,AE,5.94114766254098,0.9402202732469189,13,5,0.9799886875847712
2024-11-13,ILI incidence,2024-11-10,1,FR,ISI,FluABCaster,AE,46.6625586540024,-2.0332315925813544,13,12,0.7715547519013772
2024-11-13,ILI incidence,2024-11-10,1,FR,ISI,FluBcast,AE,5.04112496377573,1.1772162017114964,13,4,0.9845954845679937
2024-11-13,ILI incidence,2024-11-10,1,FR,ISI,GLEAM,AE,3.27000000000001,1.8016712835540172,13,3,0.9936610483045816
2024-11-13,ILI incidence,2024-11-10,1,FR,ISI,RC_AdaptEns2,AE,41.039575891661,-1.8479819976329477,13,11,0.8003361815939891
2024-11-13,ILI incidence,2024-11-10,1,FR,ISI,SEIR_BRW,AE,6.87591854546571,0.7294094650298655,13,6,0.975204030831814
2024-11-13,ILI incidence,2024-11-10,1,FR,ItaLuxColab,EpiEKF,AE,2.9684278901415,1.9412628520858528,13,2,0.9952046554689633
2024-11-13,ILI incidence,2024-11-10,1,FR,ItaLuxColab,EpiNetEKF,AE,2.031568952782,2.488367587861981,13,1,1.0
2024-11-13,ILI incidence,2024-11-10,1,FR,NotreDame,Rt_cocirc,AE,197.4,-4.114016260291656,13,13,0.0
2024-11-13,ILI incidence,2024-11-10,1,FR,RIVM,KFdlm,AE,26.9458473397038,-1.2410291300707204,13,10,0.8724754134873494
2024-11-13,ILI incidence,2024-11-10,1,FR,fjordhest,ensemble,AE,11.2,0.025535092107137794,13,8,0.9530710719327931
2024-11-13,ILI incidence,2024-11-10,1,FR,respicast,hubEnsemble,AE,9.03795927273281,0.33496486339247183,13,7,0.9641375513823036
2024-11-13,ILI incidence,2024-11-10,1,FR,respicast,quantileBaseline,AE,11.4,0.0,13,9,0.9520473650886117
2024-11-13,ILI incidence,2024-11-10,1,GB-ENG,ECDC,SARIMA,AE,0.223423826482339,-0.004264449371751365,10,8,0.10457523059962122
2024-11-13,ILI incidence,2024-11-10,1,GB-ENG,ECDC,soca_simplex,AE,0.0892286224483549,1.3199401250886171,10,5,0.8102804609498809
2024-11-13,ILI incidence,2024-11-10,1,GB-ENG,ISI,FluABCaster,AE,0.0570557310862019,1.9650748837781356,10,2,0.979471140104199
2024-11-13,ILI incidence,2024-11-10,1,GB-ENG,ISI,FluBcast,AE,0.0531520126159069,2.0673223713474975,10,1,1.0
2024-11-13,ILI incidence,2024-11-10,1,GB-ENG,ISI,GLEAM,AE,0.0666269319484489,1.7413412305932054,10,3,0.9291381452863655
2024-11-13,ILI incidence,2024-11-10,1,GB-ENG,ISI,SEIR_BRW,AE,0.191194357084628,0.2204786530973304,10,6,0.2740634421128909
2024-11-13,ILI incidence,2024-11-10,1,GB-ENG,ItaLuxColab,EpiEKF,AE,0.229532751042699,-0.04318142298313412,10,9,0.07244964127550908
2024-11-13,ILI incidence,2024-11-10,1,GB-ENG,RIVM,KFdlm,AE,0.243309600037187,-0.1272746471512909,10,10,0.0
2024-11-13,ILI incidence,2024-11-10,1,GB-ENG,respicast,hubEnsemble,AE,0.0666269319484489,1.7413412305932054,10,3,0.9291381452863655
2024-11-13,ILI incidence,2024-11-10,1,GB-ENG,respicast,quantileBaseline,AE,0.222764385089948,0.0,10,7,0.10804309849452698
2024-11-13,ILI incidence,2024-11-10,1,GB-NIR,ECDC,soca_simplex,AE,0.184521500348514,1.9348714641242062,9,4,0.8777840851942879
2024-11-13,ILI incidence,2024-11-10,1,GB-NIR,ISI,FluABCaster,AE,0.116184711964912,2.6022401464530747,9,3,0.9929215421784651
2024-11-13,ILI incidence,2024-11-10,1,GB-NIR,ISI,FluBcast,AE,0.340092685159694,1.0527324159178009,9,6,0.6156694757305385
2024-11-13,ILI incidence,2024-11-10,1,GB-NIR,ISI,GLEAM,AE,0.39488606223246,0.8372239444632752,9,8,0.5233506787112856
2024-11-13,ILI incidence,2024-11-10,1,GB-NIR,ISI,SEIR_BRW,AE,0.116125723589253,2.6029728060829305,9,2,0.9930209289323008
2024-11-13,ILI incidence,2024-11-10,1,GB-NIR,ItaLuxColab,EpiEKF,AE,0.2584889353949,1.4485578648967246,9,5,0.7531598151294281
2024-11-13,ILI incidence,2024-11-10,1,GB-NIR,RIVM,KFdlm,AE,0.358954596230029,0.9748590215862611,9,7,0.583889924395621
2024-11-13,ILI incidence,2024-11-10,1,GB-NIR,respicast,hubEnsemble,AE,0.111983480785219,2.65537446308923,9,1,1.0
2024-11-13,ILI incidence,2024-11-10,1,GB-NIR,respicast,quantileBaseline,AE,0.705506997576051,0.0,9,9,0.0
2024-11-13,ILI incidence,2024-11-10,1,GB-SCT,ECDC,SARIMA,AE,1.72810082403421,0.4183157858817598,11,3,0.7362362933935256
2024-11-13,ILI incidence,2024-11-10,1,GB-SCT,ECDC,soca_simplex,AE,1.11165246952969,1.0547973423459838,11,1,1.0
2024-11-13,ILI incidence,2024-11-10,1,GB-SCT,ISI,FluABCaster,AE,2.55478020062106,-0.1456959966712195,11,9,0.38251969256175505
2024-11-13,ILI incidence,2024-11-10,1,GB-SCT,ISI,FluBcast,AE,3.44877595947305,-0.5785812328051878,11,11,0.0
2024-11-13,ILI incidence,2024-11-10,1,GB-SCT,ISI,GLEAM,AE,3.17773213692444,-0.4604943413791138,11,10,0.11597325674698454
2024-11-13,ILI incidence,2024-11-10,1,GB-SCT,ISI,SEIR_BRW,AE,1.62239277297274,0.5093800472909881,11,2,0.7814662744006617
2024-11-13,ILI incidence,2024-11-10,1,GB-SCT,ItaLuxColab,EpiEKF,AE,2.13685987354886,0.11201087309107838,11,7,0.5613379402369466
2024-11-13,ILI incidence,2024-11-10,1,GB-SCT,QMUL,ARIMA,AE,2.04189759762941,0.17759266218273417,11,6,0.6019700575932064
2024-11-13,ILI incidence,2024-11-10,1,GB-SCT,RIVM,KFdlm,AE,1.73753620097393,0.41046014199596365,11,4,0.7321991182162958
2024-11-13,ILI incidence,2024-11-10,1,GB-SCT,respicast,hubEnsemble,AE,1.88971689930167,0.2893330594009984,11,5,0.6670845879047511
2024-11-13,ILI incidence,2024-11-10,1,GB-SCT,respicast,quantileBaseline,AE,2.30937615084263,0.0,11,8,0.4875222954770068
2024-11-13,ILI incidence,2024-11-10,1,GB-WLS,ECDC,soca_simplex,AE,0.657989025982144,-2.2280142427794254,9,4,0.5723132235501656
2024-11-13,ILI incidence,2024-11-10,1,GB-WLS,ISI,FluABCaster,AE,0.901115192315638,-2.6816622620091226,9,7,0.37139754864697916
2024-11-13,ILI incidence,2024-11-10,1,GB-WLS,ISI,FluBcast,AE,1.35053986877111,-3.2654150446663177,9,9,0.0
2024-11-13,ILI incidence,2024-11-10,1,GB-WLS,ISI,GLEAM,AE,1.01140064231427,-2.848233414738345,9,8,0.28025937149132596
2024-11-13,ILI incidence,2024-11-10,1,GB-WLS,ISI,SEIR_BRW,AE,0.781018696401354,-2.4753078047634145,9,5,0.47064342124889497
2024-11-13,ILI incidence,2024-11-10,1,GB-WLS,ItaLuxColab,EpiEKF,AE,0.347560555705019,-1.3072150815000554,9,3,0.8288464735720494
2024-11-13,ILI incidence,2024-11-10,1,GB-WLS,RIVM,KFdlm,AE,0.315296312212672,-1.1666590160397992,9,2,0.8555091415779842
2024-11-13,ILI incidence,2024-11-10,1,GB-WLS,respicast,hubEnsemble,AE,0.841066944358499,-2.5821713557911288,9,6,0.42102048494793454
2024-11-13,ILI incidence,2024-11-10,1,GB-WLS,respicast,quantileBaseline,AE,0.140449284994373,0.0,9,1,1.0
2024-11-13,ILI incidence,2024-11-10,1,GR,ECDC,SARIMA,AE,107.467207845994,-0.36577721944991787,16,11,0.7582278494656198
2024-11-13,ILI incidence,2024-11-10,1,GR,ECDC,soca_simplex,AE,122.868314786875,-0.5589936334906986,16,14,0.7171241880387642
2024-11-13,ILI incidence,2024-11-10,1,GR,ISI,FluABCaster,AE,57.7055245055054,0.5313379400995857,16,4,0.8910356659368193
2024-11-13,ILI incidence,2024-11-10,1,GR,ISI,FluBcast,AE,85.9899483132517,-0.04412064398014723,16,8,0.8155480153211817
2024-11-13,ILI incidence,2024-11-10,1,GR,ISI,RC_AdaptEns2,AE,32.2961515131831,1.3686851235073607,16,2,0.9588501593076029
2024-11-13,ILI incidence,2024-11-10,1,GR,ISI,SEIR_BRW,AE,391.567158794514,-2.231140480676042,16,16,0.0
2024-11-13,ILI incidence,2024-11-10,1,GR,ItaLuxColab,EpiEKF,AE,48.852764150058,0.7716071896899801,16,3,0.9146625952049686
2024-11-13,ILI incidence,2024-11-10,1,GR,ItaLuxColab,EpiNetEKF,AE,75.789053616371,0.13805789191975512,16,5,0.8427729494431966
2024-11-13,ILI incidence,2024-11-10,1,GR,NotreDame,Rt_cocirc,AE,357.7,-2.10063082955056,16,15,0.09038728410385452
2024-11-13,ILI incidence,2024-11-10,1,GR,QMUL,ARIMA,AE,80.6374915401235,0.048596623290845055,16,6,0.8298330645614123
2024-11-13,ILI incidence,2024-11-10,1,GR,QMUL,SEIR,AE,16.877741690214,2.3049255051159325,16,1,1.0
2024-11-13,ILI incidence,2024-11-10,1,GR,QMUL,SEIR_agumented,AE,95.8674589643639,-0.20099380949220377,16,10,0.7891861534691758
2024-11-13,ILI incidence,2024-11-10,1,GR,RIVM,KFdlm,AE,122.662367459109,-0.5565734124786864,16,13,0.7176738361429397
2024-11-13,ILI incidence,2024-11-10,1,GR,fjordhest,ensemble,AE,117.4,-0.49331311966538677,16,12,0.7317184480772131
2024-11-13,ILI incidence,2024-11-10,1,GR,respicast,hubEnsemble,AE,85.9899483132519,-0.04412064398015053,16,9,0.8155480153211813
2024-11-13,ILI incidence,2024-11-10,1,GR,respicast,quantileBaseline,AE,83.4000000000001,0.0,16,7,0.8224602690305803
2024-11-13,ILI incidence,2024-11-10,1,HR,ECDC,SARIMA,AE,0.216359694733165,-0.11343176707409967,13,4,0.9676910166151954
2024-11-13,ILI incidence,2024-11-10,1,HR,ECDC,soca_simplex,AE,0.19541416773247,0.033464931995612165,13,2,0.9723147532599404
2024-11-13,ILI incidence,2024-11-10,1,HR,ISI,FluABCaster,AE,0.355087575768621,-0.8281748824918792,13,10,0.9370667603159777
2024-11-13,ILI incidence,2024-11-10,1,HR,ISI,FluBcast,AE,0.248462209674822,-0.3130264390685594,13,6,0.9606043687252048
2024-11-13,ILI incidence,2024-11-10,1,HR,ISI,GLEAM,AE,0.07,1.5145731728297582,13,1,1.0
2024-11-13,ILI incidence,2024-11-10,1,HR,ISI,SEIR_BRW,AE,0.243090268627231,-0.28149214065482214,13,5,0.961790227676108
2024-11-13,ILI incidence,2024-11-10,1,HR,ItaLuxColab,EpiEKF,AE,0.307360898918483,-0.6199336434788484,13,9,0.9476024505698714
2024-11-13,ILI incidence,2024-11-10,1,HR,ItaLuxColab,EpiNetEKF,AE,0.40462683586651,-1.0165920062225264,13,11,0.9261309413098213
2024-11-13,ILI incidence,2024-11-10,1,HR,NotreDame,Rt_cocirc,AE,4.6,-4.523561956057013,13,13,0.0
2024-11-13,ILI incidence,2024-11-10,1,HR,QMUL,SEIR,AE,0.493313095838145,-1.3025035866431054,13,12,0.9065534004772308
2024-11-13,ILI incidence,2024-11-10,1,HR,RIVM,KFdlm,AE,0.269924031692181,-0.43255342756323806,13,8,0.9558666596706002
2024-11-13,ILI incidence,2024-11-10,1,HR,respicast,hubEnsemble,AE,0.248462209674822,-0.3130264390685594,13,6,0.9606043687252048
2024-11-13,ILI incidence,2024-11-10,1,HR,respicast,quantileBaseline,AE,0.2,0.0,13,3,0.9713024282560706
2024-11-13,ILI incidence,2024-11-10,1,HU,ECDC,SARIMA,AE,64.157071474737,-0.4095851007165193,14,13,0.2329774057190008
2024-11-13,ILI incidence,2024-11-10,1,HU,ECDC,soca_simplex,AE,32.6655606362739,0.5642527882556766,14,4,0.6441661008330941
2024-11-13,ILI incidence,2024-11-10,1,HU,ISI,FluABCaster,AE,5.4134809330663,3.157394721329347,14,1,1.0
2024-11-13,ILI incidence,2024-11-10,1,HU,ISI,RC_AdaptEns2,AE,10.3608403784884,2.220882162802369,14,2,0.9354016933306721
2024-11-13,ILI incidence,2024-11-10,1,HU,ISI,SEIR_BRW,AE,60.0623506855217,-0.3144377503025487,14,12,0.2864427001220101
2024-11-13,ILI incidence,2024-11-10,1,HU,ItaLuxColab,EpiEKF,AE,59.886312109294,-0.31020310262322887,14,11,0.2887412583849055
2024-11-13,ILI incidence,2024-11-10,1,HU,ItaLuxColab,EpiNetEKF,AE,56.452557662936,-0.22501575675643204,14,10,0.3335762304947755
2024-11-13,ILI incidence,2024-11-10,1,HU,NotreDame,Rt_cocirc,AE,82.0,-0.763600720669673,14,14,0.0
2024-11-13,ILI incidence,2024-11-10,1,HU,QMUL,ARIMA,AE,55.1090542860903,-0.1902661805612947,14,9,0.35111852636112156
2024-11-13,ILI incidence,2024-11-10,1,HU,QMUL,SEIR,AE,50.2667009245111,-0.057579816939959796,14,7,0.41434575512898303
2024-11-13,ILI incidence,2024-11-10,1,HU,QMUL,SEIR_agumented,AE,50.9177881690997,-0.07614656193828878,14,8,0.40584442548871597
2024-11-13,ILI incidence,2024-11-10,1,HU,RIVM,KFdlm,AE,31.0421776562716,0.6377934207208046,14,3,0.6653628205662827
2024-11-13,ILI incidence,2024-11-10,1,HU,respicast,hubEnsemble,AE,32.665560636274,0.5642527882556723,14,5,0.6441661008330928
2024-11-13,ILI incidence,2024-11-10,1,HU,respicast,quantileBaseline,AE,48.3,0.0,14,6,0.4400252212866273
2024-11-13,ILI incidence,2024-11-10,1,IE,ECDC,SARIMA,AE,0.16749924900525,0.2558453728405177,15,1,1.0
2024-11-13,ILI incidence,2024-11-10,1,IE,ECDC,soca_simplex,AE,0.80298872881833,-2.0053797374411912,15,12,0.8871745414857073
2024-11-13,ILI incidence,2024-11-10,1,IE,ISI,FluABCaster,AE,0.973357651082442,-2.2829700070979997,15,13,0.8569270670874086
2024-11-13,ILI incidence,2024-11-10,1,IE,ISI,FluBcast,AE,0.382887555317898,-0.936920770209173,15,5,0.9617597376663273
2024-11-13,ILI incidence,2024-11-10,1,IE,ISI,GLEAM,AE,0.180000000000001,0.15200309344504198,15,2,0.9977806037589
2024-11-13,ILI incidence,2024-11-10,1,IE,ISI,RC_AdaptEns2,AE,0.427188540869214,-1.0948729479316281,15,9,0.9538944949420377
2024-11-13,ILI incidence,2024-11-10,1,IE,ISI,SEIR_BRW,AE,0.392773247587656,-0.973696668738671,15,6,0.9600046216518264
2024-11-13,ILI incidence,2024-11-10,1,IE,ItaLuxColab,EpiEKF,AE,0.60100175020132,-1.5873691922727142,15,11,0.9230355182607815
2024-11-13,ILI incidence,2024-11-10,1,IE,ItaLuxColab,EpiNetEKF,AE,0.49794901454536,-1.31599803099176,15,10,0.9413316073714239
2024-11-13,ILI incidence,2024-11-10,1,IE,NotreDame,Rt_cocirc,AE,5.8,-4.857980995127572,15,15,0.0
2024-11-13,ILI incidence,2024-11-10,1,IE,QMUL,SEIR,AE,1.9176038623917,-3.261232814831716,15,14,0.6892846196110376
2024-11-13,ILI incidence,2024-11-10,1,IE,RIVM,KFdlm,AE,0.400857537908965,-1.0030896035884138,15,8,0.9585693283995564
2024-11-13,ILI incidence,2024-11-10,1,IE,fjordhest,ensemble,AE,0.319999999999999,-0.678071905112633,15,4,0.9729248591812764
2024-11-13,ILI incidence,2024-11-10,1,IE,respicast,hubEnsemble,AE,0.400857537908959,-1.0030896035883923,15,7,0.9585693283995574
2024-11-13,ILI incidence,2024-11-10,1,IE,respicast,quantileBaseline,AE,0.2,0.0,15,3,0.9942297831049538
2024-11-13,ILI incidence,2024-11-10,1,IS,ECDC,SARIMA,AE,1.10768394359265,-0.14754629469312697,12,12,0.0
2024-11-13,ILI incidence,2024-11-10,1,IS,ECDC,soca_simplex,AE,0.502551303964049,0.992657210642865,12,1,1.0
2024-11-13,ILI incidence,2024-11-10,1,IS,ISI,FluABCaster,AE,0.502774905470729,0.9920154512077394,12,2,0.9996304917434016
2024-11-13,ILI incidence,2024-11-10,1,IS,ISI,FluBcast,AE,0.557428840999517,0.8431404464274239,12,3,0.9093132093004453
2024-11-13,ILI incidence,2024-11-10,1,IS,ISI,GLEAM,AE,0.98,0.02914634565951651,12,10,0.21100158086170295
2024-11-13,ILI incidence,2024-11-10,1,IS,ISI,RC_AdaptEns2,AE,0.848538680150009,0.23694766919285867,12,8,0.4282453903026796
2024-11-13,ILI incidence,2024-11-10,1,IS,ISI,SEIR_BRW,AE,0.865358153773597,0.20863073701521717,12,9,0.40045070113517583
2024-11-13,ILI incidence,2024-11-10,1,IS,ItaLuxColab,EpiEKF,AE,0.7236117775219,0.4667122053995152,12,5,0.6346908775346733
2024-11-13,ILI incidence,2024-11-10,1,IS,ItaLuxColab,EpiNetEKF,AE,0.77231876099005,0.37273167746670716,12,6,0.554201113343398
2024-11-13,ILI incidence,2024-11-10,1,IS,RIVM,KFdlm,AE,0.612192094596459,0.7079436798168438,12,4,0.8188152754415928
2024-11-13,ILI incidence,2024-11-10,1,IS,respicast,hubEnsemble,AE,0.77231876099005,0.37273167746670716,12,6,0.554201113343398
2024-11-13,ILI incidence,2024-11-10,1,IS,respicast,quantileBaseline,AE,1.0,0.0,12,11,0.17795097560551487
2024-11-13,ILI incidence,2024-11-10,1,IT,respicast,quantileBaseline,AE,264.75,0.0,1,1,0.0
2024-11-13,ILI incidence,2024-11-10,1,LT,ECDC,SARIMA,AE,1.45215970739525,-0.5382001285378997,14,13,0.9662574437616707
2024-11-13,ILI incidence,2024-11-10,1,LT,ECDC,soca_simplex,AE,1.21518467076092,-0.2811755758440997,14,11,0.9719466656296996
2024-11-13,ILI incidence,2024-11-10,1,LT,ISI,FluABCaster,AE,1.17150936638848,-0.2283684888047123,14,10,0.9729952085490616
2024-11-13,ILI incidence,2024-11-10,1,LT,ISI,FluBcast,AE,0.312258034775279,1.6791894002957186,14,3,0.9936238432583366
2024-11-13,ILI incidence,2024-11-10,1,LT,ISI,GLEAM,AE,0.95,0.07400058144377678,14,7,0.9783131354882401
2024-11-13,ILI incidence,2024-11-10,1,LT,ISI,SEIR_BRW,AE,0.440769158181894,1.1819048167467292,14,6,0.990538588777722
2024-11-13,ILI incidence,2024-11-10,1,LT,ItaLuxColab,EpiEKF,AE,0.15610581172275,2.679403845928281,14,2,0.9973726965331335
2024-11-13,ILI incidence,2024-11-10,1,LT,ItaLuxColab,EpiNetEKF,AE,0.40559778092278,1.3018783356931958,14,4,0.9913829720995823
2024-11-13,ILI incidence,2024-11-10,1,LT,NotreDame,Rt_cocirc,AE,41.7,-5.381975478557301,14,14,0.0
2024-11-13,ILI incidence,2024-11-10,1,LT,QMUL,SEIR,AE,1.33927440216547,-0.42145158283177997,14,12,0.9689675585324656
2024-11-13,ILI incidence,2024-11-10,1,LT,RIVM,KFdlm,AE,0.417780700838278,1.2591822454885444,14,5,0.9910904884043201
2024-11-13,ILI incidence,2024-11-10,1,LT,fjordhest,ensemble,AE,1.1,-0.13750352374993496,14,9,0.9747119828422711
2024-11-13,ILI incidence,2024-11-10,1,LT,respicast,hubEnsemble,AE,0.0466698730737498,4.421364646109281,14,1,1.0
2024-11-13,ILI incidence,2024-11-10,1,LT,respicast,quantileBaseline,AE,1.0,0.0,14,8,0.9771127512729172
2024-11-13,ILI incidence,2024-11-10,1,LU,ECDC,SARIMA,AE,428.75958273758,-2.100168915748401,11,8,0.8432038166153395
2024-11-13,ILI incidence,2024-11-10,1,LU,ECDC,soca_simplex,AE,82.4923252491417,0.27766819177193225,11,3,0.9725823977094654
2024-11-13,ILI incidence,2024-11-10,1,LU,ISI,FluABCaster,AE,427.469252773765,-2.095820652826358,11,7,0.8436859328312141
2024-11-13,ILI incidence,2024-11-10,1,LU,ISI,GLEAM,AE,800.33,-3.0005949889963213,11,10,0.7043710152969261
2024-11-13,ILI incidence,2024-11-10,1,LU,ItaLuxColab,EpiEKF,AE,58.0243527899702,0.7852695692074423,11,2,0.981724560274817
2024-11-13,ILI incidence,2024-11-10,1,LU,ItaLuxColab,EpiNetEKF,AE,9.11218866266017,3.4560585722429105,11,1,1.0
2024-11-13,ILI incidence,2024-11-10,1,LU,NotreDame,Rt_cocirc,AE,2685.5,-4.74711881638081,11,11,0.0
2024-11-13,ILI incidence,2024-11-10,1,LU,QMUL,ARIMA,AE,576.256936245456,-2.526712210967913,11,9,0.7880932108641593
2024-11-13,ILI incidence,2024-11-10,1,LU,fjordhest,ensemble,AE,191.34,-0.9361385034239676,11,5,0.9319127778995958
2024-11-13,ILI incidence,2024-11-10,1,LU,respicast,hubEnsemble,AE,191.34,-0.9361385034239676,11,5,0.9319127778995958
2024-11-13,ILI incidence,2024-11-10,1,LU,respicast,quantileBaseline,AE,100.0,0.0,11,4,0.9660408663675968
2024-11-13,ILI incidence,2024-11-10,1,LV,ECDC,SARIMA,AE,312.824952843227,-7.704249284522929,11,10,0.11051996969864859
2024-11-13,ILI incidence,2024-11-10,1,LV,ECDC,soca_simplex,AE,4.94688332868566,-1.7215573734850005,11,4,0.9881518882550281
2024-11-13,ILI incidence,2024-11-10,1,LV,ISI,FluABCaster,AE,13.944083483954,-3.2166187062586413,11,5,0.9625046245627664
2024-11-13,ILI incidence,2024-11-10,1,LV,ISI,FluBcast,AE,31.8053484953472,-4.406234988571499,11,8,0.9115896103673413
2024-11-13,ILI incidence,2024-11-10,1,LV,ISI,GLEAM,AE,66.44,-5.469017667466495,11,9,0.8128606697302609
2024-11-13,ILI incidence,2024-11-10,1,LV,ItaLuxColab,EpiEKF,AE,0.790501029561,0.9241232540348892,11,1,1.0
2024-11-13,ILI incidence,2024-11-10,1,LV,ItaLuxColab,EpiNetEKF,AE,351.595961729955,-7.872812189496134,11,11,0.0
2024-11-13,ILI incidence,2024-11-10,1,LV,NotreDame,Rt_cocirc,AE,27.8,-4.212050477114989,11,7,0.9230071877543933
2024-11-13,ILI incidence,2024-11-10,1,LV,RIVM,KFdlm,AE,2.52215613353773,-0.7496950874383682,11,3,0.9950637738063729
2024-11-13,ILI incidence,2024-11-10,1,LV,respicast,hubEnsemble,AE,20.872041741977,-3.7985373286815736,11,6,0.9427559061585798
2024-11-13,ILI incidence,2024-11-10,1,LV,respicast,quantileBaseline,AE,1.5,0.0,11,2,0.9979775144633655
2024-11-13,ILI incidence,2024-11-10,1,MT,ECDC,SARIMA,AE,2032.27443479066,0.17853862688547176,9,2,0.7924901703134035
2024-11-13,ILI incidence,2024-11-10,1,MT,ECDC,soca_simplex,AE,2720.33651818739,-0.24215126938317302,9,8,0.22529518303378857
2024-11-13,ILI incidence,2024-11-10,1,MT,ISI,FluABCaster,AE,2993.64124847242,-0.3802674811148912,9,9,0.0
2024-11-13,ILI incidence,2024-11-10,1,MT,ItaLuxColab,EpiEKF,AE,2256.35681377016,0.02763863175200918,9,4,0.6077707893711759
2024-11-13,ILI incidence,2024-11-10,1,MT,ItaLuxColab,EpiNetEKF,AE,2070.96110355857,0.15133340381119378,9,3,0.760599320447966
2024-11-13,ILI incidence,2024-11-10,1,MT,NotreDame,Rt_cocirc,AE,2571.0,-0.16069574900191844,9,7,0.348398790364582
2024-11-13,ILI incidence,2024-11-10,1,MT,RIVM,KFdlm,AE,1780.54504905638,0.369314923796079,9,1,1.0
2024-11-13,ILI incidence,2024-11-10,1,MT,respicast,hubEnsemble,AE,2320.98055177928,-0.013100572771194115,9,6,0.5544990554062779
2024-11-13,ILI incidence,2024-11-10,1,MT,respicast,quantileBaseline,AE,2300.0,0.0,9,5,0.5717940991046918
2024-11-13,ILI incidence,2024-11-10,1,NL,ECDC,SARIMA,AE,5.4602994765085,0.22909182550135132,16,10,0.6799457515621107
2024-11-13,ILI incidence,2024-11-10,1,NL,ECDC,soca_simplex,AE,4.79565681750371,0.41634348351653133,16,4,0.7484330526628371
2024-11-13,ILI incidence,2024-11-10,1,NL,ISI,FluABCaster,AE,4.86275422514615,0.396298228840011,16,5,0.7415190812256639
2024-11-13,ILI incidence,2024-11-10,1,NL,ISI,FluBcast,AE,6.38075449835395,0.00434487819536803,16,11,0.5850985740950521
2024-11-13,ILI incidence,2024-11-10,1,NL,ISI,GLEAM,AE,7.45,-0.2191685204621616,16,15,0.47491946110901273
2024-11-13,ILI incidence,2024-11-10,1,NL,ISI,LSTFlu,AE,12.058908927224,-0.9139555699404565,16,16,0.0
2024-11-13,ILI incidence,2024-11-10,1,NL,ISI,RC_AdaptEns2,AE,4.90428219238713,0.38402991102593104,16,6,0.7372398819326291
2024-11-13,ILI incidence,2024-11-10,1,NL,ISI,SEIR_BRW,AE,5.43897731963092,0.2347364952910652,16,9,0.6821428674986326
2024-11-13,ILI incidence,2024-11-10,1,NL,ItaLuxColab,EpiEKF,AE,6.97846177447085,-0.124837160705253,16,13,0.5235085487861015
2024-11-13,ILI incidence,2024-11-10,1,NL,ItaLuxColab,EpiNetEKF,AE,7.34498272377493,-0.198687192291988,16,14,0.4857408396650839
2024-11-13,ILI incidence,2024-11-10,1,NL,NotreDame,Rt_cocirc,AE,4.3,0.5737352452979022,16,3,0.7995074115579375
2024-11-13,ILI incidence,2024-11-10,1,NL,QMUL,SEIR,AE,2.35429729378733,1.4427753939159158,16,1,1.0
2024-11-13,ILI incidence,2024-11-10,1,NL,RIVM,KFdlm,AE,5.24027221795698,0.28843014730108885,16,7,0.7026181950212007
2024-11-13,ILI incidence,2024-11-10,1,NL,fjordhest,ensemble,AE,4.29,0.5770942573878168,16,2,0.8005378494958706
2024-11-13,ILI incidence,2024-11-10,1,NL,respicast,hubEnsemble,AE,5.3396247687939,0.26133354208009124,16,8,0.6923805312599218
2024-11-13,ILI incidence,2024-11-10,1,NL,respicast,quantileBaseline,AE,6.4,0.0,16,12,0.5831154445919876
2024-11-13,ILI incidence,2024-11-10,1,NO,ECDC,SARIMA,AE,1.7436724596056,0.7828334384057256,15,8,0.9001348076639472
2024-11-13,ILI incidence,2024-11-10,1,NO,ECDC,soca_simplex,AE,1.8160865229176,0.7241295628442109,15,10,0.8956874166806424
2024-11-13,ILI incidence,2024-11-10,1,NO,ISI,FluABCaster,AE,3.29115210334556,-0.13363020263915848,15,13,0.8050946082932214
2024-11-13,ILI incidence,2024-11-10,1,NO,ISI,FluBcast,AE,1.68043226063976,0.8361301129153428,15,7,0.9040187754707429
2024-11-13,ILI incidence,2024-11-10,1,NO,ISI,GLEAM,AE,0.360000000000003,3.0588936890535567,15,2,0.9851146049470167
2024-11-13,ILI incidence,2024-11-10,1,NO,ISI,RC_AdaptEns2,AE,0.871922041667013,1.782691445845088,15,4,0.953674338124045
2024-11-13,ILI incidence,2024-11-10,1,NO,ISI,SEIR_BRW,AE,1.36164760457296,1.1396091196299003,15,6,0.9235972929597963
2024-11-13,ILI incidence,2024-11-10,1,NO,ItaLuxColab,EpiEKF,AE,2.4387118784368,0.29884317969414753,15,11,0.857448181572644
2024-11-13,ILI incidence,2024-11-10,1,NO,ItaLuxColab,EpiNetEKF,AE,3.2986040055553,-0.1368930933344019,15,14,0.8046369413542283
2024-11-13,ILI incidence,2024-11-10,1,NO,NotreDame,Rt_cocirc,AE,16.4,-2.450661409009565,15,15,0.0
2024-11-13,ILI incidence,2024-11-10,1,NO,QMUL,ARIMA,AE,0.574027257869503,2.3857713502415847,15,3,0.971969880658737
2024-11-13,ILI incidence,2024-11-10,1,NO,RIVM,KFdlm,AE,0.117630497557499,4.672628445546523,15,1,1.0
2024-11-13,ILI incidence,2024-11-10,1,NO,fjordhest,ensemble,AE,1.75,0.777607578663552,15,9,0.8997461946679425
2024-11-13,ILI incidence,2024-11-10,1,NO,respicast,hubEnsemble,AE,0.967837431221202,1.6321258589222987,15,5,0.9477835868092686
2024-11-13,ILI incidence,2024-11-10,1,NO,respicast,quantileBaseline,AE,3.0,0.0,15,12,0.8229760415392784
2024-11-13,ILI incidence,2024-11-10,1,PL,ECDC,SARIMA,AE,37.789295962161,-0.7352853430356261,16,7,0.8578889605802561
2024-11-13,ILI incidence,2024-11-10,1,PL,ECDC,soca_simplex,AE,58.1858104235438,-1.3579750733577858,16,11,0.762015435337002
2024-11-13,ILI incidence,2024-11-10,1,PL,ISI,FluABCaster,AE,104.327414731956,-2.2003541105581603,16,15,0.5451274825545592
2024-11-13,ILI incidence,2024-11-10,1,PL,ISI,FluBcast,AE,7.55602913179695,1.5869921284461987,16,1,1.0
2024-11-13,ILI incidence,2024-11-10,1,PL,ISI,LSTFlu,AE,29.273692154168,-0.3669124200986434,16,6,0.8979164347937016
2024-11-13,ILI incidence,2024-11-10,1,PL,ISI,RC_AdaptEns2,AE,13.4413944450844,0.7560094827141076,16,2,0.9723359243071876
2024-11-13,ILI incidence,2024-11-10,1,PL,ISI,SEIR_BRW,AE,53.00755467879,-1.2235056908561546,16,8,0.7863557525907481
2024-11-13,ILI incidence,2024-11-10,1,PL,ItaLuxColab,EpiEKF,AE,53.554602380409,-1.2383182652478928,16,9,0.7837843626736261
2024-11-13,ILI incidence,2024-11-10,1,PL,ItaLuxColab,EpiNetEKF,AE,56.244658720255,-1.309023799636927,16,10,0.7711397912252886
2024-11-13,ILI incidence,2024-11-10,1,PL,NotreDame,Rt_cocirc,AE,220.3,-3.278705292409968,16,16,0.0
2024-11-13,ILI incidence,2024-11-10,1,PL,QMUL,ARIMA,AE,59.9283856384668,-1.4005472133394614,16,12,0.7538244853993299
2024-11-13,ILI incidence,2024-11-10,1,PL,QMUL,SEIR,AE,102.717228999971,-2.177913985922193,16,14,0.5526961376163871
2024-11-13,ILI incidence,2024-11-10,1,PL,RIVM,KFdlm,AE,79.7386012101787,-1.812586000008185,16,13,0.6607068497226671
2024-11-13,ILI incidence,2024-11-10,1,PL,fjordhest,ensemble,AE,17.51,0.3745132137447193,16,3,0.9532115019401907
2024-11-13,ILI incidence,2024-11-10,1,PL,respicast,hubEnsemble,AE,23.391846077084,-0.04331342570288007,16,5,0.9255639683669461
2024-11-13,ILI incidence,2024-11-10,1,PL,respicast,quantileBaseline,AE,22.7,0.0,16,4,0.9288159809822066
2024-11-13,ILI incidence,2024-11-10,1,RO,ECDC,SARIMA,AE,0.50631220003913,-2.3400272476763133,11,9,0.5667782159916375
2024-11-13,ILI incidence,2024-11-10,1,RO,ECDC,soca_simplex,AE,0.525947806941758,-2.394919639056841,11,10,0.5480326156088805
2024-11-13,ILI incidence,2024-11-10,1,RO,ISI,FluABCaster,AE,0.0711212029523216,0.49164836860112565,11,2,0.9822436794233271
2024-11-13,ILI incidence,2024-11-10,1,RO,ISI,FluBcast,AE,0.0525218450357138,0.9290104974471088,11,1,1.0
2024-11-13,ILI incidence,2024-11-10,1,RO,ItaLuxColab,EpiEKF,AE,0.320310338947473,-1.679470366041154,11,6,0.7443493282961214
2024-11-13,ILI incidence,2024-11-10,1,RO,ItaLuxColab,EpiNetEKF,AE,0.371345931970064,-1.8927637739242273,11,7,0.695626982363923
2024-11-13,ILI incidence,2024-11-10,1,RO,NotreDame,Rt_cocirc,AE,1.1,-3.4594316186372973,11,11,0.0
2024-11-13,ILI incidence,2024-11-10,1,RO,QMUL,SEIR,AE,0.419801629388977,-2.0697077662175727,11,8,0.6493675952929199
2024-11-13,ILI incidence,2024-11-10,1,RO,RIVM,KFdlm,AE,0.27622262412066,-1.4658314889296362,11,5,0.7864387166216624
2024-11-13,ILI incidence,2024-11-10,1,RO,respicast,hubEnsemble,AE,0.0711212029523219,0.49164836860111977,11,3,0.9822436794233269
2024-11-13,ILI incidence,2024-11-10,1,RO,respicast,quantileBaseline,AE,0.1,0.0,11,4,0.954673847144903
2024-11-13,ILI incidence,2024-11-10,1,SI,ECDC,SARIMA,AE,1.19792731056869,0.6654590495477986,13,2,0.9698549785464269
2024-11-13,ILI incidence,2024-11-10,1,SI,ECDC,soca_simplex,AE,1.9655203913138,-0.04891191253964039,13,8,0.9428840340367604
2024-11-13,ILI incidence,2024-11-10,1,SI,ISI,FluABCaster,AE,1.63591095093507,0.21590519970253189,13,5,0.9544655322932161
2024-11-13,ILI incidence,2024-11-10,1,SI,ISI,FluBcast,AE,2.53369308794668,-0.41524235954770083,13,11,0.9229201304305453
2024-11-13,ILI incidence,2024-11-10,1,SI,ISI,GLEAM,AE,2.21,-0.21804695106048383,13,9,0.9342937456078707
2024-11-13,ILI incidence,2024-11-10,1,SI,ItaLuxColab,EpiEKF,AE,1.55413642701032,0.2898862649186277,13,4,0.957338846556208
2024-11-13,ILI incidence,2024-11-10,1,SI,ItaLuxColab,EpiNetEKF,AE,2.35824266914905,-0.3117127643773682,13,10,0.9290849378373489
2024-11-13,ILI incidence,2024-11-10,1,SI,NotreDame,Rt_cocirc,AE,28.8,-3.921997487998727,13,13,0.0
2024-11-13,ILI incidence,2024-11-10,1,SI,QMUL,SEIR,AE,3.42956995038311,-0.8520282629884192,13,12,0.8914416742662296
2024-11-13,ILI incidence,2024-11-10,1,SI,RIVM,KFdlm,AE,1.38254325395694,0.45867480153709866,13,3,0.9633681217864744
2024-11-13,ILI incidence,2024-11-10,1,SI,fjordhest,ensemble,AE,0.34,2.4823927670806083,13,1,1.0
2024-11-13,ILI incidence,2024-11-10,1,SI,respicast,hubEnsemble,AE,1.63591095093507,0.21590519970253189,13,5,0.9544655322932161
2024-11-13,ILI incidence,2024-11-10,1,SI,respicast,quantileBaseline,AE,1.9,0.0,13,7,0.9451862262825018
2024-11-13,ILI incidence,2024-11-17,2,AT,ECDC,soca_simplex,AE,866.131752202186,-1.3635513214839623,9,7,0.824125168638299
2024-11-13,ILI incidence,2024-11-17,2,AT,ISI,FluABCaster,AE,170.17264617068,0.9840360221670872,9,1,1.0
2024-11-13,ILI incidence,2024-11-17,2,AT,ISI,SEIR_BRW,AE,481.758043096633,-0.517273576285436,9,4,0.9212596995079192
2024-11-13,ILI incidence,2024-11-17,2,AT,ItaLuxColab,EpiEKF,AE,572.43624899721,-0.766079855621511,9,5,0.8983445396476162
2024-11-13,ILI incidence,2024-11-17,2,AT,ItaLuxColab,EpiNetEKF,AE,615.89273281355,-0.8716439286134523,9,6,0.8873627137090885
2024-11-13,ILI incidence,2024-11-17,2,AT,NotreDame,Rt_cocirc,AE,4127.3,-3.616091225181401,9,9,0.0
2024-11-13,ILI incidence,2024-11-17,2,AT,RIVM,KFdlm,AE,923.042964326882,-1.4553626250262963,9,8,0.8097432175318674
2024-11-13,ILI incidence,2024-11-17,2,AT,respicast,hubEnsemble,AE,347.97955301575,-0.047967360356076044,9,3,0.9550666706056337
2024-11-13,ILI incidence,2024-11-17,2,AT,respicast,quantileBaseline,AE,336.6,0.0,9,2,0.9579423811901662
2024-11-13,ILI incidence,2024-11-17,2,BE,ECDC,SARIMA,AE,36.2302628913265,0.7156943942154418,16,3,0.9645077111603219
2024-11-13,ILI incidence,2024-11-17,2,BE,ECDC,soca_simplex,AE,68.6842621364429,-0.20708989876340583,16,11,0.7785946541737079
2024-11-13,ILI incidence,2024-11-17,2,BE,ISI,FluABCaster,AE,34.1323132631005,0.8017514743146088,16,2,0.9765258364410181
2024-11-13,ILI incidence,2024-11-17,2,BE,ISI,GLEAM,AE,53.6,0.15065666773753336,16,8,0.8650049996289149
2024-11-13,ILI incidence,2024-11-17,2,BE,ISI,LSTFlu,AE,110.9,-0.8982977919664041,16,15,0.5367613805644326
2024-11-13,ILI incidence,2024-11-17,2,BE,ISI,RC_AdaptEns2,AE,43.9239389364773,0.4378822327178725,16,7,0.9204344115273374
2024-11-13,ILI incidence,2024-11-17,2,BE,ISI,SEIR_BRW,AE,36.5618519139671,0.7025505214537207,16,5,0.9626082001510093
2024-11-13,ILI incidence,2024-11-17,2,BE,ItaLuxColab,EpiEKF,AE,75.2766875835232,-0.3393134778184995,16,12,0.7408298795286394
2024-11-13,ILI incidence,2024-11-17,2,BE,ItaLuxColab,EpiNetEKF,AE,66.1202085520255,-0.1522016066709048,16,10,0.7932828605964727
2024-11-13,ILI incidence,2024-11-17,2,BE,NotreDame,Rt_cocirc,AE,204.6,-1.7818445715500226,16,16,0.0
2024-11-13,ILI incidence,2024-11-17,2,BE,QMUL,SEIR,AE,103.830985983076,-0.8032754737571303,16,14,0.577256297565003
2024-11-13,ILI incidence,2024-11-17,2,BE,QMUL,SEIR_agumented,AE,99.3252040678863,-0.7392701839745965,16,13,0.6030677140145171
2024-11-13,ILI incidence,2024-11-17,2,BE,RIVM,KFdlm,AE,30.0345349856028,0.986267341135463,16,1,1.0
2024-11-13,ILI incidence,2024-11-17,2,BE,fjordhest,ensemble,AE,36.26,0.7145107433385103,16,4,0.9643373618379572
2024-11-13,ILI incidence,2024-11-17,2,BE,respicast,hubEnsemble,AE,36.5618519139671,0.7025505214537207,16,5,0.9626082001510093
2024-11-13,ILI incidence,2024-11-17,2,BE,respicast,quantileBaseline,AE,59.5,0.0,16,9,0.8312067910341426
2024-11-13,ILI incidence,2024-11-17,2,CH,ECDC,SARIMA,AE,3.81599940153019,1.379478616482958,11,2,0.9678235516306767
2024-11-13,ILI incidence,2024-11-17,2,CH,ECDC,soca_simplex,AE,4.74723670300802,1.064451575472138,11,4,0.9581668624229747
2024-11-13,ILI incidence,2024-11-17,2,CH,ISI,FluABCaster,AE,5.92970152486222,0.7435800739007228,11,6,0.9459050090097082
2024-11-13,ILI incidence,2024-11-17,2,CH,ISI,FluBcast,AE,13.405320284631,-0.43319422243134237,11,10,0.8683847820130094
2024-11-13,ILI incidence,2024-11-17,2,CH,ISI,GLEAM,AE,97.1475101441966,-3.290565553849892,11,11,0.0
2024-11-13,ILI incidence,2024-11-17,2,CH,ISI,SEIR_BRW,AE,5.38575608355981,0.8823906687125407,11,5,0.9515455821098922
2024-11-13,ILI incidence,2024-11-17,2,CH,ItaLuxColab,EpiEKF,AE,0.713082003433705,3.7993996623306945,11,1,1.0
2024-11-13,ILI incidence,2024-11-17,2,CH,ItaLuxColab,EpiNetEKF,AE,9.27212675415449,0.09863927279497134,11,8,0.9112449265709612
2024-11-13,ILI incidence,2024-11-17,2,CH,RIVM,KFdlm,AE,7.40775130684051,0.4225038963386257,11,7,0.9305780162491889
2024-11-13,ILI incidence,2024-11-17,2,CH,respicast,hubEnsemble,AE,4.2816180522691,1.213383457732942,11,3,0.9629952070268257
2024-11-13,ILI incidence,2024-11-17,2,CH,respicast,quantileBaseline,AE,9.92825080936638,0.0,11,9,0.9044410903491695
2024-11-13,ILI incidence,2024-11-17,2,CZ,ECDC,SARIMA,AE,3.0822556718847,0.09847948667372197,15,10,0.9399861555767587
2024-11-13,ILI incidence,2024-11-17,2,CZ,ECDC,soca_simplex,AE,3.6231426343362,-0.13477557784204036,15,12,0.9285654004574282
2024-11-13,ILI incidence,2024-11-17,2,CZ,ISI,FluABCaster,AE,2.05100899637108,0.686132204524863,15,7,0.96176078977257
2024-11-13,ILI incidence,2024-11-17,2,CZ,ISI,FluBcast,AE,0.982806921942256,1.7474861006728248,15,2,0.9843157322225029
2024-11-13,ILI incidence,2024-11-17,2,CZ,ISI,GLEAM,AE,0.239999999999998,3.7813597135246715,15,1,1.0
2024-11-13,ILI incidence,2024-11-17,2,CZ,ISI,RC_AdaptEns2,AE,1.93811566960769,0.7678113489763041,15,6,0.964144517111324
2024-11-13,ILI incidence,2024-11-17,2,CZ,ISI,SEIR_BRW,AE,2.73345567242125,0.27174004446919836,15,9,0.9473510204302944
2024-11-13,ILI incidence,2024-11-17,2,CZ,ItaLuxColab,EpiEKF,AE,1.8344968437912,0.8470816020054861,15,5,0.9663324146158951
2024-11-13,ILI incidence,2024-11-17,2,CZ,ItaLuxColab,EpiNetEKF,AE,2.5905374334073,0.3492145937103951,15,8,0.9503687197337984
2024-11-13,ILI incidence,2024-11-17,2,CZ,NotreDame,Rt_cocirc,AE,47.6,-3.8504236439494903,15,15,0.0
2024-11-13,ILI incidence,2024-11-17,2,CZ,QMUL,SEIR,AE,17.5454157354302,-2.410556202957581,15,14,0.6345984853160852
2024-11-13,ILI incidence,2024-11-17,2,CZ,RIVM,KFdlm,AE,1.15947446162017,1.5089949806835445,15,4,0.9805854209961956
2024-11-13,ILI incidence,2024-11-17,2,CZ,fjordhest,ensemble,AE,4.52,-0.4538567481693719,15,13,0.9096283783783782
2024-11-13,ILI incidence,2024-11-17,2,CZ,respicast,hubEnsemble,AE,0.982806921942299,1.7474861006727618,15,3,0.984315732222502
2024-11-13,ILI incidence,2024-11-17,2,CZ,respicast,quantileBaseline,AE,3.3,0.0,15,11,0.9353885135135135
2024-11-13,ILI incidence,2024-11-17,2,DK,ECDC,SARIMA,AE,18.708028070767,0.46929459932532014,17,6,0.9160552883126265
2024-11-13,ILI incidence,2024-11-17,2,DK,ECDC,soca_simplex,AE,27.3832178716303,-0.08033989341232563,17,10,0.8204148394258824
2024-11-13,ILI incidence,2024-11-17,2,DK,ISI,FluABCaster,AE,94.2989519913756,-1.8642896394228279,17,16,0.08269601186068158
2024-11-13,ILI incidence,2024-11-17,2,DK,ISI,FluBcast,AE,48.4220608710656,-0.9027123846715014,17,14,0.5884701287379976
2024-11-13,ILI incidence,2024-11-17,2,DK,ISI,GLEAM,AE,92.3,-1.8333785499592203,17,15,0.10473364678818356
2024-11-13,ILI incidence,2024-11-17,2,DK,ISI,RC_AdaptEns2,AE,17.5082825057988,0.5649145299538997,17,4,0.9292819965481075
2024-11-13,ILI incidence,2024-11-17,2,DK,ISI,SEIR_BRW,AE,33.8040120887585,-0.38424238756158674,17,11,0.7496281874641649
2024-11-13,ILI incidence,2024-11-17,2,DK,ItaLuxColab,EpiEKF,AE,11.739444283838,1.1415879814508052,17,2,0.9928810980972671
2024-11-13,ILI incidence,2024-11-17,2,DK,ItaLuxColab,EpiNetEKF,AE,12.910598459648,1.004396220833335,17,3,0.9799695983305522
2024-11-13,ILI incidence,2024-11-17,2,DK,NotreDame,Rt_cocirc,AE,101.8,-1.9747135583891413,17,17,0.0
2024-11-13,ILI incidence,2024-11-17,2,DK,QMUL,ARIMA,AE,11.093715139958,1.2232095118145823,17,1,1.0
2024-11-13,ILI incidence,2024-11-17,2,DK,QMUL,SEIR,AE,47.3358923347528,-0.8699824208899087,17,13,0.6004446962995369
2024-11-13,ILI incidence,2024-11-17,2,DK,QMUL,SEIR_agumented,AE,40.161428699073,-0.6328584945941129,17,12,0.6795402479115322
2024-11-13,ILI incidence,2024-11-17,2,DK,RIVM,KFdlm,AE,26.9883062061617,-0.059382337779537976,17,8,0.8247685803610111
2024-11-13,ILI incidence,2024-11-17,2,DK,fjordhest,ensemble,AE,18.11,0.5161655516237482,17,5,0.9226483052319033
2024-11-13,ILI incidence,2024-11-17,2,DK,respicast,hubEnsemble,AE,27.185762038896,-0.06989917069973046,17,9,0.8225917098934467
2024-11-13,ILI incidence,2024-11-17,2,DK,respicast,quantileBaseline,AE,25.9,0.0,17,7,0.836766714865593
2024-11-13,ILI incidence,2024-11-17,2,EE,ECDC,SARIMA,AE,5.304880915312,-0.23739536424680668,14,3,0.9809695398315121
2024-11-13,ILI incidence,2024-11-17,2,EE,ECDC,soca_simplex,AE,62.7156117500225,-3.800827710169149,14,11,0.7021599405525071
2024-11-13,ILI incidence,2024-11-17,2,EE,ISI,FluABCaster,AE,90.4973479338291,-4.32987860742238,14,13,0.5672406559507679
2024-11-13,ILI incidence,2024-11-17,2,EE,ISI,FluBcast,AE,1.3862474492511,1.6987401956675356,14,1,1.0
2024-11-13,ILI incidence,2024-11-17,2,EE,ISI,GLEAM,AE,18.15,-2.011972641666076,14,5,0.9185884753053716
2024-11-13,ILI incidence,2024-11-17,2,EE,ISI,RC_AdaptEns2,AE,28.995103895802,-2.68781240121664,14,9,0.8659202889338511
2024-11-13,ILI incidence,2024-11-17,2,EE,ISI,SEIR_BRW,AE,45.2332019609356,-3.3293852183035733,14,10,0.7870615538373129
2024-11-13,ILI incidence,2024-11-17,2,EE,ItaLuxColab,EpiEKF,AE,22.606143870728,-2.328718013308292,14,6,0.8969476484274789
2024-11-13,ILI incidence,2024-11-17,2,EE,ItaLuxColab,EpiNetEKF,AE,25.437464985146,-2.4989579969451734,14,7,0.8831976143508564
2024-11-13,ILI incidence,2024-11-17,2,EE,NotreDame,Rt_cocirc,AE,207.3,-5.52565130477974,14,14,0.0
2024-11-13,ILI incidence,2024-11-17,2,EE,QMUL,SEIR,AE,64.1176345039464,-3.8327242944774786,14,12,0.6953511541720132
2024-11-13,ILI incidence,2024-11-17,2,EE,RIVM,KFdlm,AE,27.5676681143242,-2.6149803316969855,14,8,0.8728524911971555
2024-11-13,ILI incidence,2024-11-17,2,EE,respicast,hubEnsemble,AE,11.727440457656,-1.3818912694729344,14,4,0.9497790075684418
2024-11-13,ILI incidence,2024-11-17,2,EE,respicast,quantileBaseline,AE,4.5,0.0,14,2,0.9848783652758624
2024-11-13,ILI incidence,2024-11-17,2,FR,ECDC,soca_simplex,AE,10.2907109866711,-0.5977360102032643,13,5,0.9888866253210087
2024-11-13,ILI incidence,2024-11-17,2,FR,ISI,FluABCaster,AE,38.7486376616918,-2.5105389370203834,13,12,0.8982851395679979
2024-11-13,ILI incidence,2024-11-17,2,FR,ISI,FluBcast,AE,29.390349378953,-2.1117358577105363,13,11,0.9280791169087774
2024-11-13,ILI incidence,2024-11-17,2,FR,ISI,GLEAM,AE,14.83,-1.1249119463169328,13,6,0.974434893346068
2024-11-13,ILI incidence,2024-11-17,2,FR,ISI,RC_AdaptEns2,AE,18.1089740163855,-1.4130981596715246,13,7,0.963995625544777
2024-11-13,ILI incidence,2024-11-17,2,FR,ISI,SEIR_BRW,AE,22.2636360453022,-1.7110825780481287,13,8,0.9507684302919381
2024-11-13,ILI incidence,2024-11-17,2,FR,ItaLuxColab,EpiEKF,AE,24.2554703322044,-1.8347035032935683,13,10,0.9444270285507658
2024-11-13,ILI incidence,2024-11-17,2,FR,ItaLuxColab,EpiNetEKF,AE,23.540143840033,-1.7915164843921774,13,9,0.9467044131167366
2024-11-13,ILI incidence,2024-11-17,2,FR,NotreDame,Rt_cocirc,AE,320.9,-5.560445233031472,13,13,0.0
2024-11-13,ILI incidence,2024-11-17,2,FR,RIVM,KFdlm,AE,10.2212541294859,-0.5879655717456042,13,4,0.9891077550796373
2024-11-13,ILI incidence,2024-11-17,2,FR,fjordhest,ensemble,AE,8.05999999999999,-0.24524509239026795,13,2,0.9959885386819483
2024-11-13,ILI incidence,2024-11-17,2,FR,respicast,hubEnsemble,AE,9.17535549333549,-0.4322293089810704,13,3,0.9924375820014788
2024-11-13,ILI incidence,2024-11-17,2,FR,respicast,quantileBaseline,AE,6.79999999999998,0.0,13,1,1.0
2024-11-13,ILI incidence,2024-11-17,2,GB-ENG,ECDC,SARIMA,AE,0.341157029007393,-1.056661412015019,10,8,0.30529488267176186
2024-11-13,ILI incidence,2024-11-17,2,GB-ENG,ECDC,soca_simplex,AE,0.146606050497929,0.16182988369016058,10,3,0.8325073605471396
2024-11-13,ILI incidence,2024-11-17,2,GB-ENG,ISI,FluABCaster,AE,0.404540258366548,-1.30250875246554,10,9,0.1335330665030606
2024-11-13,ILI incidence,2024-11-17,2,GB-ENG,ISI,FluBcast,AE,0.332784436956789,-1.0208134367132984,10,7,0.3279837174186089
2024-11-13,ILI incidence,2024-11-17,2,GB-ENG,ISI,GLEAM,AE,0.0847982248751267,0.9516685595269896,10,1,1.0
2024-11-13,ILI incidence,2024-11-17,2,GB-ENG,ISI,SEIR_BRW,AE,0.204211686128645,-0.3162908985469551,10,5,0.6764022094287218
2024-11-13,ILI incidence,2024-11-17,2,GB-ENG,ItaLuxColab,EpiEKF,AE,0.255994272848803,-0.6423370052795672,10,6,0.5360769020738523
2024-11-13,ILI incidence,2024-11-17,2,GB-ENG,RIVM,KFdlm,AE,0.453816384865361,-1.4683341688314333,10,10,0.0
2024-11-13,ILI incidence,2024-11-17,2,GB-ENG,respicast,hubEnsemble,AE,0.0847982248751267,0.9516685595269896,10,1,1.0
2024-11-13,ILI incidence,2024-11-17,2,GB-ENG,respicast,quantileBaseline,AE,0.164008948172978,0.0,10,4,0.7853473571600174
2024-11-13,ILI incidence,2024-11-17,2,GB-NIR,ECDC,soca_simplex,AE,1.69511588809953,-1.0040063736825524,9,9,0.0
2024-11-13,ILI incidence,2024-11-17,2,GB-NIR,ISI,FluABCaster,AE,0.299197755709027,1.4982062754936245,9,3,0.88150440751742
2024-11-13,ILI incidence,2024-11-17,2,GB-NIR,ISI,FluBcast,AE,0.971640349487099,-0.20111677321673813,9,7,0.4568655290162031
2024-11-13,ILI incidence,2024-11-17,2,GB-NIR,ISI,GLEAM,AE,1.36304269445544,-0.689453218073715,9,8,0.20969996522243234
2024-11-13,ILI incidence,2024-11-17,2,GB-NIR,ISI,SEIR_BRW,AE,0.111552470280865,2.921583167273681,9,1,1.0
2024-11-13,ILI incidence,2024-11-17,2,GB-NIR,ItaLuxColab,EpiEKF,AE,0.192476439302643,2.1346237701722797,9,2,0.9488975508582728
2024-11-13,ILI incidence,2024-11-17,2,GB-NIR,RIVM,KFdlm,AE,0.707094853521872,0.257401870143129,9,5,0.6239226187345515
2024-11-13,ILI incidence,2024-11-17,2,GB-NIR,respicast,hubEnsemble,AE,0.503146304615447,0.7483276619298647,9,4,0.7527135131259873
2024-11-13,ILI incidence,2024-11-17,2,GB-NIR,respicast,quantileBaseline,AE,0.84520753508744,0.0,9,6,0.5367062306748827
2024-11-13,ILI incidence,2024-11-17,2,GB-SCT,ECDC,SARIMA,AE,2.49419092322736,-0.21951022677304993,11,9,0.1195443042688612
2024-11-13,ILI incidence,2024-11-17,2,GB-SCT,ECDC,soca_simplex,AE,1.64381605336206,0.38201280952892874,11,4,0.4977529146511048
2024-11-13,ILI incidence,2024-11-17,2,GB-SCT,ISI,FluABCaster,AE,1.29039352308212,0.7312505745730057,11,3,0.6549394082690614
2024-11-13,ILI incidence,2024-11-17,2,GB-SCT,ISI,FluBcast,AE,0.523075719907806,2.033969967061899,11,2,0.996207959756339
2024-11-13,ILI incidence,2024-11-17,2,GB-SCT,ISI,GLEAM,AE,0.51454959004136,2.057679647249982,11,1,1.0
2024-11-13,ILI incidence,2024-11-17,2,GB-SCT,ISI,SEIR_BRW,AE,2.76297769696852,-0.3671622397920844,11,11,0.0
2024-11-13,ILI incidence,2024-11-17,2,GB-SCT,ItaLuxColab,EpiEKF,AE,2.2255685421737,-0.05511225619465688,11,7,0.2390154940418692
2024-11-13,ILI incidence,2024-11-17,2,GB-SCT,QMUL,ARIMA,AE,2.31139459646747,-0.10970189789435505,11,8,0.20084391362560006
2024-11-13,ILI incidence,2024-11-17,2,GB-SCT,RIVM,KFdlm,AE,2.66778352646556,-0.31657992898885845,11,10,0.04233809842959941
2024-11-13,ILI incidence,2024-11-17,2,GB-SCT,respicast,hubEnsemble,AE,1.97760532491476,0.11530714385557533,11,5,0.34929841413835466
2024-11-13,ILI incidence,2024-11-17,2,GB-SCT,respicast,quantileBaseline,AE,2.14215322387235,0.0,11,6,0.27611488718873334
2024-11-13,ILI incidence,2024-11-17,2,GR,ECDC,SARIMA,AE,71.855555740261,-0.06059572460973336,16,8,0.8932065680903224
2024-11-13,ILI incidence,2024-11-17,2,GR,ECDC,soca_simplex,AE,127.852861616445,-0.8919085634536807,16,14,0.8091362622213361
2024-11-13,ILI incidence,2024-11-17,2,GR,ISI,FluABCaster,AE,17.7431787865733,1.9572394835050406,16,2,0.9744469779745636
2024-11-13,ILI incidence,2024-11-17,2,GR,ISI,FluBcast,AE,70.1873450490615,-0.026706949583530322,16,7,0.8957110989935262
2024-11-13,ILI incidence,2024-11-17,2,GR,ISI,RC_AdaptEns2,AE,27.7248138044706,1.3133262114251414,16,3,0.9594612729322052
2024-11-13,ILI incidence,2024-11-17,2,GR,ISI,SEIR_BRW,AE,465.643152045324,-2.756648873719986,16,15,0.30200234583755714
2024-11-13,ILI incidence,2024-11-17,2,GR,ItaLuxColab,EpiEKF,AE,0.722895874208007,6.574572316097991,16,1,1.0
2024-11-13,ILI incidence,2024-11-17,2,GR,ItaLuxColab,EpiNetEKF,AE,79.564361402641,-0.20761837822829135,16,11,0.881633124693709
2024-11-13,ILI incidence,2024-11-17,2,GR,NotreDame,Rt_cocirc,AE,666.8,-3.274678216282123,16,16,0.0
2024-11-13,ILI incidence,2024-11-17,2,GR,QMUL,ARIMA,AE,64.1360842752341,0.10336770787076086,16,5,0.9047960243517841
2024-11-13,ILI incidence,2024-11-17,2,GR,QMUL,SEIR,AE,77.0145097333889,-0.16062629597347475,16,10,0.8854612876097707
2024-11-13,ILI incidence,2024-11-17,2,GR,QMUL,SEIR_agumented,AE,46.2838757188325,0.5739943050394096,16,4,0.9315980393825095
2024-11-13,ILI incidence,2024-11-17,2,GR,RIVM,KFdlm,AE,102.104500321069,-0.5674705672803052,16,12,0.8477929900023787
2024-11-13,ILI incidence,2024-11-17,2,GR,fjordhest,ensemble,AE,118.28,-0.7796302605286684,16,13,0.8235082644372194
2024-11-13,ILI incidence,2024-11-17,2,GR,respicast,hubEnsemble,AE,71.855555740261,-0.06059572460973336,16,8,0.8932065680903224
2024-11-13,ILI incidence,2024-11-17,2,GR,respicast,quantileBaseline,AE,68.9000000000001,0.0,16,6,0.897643825762075
2024-11-13,ILI incidence,2024-11-17,2,HU,ECDC,SARIMA,AE,66.163580675886,-0.5338431478769586,14,11,0.6793496028071684
2024-11-13,ILI incidence,2024-11-17,2,HU,ECDC,soca_simplex,AE,51.2008632566079,-0.16397396926865274,14,8,0.7876755194280118
2024-11-13,ILI incidence,2024-11-17,2,HU,ISI,FluABCaster,AE,31.1499919919463,0.5529623729226986,14,3,0.9328382561106238
2024-11-13,ILI incidence,2024-11-17,2,HU,ISI,RC_AdaptEns2,AE,21.8731520024908,1.0630330321996002,14,1,1.0
2024-11-13,ILI incidence,2024-11-17,2,HU,ISI,SEIR_BRW,AE,81.9962569360296,-0.8433638880683386,14,13,0.5647254259025517
2024-11-13,ILI incidence,2024-11-17,2,HU,ItaLuxColab,EpiEKF,AE,63.469386568099,-0.47386673375079913,14,10,0.6988548195470421
2024-11-13,ILI incidence,2024-11-17,2,HU,ItaLuxColab,EpiNetEKF,AE,57.042953666197,-0.31985452072794635,14,9,0.7453804081278941
2024-11-13,ILI incidence,2024-11-17,2,HU,NotreDame,Rt_cocirc,AE,160.0,-1.807805834716655,14,14,0.0
2024-11-13,ILI incidence,2024-11-17,2,HU,QMUL,ARIMA,AE,39.9361479716436,0.1944989804787363,14,5,0.8692289281119444
2024-11-13,ILI incidence,2024-11-17,2,HU,QMUL,SEIR,AE,81.3591833824664,-0.8321110333813578,14,12,0.5693376614150474
2024-11-13,ILI incidence,2024-11-17,2,HU,QMUL,SEIR_agumented,AE,25.06496840018,0.8665217499914282,14,2,0.9768921361490364
2024-11-13,ILI incidence,2024-11-17,2,HU,RIVM,KFdlm,AE,36.3643675021011,0.32966868205436545,14,4,0.8950876262674754
2024-11-13,ILI incidence,2024-11-17,2,HU,respicast,hubEnsemble,AE,39.936147971644,0.19449898047872172,14,6,0.8692289281119415
2024-11-13,ILI incidence,2024-11-17,2,HU,respicast,quantileBaseline,AE,45.7,0.0,14,7,0.827500240952875
2024-11-13,ILI incidence,2024-11-17,2,IE,ECDC,SARIMA,AE,1.64934467286153,0.3484964094877271,15,6,0.9146741678788631
2024-11-13,ILI incidence,2024-11-17,2,IE,ECDC,soca_simplex,AE,2.72388778704963,-0.3752779435931097,15,14,0.7712051445685774
2024-11-13,ILI incidence,2024-11-17,2,IE,ISI,FluABCaster,AE,1.01027790253966,1.0556371304905923,15,1,1.0
2024-11-13,ILI incidence,2024-11-17,2,IE,ISI,FluBcast,AE,1.61213317139627,0.38141840426284473,15,5,0.919642509958989
2024-11-13,ILI incidence,2024-11-17,2,IE,ISI,GLEAM,AE,2.58,-0.2969817377571315,15,13,0.790416509847193
2024-11-13,ILI incidence,2024-11-17,2,IE,ISI,RC_AdaptEns2,AE,1.68617246454501,0.3166372227983317,15,7,0.909757057309972
2024-11-13,ILI incidence,2024-11-17,2,IE,ISI,SEIR_BRW,AE,1.94955314497702,0.10724584463584771,15,11,0.8745914427511462
2024-11-13,ILI incidence,2024-11-17,2,IE,ItaLuxColab,EpiEKF,AE,1.34634133610546,0.6413451070389874,15,3,0.9551300529989285
2024-11-13,ILI incidence,2024-11-17,2,IE,ItaLuxColab,EpiNetEKF,AE,1.53801051152526,0.4493239644658183,15,4,0.9295390934245015
2024-11-13,ILI incidence,2024-11-17,2,IE,NotreDame,Rt_cocirc,AE,8.5,-2.0170735133589415,15,15,0.0
2024-11-13,ILI incidence,2024-11-17,2,IE,QMUL,SEIR,AE,1.15285522969462,0.8651779705954658,15,2,0.9809636024808844
2024-11-13,ILI incidence,2024-11-17,2,IE,RIVM,KFdlm,AE,1.89226525966935,0.15027498657909377,15,10,0.8822403093662501
2024-11-13,ILI incidence,2024-11-17,2,IE,fjordhest,ensemble,AE,1.82,0.20645087746742652,15,9,0.8918888996248732
2024-11-13,ILI incidence,2024-11-17,2,IE,respicast,hubEnsemble,AE,1.68617246454501,0.3166372227983317,15,7,0.909757057309972
2024-11-13,ILI incidence,2024-11-17,2,IE,respicast,quantileBaseline,AE,2.1,0.0,15,12,0.8545043349699385
2024-11-13,ILI incidence,2024-11-17,2,IS,ECDC,SARIMA,AE,0.87183301129825,0.19787626360354968,12,10,0.2937594088977037
2024-11-13,ILI incidence,2024-11-17,2,IS,ECDC,soca_simplex,AE,1.20606044069111,-0.27030220848209563,12,12,0.0
2024-11-13,ILI incidence,2024-11-17,2,IS,ISI,FluABCaster,AE,0.0683013791277456,3.8719414803564045,12,1,1.0
2024-11-13,ILI incidence,2024-11-17,2,IS,ISI,FluBcast,AE,0.150635087988647,2.7308702334362303,12,2,0.9276351983101159
2024-11-13,ILI incidence,2024-11-17,2,IS,ISI,GLEAM,AE,0.72,0.47393118833241227,12,8,0.42720858669605083
2024-11-13,ILI incidence,2024-11-17,2,IS,ISI,RC_AdaptEns2,AE,0.774564507951073,0.3685426990931371,12,9,0.37925071073231437
2024-11-13,ILI incidence,2024-11-17,2,IS,ISI,SEIR_BRW,AE,0.440013445946267,1.1843804845383183,12,4,0.6732945670344636
2024-11-13,ILI incidence,2024-11-17,2,IS,ItaLuxColab,EpiEKF,AE,0.48529561529389,1.0430642696551005,12,5,0.6334951306885979
2024-11-13,ILI incidence,2024-11-17,2,IS,ItaLuxColab,EpiNetEKF,AE,0.61565206753254,0.699812845036641,12,6,0.5189221453857775
2024-11-13,ILI incidence,2024-11-17,2,IS,RIVM,KFdlm,AE,0.424632018989037,1.2357149344423295,12,3,0.6868136217068076
2024-11-13,ILI incidence,2024-11-17,2,IS,respicast,hubEnsemble,AE,0.61565206753254,0.699812845036641,12,6,0.5189221453857775
2024-11-13,ILI incidence,2024-11-17,2,IS,respicast,quantileBaseline,AE,1.0,0.0,12,11,0.18111078843702444
2024-11-13,ILI incidence,2024-11-17,2,IT,respicast,quantileBaseline,AE,327.45,0.0,1,1,0.0
2024-11-13,ILI incidence,2024-11-17,2,LT,ECDC,SARIMA,AE,4.15038347355276,-0.08977051605915234,14,12,0.9748765019510092
2024-11-13,ILI incidence,2024-11-17,2,LT,ECDC,soca_simplex,AE,4.17494359440836,-0.09828258220652215,14,13,0.9746946321868661
2024-11-13,ILI incidence,2024-11-17,2,LT,ISI,FluABCaster,AE,0.757647186101661,2.363876034525105,14,1,1.0
2024-11-13,ILI incidence,2024-11-17,2,LT,ISI,FluBcast,AE,0.832509700505512,2.2279351361201973,14,2,0.99944563677362
2024-11-13,ILI incidence,2024-11-17,2,LT,ISI,GLEAM,AE,0.91,2.0995356735509145,14,3,0.9988718145772512
2024-11-13,ILI incidence,2024-11-17,2,LT,ISI,SEIR_BRW,AE,2.41813868786083,0.6895771339158852,14,8,0.9877039205318979
2024-11-13,ILI incidence,2024-11-17,2,LT,ItaLuxColab,EpiEKF,AE,2.24251566194938,0.798356062871466,14,7,0.9890044238351355
2024-11-13,ILI incidence,2024-11-17,2,LT,ItaLuxColab,EpiNetEKF,AE,2.77090595864798,0.4931163757302453,14,9,0.9850916491708287
2024-11-13,ILI incidence,2024-11-17,2,LT,NotreDame,Rt_cocirc,AE,135.8,-5.121865545382484,14,14,0.0
2024-11-13,ILI incidence,2024-11-17,2,LT,QMUL,SEIR,AE,1.36053679093602,1.5192981542426536,14,5,0.9955355516823289
2024-11-13,ILI incidence,2024-11-17,2,LT,RIVM,KFdlm,AE,1.34860205326335,1.5320094246734939,14,4,0.9956239294203049
2024-11-13,ILI incidence,2024-11-17,2,LT,fjordhest,ensemble,AE,3.44,0.18106555904751276,14,10,0.980136951422974
2024-11-13,ILI incidence,2024-11-17,2,LT,respicast,hubEnsemble,AE,1.88337037056209,1.0501573857164344,14,6,0.9916639249761015
2024-11-13,ILI incidence,2024-11-17,2,LT,respicast,quantileBaseline,AE,3.9,0.0,14,11,0.9767306126676508
2024-11-13,ILI incidence,2024-11-17,2,LU,ECDC,SARIMA,AE,1253.65818784667,0.35192785674852345,11,2,0.8021197358246422
2024-11-13,ILI incidence,2024-11-17,2,LU,ECDC,soca_simplex,AE,1483.10809039989,0.10944815843191805,11,6,0.6989681756028461
2024-11-13,ILI incidence,2024-11-17,2,LU,ISI,FluABCaster,AE,2046.65463163302,-0.35519576624322,11,9,0.4456200401757196
2024-11-13,ILI incidence,2024-11-17,2,LU,ISI,GLEAM,AE,3037.89,-0.9249977266340043,11,11,0.0
2024-11-13,ILI incidence,2024-11-17,2,LU,ItaLuxColab,EpiEKF,AE,1476.91199382239,0.11548804370780626,11,5,0.7017536944552928
2024-11-13,ILI incidence,2024-11-17,2,LU,ItaLuxColab,EpiNetEKF,AE,1486.90631443229,0.10575815480492563,11,7,0.6972606449800205
2024-11-13,ILI incidence,2024-11-17,2,LU,NotreDame,Rt_cocirc,AE,2372.5,-0.568336182133747,11,10,0.2991329082829359
2024-11-13,ILI incidence,2024-11-17,2,LU,QMUL,ARIMA,AE,813.494149274548,0.9758680300615682,11,1,1.0
2024-11-13,ILI incidence,2024-11-17,2,LU,fjordhest,ensemble,AE,1348.83,0.24636337566402358,11,3,0.7593342702240428
2024-11-13,ILI incidence,2024-11-17,2,LU,respicast,hubEnsemble,AE,1348.83,0.24636337566402358,11,3,0.7593342702240428
2024-11-13,ILI incidence,2024-11-17,2,LU,respicast,quantileBaseline,AE,1600.0,0.0,11,8,0.6464182171222153
2024-11-13,ILI incidence,2024-11-17,2,LV,ECDC,SARIMA,AE,3683.54140949204,-8.883403621835782,11,11,0.0
2024-11-13,ILI incidence,2024-11-17,2,LV,ECDC,soca_simplex,AE,32.5901671339164,-2.062890721658916,11,4,0.9930859952077334
2024-11-13,ILI incidence,2024-11-17,2,LV,ISI,FluABCaster,AE,48.730848862551,-2.6432893245554965,11,5,0.988695609274379
2024-11-13,ILI incidence,2024-11-17,2,LV,ISI,FluBcast,AE,73.1819332940818,-3.229941499693366,11,7,0.9820447317619991
2024-11-13,ILI incidence,2024-11-17,2,LV,ISI,GLEAM,AE,261.35,-5.066365225097645,11,9,0.9308616127920877
2024-11-13,ILI incidence,2024-11-17,2,LV,ItaLuxColab,EpiEKF,AE,12.9595004425431,-0.7324640777957911,11,3,0.9984256831064966
2024-11-13,ILI incidence,2024-11-17,2,LV,ItaLuxColab,EpiNetEKF,AE,712.356078537521,-6.512980633292836,11,10,0.8081845923069049
2024-11-13,ILI incidence,2024-11-17,2,LV,NotreDame,Rt_cocirc,AE,118.1,-3.920391030534909,11,8,0.9698266822685081
2024-11-13,ILI incidence,2024-11-17,2,LV,RIVM,KFdlm,AE,7.17172954864451,0.12115303986595527,11,1,1.0
2024-11-13,ILI incidence,2024-11-17,2,LV,respicast,hubEnsemble,AE,60.9563910783164,-2.966231461546527,11,6,0.9853701705181891
2024-11-13,ILI incidence,2024-11-17,2,LV,respicast,quantileBaseline,AE,7.8,0.0,11,2,0.9998291057466873
2024-11-13,ILI incidence,2024-11-17,2,MT,ECDC,SARIMA,AE,983.21269487557,0.4029361747700295,9,4,0.775474626585736
2024-11-13,ILI incidence,2024-11-17,2,MT,ECDC,soca_simplex,AE,1709.07426860982,-0.3947034681002798,9,7,0.3265630436860374
2024-11-13,ILI incidence,2024-11-17,2,MT,ISI,FluABCaster,AE,2237.10600992124,-0.7831219998683405,9,9,0.0
2024-11-13,ILI incidence,2024-11-17,2,MT,ItaLuxColab,EpiEKF,AE,961.19794431072,0.435606155124729,9,3,0.789089724671679
2024-11-13,ILI incidence,2024-11-17,2,MT,ItaLuxColab,EpiNetEKF,AE,620.16939838268,1.0677773787284017,9,1,1.0
2024-11-13,ILI incidence,2024-11-17,2,MT,NotreDame,Rt_cocirc,AE,1971.5,-0.6007820871919995,9,8,0.16426494893235705
2024-11-13,ILI incidence,2024-11-17,2,MT,RIVM,KFdlm,AE,709.15848907396,0.874331628266421,9,2,0.9449643912715883
2024-11-13,ILI incidence,2024-11-17,2,MT,respicast,hubEnsemble,AE,1346.14348174269,-0.05032056779884088,9,6,0.5510188351358897
2024-11-13,ILI incidence,2024-11-17,2,MT,respicast,quantileBaseline,AE,1300.0,0.0,9,5,0.579556429877333
2024-11-13,ILI incidence,2024-11-17,2,NL,ECDC,SARIMA,AE,0.909558309649301,1.6221887934217885,16,3,0.9440727972638588
2024-11-13,ILI incidence,2024-11-17,2,NL,ECDC,soca_simplex,AE,9.00510581214753,-1.6853164010727633,16,14,0.3557335892334644
2024-11-13,ILI incidence,2024-11-17,2,NL,ISI,FluABCaster,AE,1.24515630396259,1.1690999725895668,16,5,0.9196834081422536
2024-11-13,ILI incidence,2024-11-17,2,NL,ISI,FluBcast,AE,2.3783720140806,0.23545243467173232,16,8,0.8373276152557703
2024-11-13,ILI incidence,2024-11-17,2,NL,ISI,GLEAM,AE,4.3,-0.618909832644494,16,13,0.6976744186046512
2024-11-13,ILI incidence,2024-11-17,2,NL,ISI,LSTFlu,AE,13.1,-2.2260680794798464,16,15,0.05813953488372098
2024-11-13,ILI incidence,2024-11-17,2,NL,ISI,RC_AdaptEns2,AE,0.500202635306151,2.4848422637128516,16,2,0.9738224828992622
2024-11-13,ILI incidence,2024-11-17,2,NL,ISI,SEIR_BRW,AE,0.965401645231374,1.5362256366412355,16,4,0.9400144153174873
2024-11-13,ILI incidence,2024-11-17,2,NL,ItaLuxColab,EpiEKF,AE,3.47712224540181,-0.31246696170568944,16,10,0.7574765810027754
2024-11-13,ILI incidence,2024-11-17,2,NL,ItaLuxColab,EpiNetEKF,AE,3.930827593146,-0.4894062610975183,16,11,0.7245038086376453
2024-11-13,ILI incidence,2024-11-17,2,NL,NotreDame,Rt_cocirc,AE,13.9,-2.3115861506659034,16,16,0.0
2024-11-13,ILI incidence,2024-11-17,2,NL,QMUL,SEIR,AE,4.17013408633364,-0.57466694560726,16,12,0.7071123483769156
2024-11-13,ILI incidence,2024-11-17,2,NL,RIVM,KFdlm,AE,1.61958237920619,0.7898049752460836,16,7,0.8924722108135036
2024-11-13,ILI incidence,2024-11-17,2,NL,fjordhest,ensemble,AE,0.139999999999999,4.321928094887372,16,1,1.0
2024-11-13,ILI incidence,2024-11-17,2,NL,respicast,hubEnsemble,AE,1.4323693415844,0.9670232824954395,16,6,0.9060778094778779
2024-11-13,ILI incidence,2024-11-17,2,NL,respicast,quantileBaseline,AE,2.8,0.0,16,9,0.8066860465116279
2024-11-13,ILI incidence,2024-11-17,2,NO,ECDC,SARIMA,AE,1.7671926431031,0.5004687770688427,15,10,0.9634249136911035
2024-11-13,ILI incidence,2024-11-17,2,NO,ECDC,soca_simplex,AE,0.950519264554707,1.3951403229262584,15,5,0.9909040033044483
2024-11-13,ILI incidence,2024-11-17,2,NO,ISI,FluABCaster,AE,6.85303960662126,-1.4548159300822217,15,14,0.792298428928393
2024-11-13,ILI incidence,2024-11-17,2,NO,ISI,FluBcast,AE,0.82423031321855,1.6008086663093417,15,4,0.9951533219452859
2024-11-13,ILI incidence,2024-11-17,2,NO,ISI,GLEAM,AE,1.36,0.8783214434117476,15,8,0.9771259641032197
2024-11-13,ILI incidence,2024-11-17,2,NO,ISI,RC_AdaptEns2,AE,3.40122244567898,-0.4441252689306085,15,13,0.9084437516313463
2024-11-13,ILI incidence,2024-11-17,2,NO,ISI,SEIR_BRW,AE,1.32022984861608,0.9211389739464984,15,7,0.9784641337834381
2024-11-13,ILI incidence,2024-11-17,2,NO,ItaLuxColab,EpiEKF,AE,1.4480403289228,0.7878263118538743,15,9,0.9741636193622192
2024-11-13,ILI incidence,2024-11-17,2,NO,ItaLuxColab,EpiNetEKF,AE,3.0130697798219,-0.26930598987285265,15,12,0.9215041527279314
2024-11-13,ILI incidence,2024-11-17,2,NO,NotreDame,Rt_cocirc,AE,30.4,-3.604071323668861,15,15,0.0
2024-11-13,ILI incidence,2024-11-17,2,NO,QMUL,ARIMA,AE,0.680187952377111,1.8779227368011895,15,1,1.0
2024-11-13,ILI incidence,2024-11-17,2,NO,RIVM,KFdlm,AE,0.817952278995271,1.6118395139245254,15,3,0.9953645626561364
2024-11-13,ILI incidence,2024-11-17,2,NO,fjordhest,ensemble,AE,1.26,0.9885043611621707,15,6,0.9804907229327762
2024-11-13,ILI incidence,2024-11-17,2,NO,respicast,hubEnsemble,AE,0.749070115686198,1.7387554232691298,15,2,0.9976822813280679
2024-11-13,ILI incidence,2024-11-17,2,NO,respicast,quantileBaseline,AE,2.5,0.0,15,11,0.9387677134462751
2024-11-13,ILI incidence,2024-11-17,2,PL,ECDC,SARIMA,AE,39.273330839053,-1.7594251552998328,16,8,0.8774745754064057
2024-11-13,ILI incidence,2024-11-17,2,PL,ECDC,soca_simplex,AE,4.08359800536567,1.5062120477880276,16,2,0.992038733280022
2024-11-13,ILI incidence,2024-11-17,2,PL,ISI,FluABCaster,AE,149.986650412113,-3.6926373886469412,16,15,0.5170348334445711
2024-11-13,ILI incidence,2024-11-17,2,PL,ISI,FluBcast,AE,16.6415173861716,-0.5206621801513253,16,5,0.9511550054806017
2024-11-13,ILI incidence,2024-11-17,2,PL,ISI,LSTFlu,AE,18.2040661600674,-0.6501359293436173,16,6,0.9460679511041487
2024-11-13,ILI incidence,2024-11-17,2,PL,ISI,RC_AdaptEns2,AE,32.9947162638023,-1.5081102060778784,16,7,0.8979153157446789
2024-11-13,ILI incidence,2024-11-17,2,PL,ISI,SEIR_BRW,AE,97.7965589520017,-3.0756588983704756,16,12,0.6869455828592644
2024-11-13,ILI incidence,2024-11-17,2,PL,ItaLuxColab,EpiEKF,AE,64.810485276629,-2.4821024311038706,16,10,0.794335478941637
2024-11-13,ILI incidence,2024-11-17,2,PL,ItaLuxColab,EpiNetEKF,AE,69.89554666535,-2.5910757331021412,16,11,0.7777804860836983
2024-11-13,ILI incidence,2024-11-17,2,PL,NotreDame,Rt_cocirc,AE,308.8,-4.734476042140509,16,16,0.0
2024-11-13,ILI incidence,2024-11-17,2,PL,QMUL,ARIMA,AE,47.8829754614922,-2.0453879991875925,16,9,0.849444902932831
2024-11-13,ILI incidence,2024-11-17,2,PL,QMUL,SEIR,AE,127.117632727031,-3.4539674527132793,16,14,0.5914875087425245
2024-11-13,ILI incidence,2024-11-17,2,PL,RIVM,KFdlm,AE,106.779394349189,-3.2024365607323686,16,13,0.6577009455822546
2024-11-13,ILI incidence,2024-11-17,2,PL,fjordhest,ensemble,AE,7.36000000000001,0.6563471339579197,16,3,0.9813720357763857
2024-11-13,ILI incidence,2024-11-17,2,PL,respicast,hubEnsemble,AE,1.63820099731703,2.8239405224783067,16,1,1.0
2024-11-13,ILI incidence,2024-11-17,2,PL,respicast,quantileBaseline,AE,11.6,0.0,16,4,0.9675682359101042
2024-11-13,ILI incidence,2024-11-17,2,RO,ECDC,SARIMA,AE,1.01818846758137,0.8219922763015793,11,1,1.0
2024-11-13,ILI incidence,2024-11-17,2,RO,ECDC,soca_simplex,AE,1.84307952519338,-0.034121415160763204,11,7,0.31349135720962473
2024-11-13,ILI incidence,2024-11-17,2,RO,ISI,FluABCaster,AE,1.6558410498501,0.12043271656742231,11,4,0.46931900305436114
2024-11-13,ILI incidence,2024-11-17,2,RO,ISI,FluBcast,AE,1.63306509736567,0.14041460568916583,11,3,0.4882740978927131
2024-11-13,ILI incidence,2024-11-17,2,RO,ItaLuxColab,EpiEKF,AE,2.12878253220434,-0.24203167088439026,11,8,0.07571743327835455
2024-11-13,ILI incidence,2024-11-17,2,RO,ItaLuxColab,EpiNetEKF,AE,2.21976264479663,-0.30240851349702974,11,11,0.0
2024-11-13,ILI incidence,2024-11-17,2,RO,NotreDame,Rt_cocirc,AE,1.2,0.5849625007211562,11,2,0.8486888817467831
2024-11-13,ILI incidence,2024-11-17,2,RO,QMUL,SEIR,AE,2.13465618362394,-0.24600681569163774,11,9,0.07082913630012477
2024-11-13,ILI incidence,2024-11-17,2,RO,RIVM,KFdlm,AE,2.17278462504799,-0.27154826944855304,11,10,0.03909706170410169
2024-11-13,ILI incidence,2024-11-17,2,RO,respicast,hubEnsemble,AE,1.6558410498501,0.12043271656742231,11,4,0.46931900305436114
2024-11-13,ILI incidence,2024-11-17,2,RO,respicast,quantileBaseline,AE,1.8,0.0,11,6,0.3493439296186125
2024-11-13,ILI incidence,2024-11-17,2,SI,ECDC,SARIMA,AE,2.43882921744231,-2.2861887348558447,13,9,0.9697381060082259
2024-11-13,ILI incidence,2024-11-17,2,SI,ECDC,soca_simplex,AE,1.23457771988805,-1.30401766075585,13,6,0.9863118948542794
2024-11-13,ILI incidence,2024-11-17,2,SI,ISI,FluABCaster,AE,0.519855713311458,-0.05618316187571477,13,3,0.9961484212316066
2024-11-13,ILI incidence,2024-11-17,2,SI,ISI,FluBcast,AE,3.94196481138043,-2.9789148979761384,13,11,0.9490508558852129
2024-11-13,ILI incidence,2024-11-17,2,SI,ISI,GLEAM,AE,3.75,-2.9068905956085187,13,10,0.9516928158546655
2024-11-13,ILI incidence,2024-11-17,2,SI,ItaLuxColab,EpiEKF,AE,0.80115161803402,-0.6801472037844921,13,5,0.9922770214969168
2024-11-13,ILI incidence,2024-11-17,2,SI,ItaLuxColab,EpiNetEKF,AE,1.88702279073653,-1.9161118473601988,13,8,0.977332469161347
2024-11-13,ILI incidence,2024-11-17,2,SI,NotreDame,Rt_cocirc,AE,72.9,-7.187846909439575,13,13,0.0
2024-11-13,ILI incidence,2024-11-17,2,SI,QMUL,SEIR,AE,4.10689849126254,-3.0380492891816013,13,12,0.9467809180943773
2024-11-13,ILI incidence,2024-11-17,2,SI,RIVM,KFdlm,AE,0.529052565969991,-0.08148297886325223,13,4,0.9960218474267823
2024-11-13,ILI incidence,2024-11-17,2,SI,fjordhest,ensemble,AE,0.24,1.0588936890535685,13,1,1.0
2024-11-13,ILI incidence,2024-11-17,2,SI,respicast,hubEnsemble,AE,1.23457771988805,-1.30401766075585,13,6,0.9863118948542794
2024-11-13,ILI incidence,2024-11-17,2,SI,respicast,quantileBaseline,AE,0.5,0.0,13,2,0.9964216900633085
2024-11-20,ILI incidence,2024-11-17,1,AT,ECDC,SARIMA,AE,40.38145525294,-0.11451727247141526,13,3,0.9837311426328915
2024-11-20,ILI incidence,2024-11-17,1,AT,ECDC,soca_simplex,AE,139.317305483778,-1.9011269397540327,13,5,0.9298381930986862
2024-11-20,ILI incidence,2024-11-17,1,AT,ISI,FluABCaster,AE,573.831059546387,-3.9433785228599416,13,10,0.69314716790431
2024-11-20,ILI incidence,2024-11-17,1,AT,ISI,GLEAM,AE,1566.0,-5.391764771923166,13,12,0.15268675327691486
2024-11-20,ILI incidence,2024-11-17,1,AT,ISI,LSTFlu,AE,385.146920407427,-3.3681613541365936,13,9,0.7959283616252428
2024-11-20,ILI incidence,2024-11-17,1,AT,ISI,RC_AdaptEns2,AE,757.260630828649,-4.3435423908921615,13,11,0.5932282749536678
2024-11-20,ILI incidence,2024-11-17,1,AT,ItaLuxColab,EpiEKF,AE,179.85029905043,-2.269549022758172,13,7,0.9077588096228169
2024-11-20,ILI incidence,2024-11-17,1,AT,ItaLuxColab,EpiNetEKF,AE,94.3113160709001,-1.3382552545227624,13,4,0.9543541345951811
2024-11-20,ILI incidence,2024-11-17,1,AT,NotreDame,Rt_cocirc,AE,1846.3,-5.629317550710972,13,13,0.0
2024-11-20,ILI incidence,2024-11-17,1,AT,QMUL,SEIR,AE,10.5153364041744,1.8266806253113628,13,1,1.0
2024-11-20,ILI incidence,2024-11-17,1,AT,RIVM,KFdlm,AE,300.800606340663,-3.011559939546688,13,8,0.841874008595379
2024-11-20,ILI incidence,2024-11-17,1,AT,respicast,hubEnsemble,AE,139.31730548378,-1.9011269397540533,13,6,0.9298381930986851
2024-11-20,ILI incidence,2024-11-17,1,AT,respicast,quantileBaseline,AE,37.3,0.0,13,2,0.9854096920368856
2024-11-20,ILI incidence,2024-11-17,1,BE,ECDC,SARIMA,AE,2.682932510624,2.93374124066918,18,1,1.0
2024-11-20,ILI incidence,2024-11-17,1,BE,ECDC,soca_simplex,AE,93.3286234756022,-2.186695707393132,18,17,0.3256385319361128
2024-11-20,ILI incidence,2024-11-17,1,BE,ISI,FluABCaster,AE,12.0099357470363,0.7713954770618668,18,5,0.930611466158124
2024-11-20,ILI incidence,2024-11-17,1,BE,ISI,FluBcast,AE,21.4614175680544,-0.06612146230307554,18,10,0.8602968699721514
2024-11-20,ILI incidence,2024-11-17,1,BE,ISI,GLEAM,AE,18.54,0.14498266576727784,18,8,0.882030847826454
2024-11-20,ILI incidence,2024-11-17,1,BE,ISI,LSTFlu,AE,87.0918392557653,-2.0869136309438994,18,16,0.37203728423986954
2024-11-20,ILI incidence,2024-11-17,1,BE,ISI,RC_AdaptEns2,AE,13.5969554538769,0.5923402614397353,18,7,0.9188047831491672
2024-11-20,ILI incidence,2024-11-17,1,BE,ISI,SEIR_BRW,AE,30.3273925602492,-0.5649975558507595,18,14,0.7943381702490262
2024-11-20,ILI incidence,2024-11-17,1,BE,ItaLuxColab,EpiEKF,AE,31.4677246901941,-0.6182489569626257,18,15,0.7858546335133729
2024-11-20,ILI incidence,2024-11-17,1,BE,ItaLuxColab,EpiNetEKF,AE,11.7629431595447,0.801374833362761,18,4,0.9324489752788397
2024-11-20,ILI incidence,2024-11-17,1,BE,NotreDame,Rt_cocirc,AE,137.1,-2.74153275627378,18,18,0.0
2024-11-20,ILI incidence,2024-11-17,1,BE,QMUL,ARIMA,AE,27.1580037665989,-0.40575352928232156,18,13,0.8179169378329925
2024-11-20,ILI incidence,2024-11-17,1,BE,QMUL,SEIR,AE,24.742070123391,-0.27134230326775255,18,12,0.8358903521347056
2024-11-20,ILI incidence,2024-11-17,1,BE,QMUL,SEIR_agumented,AE,5.38951412703435,1.9273967869489668,18,2,0.9798643009629393
2024-11-20,ILI incidence,2024-11-17,1,BE,RIVM,KFdlm,AE,22.1031473695032,-0.1086279065408959,18,11,0.8555227009366639
2024-11-20,ILI incidence,2024-11-17,1,BE,fjordhest,ensemble,AE,11.27,0.8631363942205874,18,3,0.9361162414136531
2024-11-20,ILI incidence,2024-11-17,1,BE,respicast,hubEnsemble,AE,12.0099357470363,0.7713954770618668,18,5,0.930611466158124
2024-11-20,ILI incidence,2024-11-17,1,BE,respicast,quantileBaseline,AE,20.5,0.0,18,9,0.8674493661990936
2024-11-20,ILI incidence,2024-11-17,1,CH,ECDC,soca_simplex,AE,4.64540827717738,1.0957341633274507,10,4,0.9559721048927707
2024-11-20,ILI incidence,2024-11-17,1,CH,ISI,FluABCaster,AE,5.92970152486222,0.7435800739007228,10,6,0.9415926448836808
2024-11-20,ILI incidence,2024-11-17,1,CH,ISI,FluBcast,AE,12.3913009096039,-0.31971619112359845,10,9,0.8692459981072165
2024-11-20,ILI incidence,2024-11-17,1,CH,ISI,GLEAM,AE,90.0275101441966,-3.180754453475273,10,10,0.0
2024-11-20,ILI incidence,2024-11-17,1,CH,ISI,SEIR_BRW,AE,5.35136565797409,0.8916324501333266,10,5,0.9480679241742413
2024-11-20,ILI incidence,2024-11-17,1,CH,ItaLuxColab,EpiEKF,AE,0.713082003433705,3.7993996623306945,10,1,1.0
2024-11-20,ILI incidence,2024-11-17,1,CH,ItaLuxColab,EpiNetEKF,AE,2.4913029942231,1.9946390676147159,10,2,0.9800903277577185
2024-11-20,ILI incidence,2024-11-17,1,CH,RIVM,KFdlm,AE,7.40775130684051,0.4225038963386257,10,7,0.9250438093512087
2024-11-20,ILI incidence,2024-11-17,1,CH,respicast,hubEnsemble,AE,2.4913029942231,1.9946390676147159,10,2,0.9800903277577185
2024-11-20,ILI incidence,2024-11-17,1,CH,respicast,quantileBaseline,AE,9.92825080936638,0.0,10,8,0.8968232905056592
2024-11-20,ILI incidence,2024-11-17,1,CZ,ECDC,SARIMA,AE,1.6394815653062,0.3571496480517623,18,12,0.950437958882655
2024-11-20,ILI incidence,2024-11-17,1,CZ,ECDC,soca_simplex,AE,0.275379395259144,2.9308968061872673,18,6,0.99371139171837
2024-11-20,ILI incidence,2024-11-17,1,CZ,ISI,FluABCaster,AE,0.189851851106717,3.4674433570876984,18,4,0.9964245832363895
2024-11-20,ILI incidence,2024-11-17,1,CZ,ISI,FluBcast,AE,0.0771445051335498,4.766682117822793,18,2,0.9999999999999984
2024-11-20,ILI incidence,2024-11-17,1,CZ,ISI,GLEAM,AE,0.25,3.070389327891398,18,5,0.9945165026406111
2024-11-20,ILI incidence,2024-11-17,1,CZ,ISI,LSTFlu,AE,0.15532066952856,3.757067591494601,18,3,0.9975200164081648
2024-11-20,ILI incidence,2024-11-17,1,CZ,ISI,RC_AdaptEns2,AE,1.52450387520334,0.46204951028920377,18,11,0.95408539780587
2024-11-20,ILI incidence,2024-11-17,1,CZ,ISI,SEIR_BRW,AE,2.44179939154203,-0.21755535125627207,18,16,0.9249860188968726
2024-11-20,ILI incidence,2024-11-17,1,CZ,ItaLuxColab,EpiEKF,AE,1.016146100222,1.0472814819699787,18,9,0.9702120388414236
2024-11-20,ILI incidence,2024-11-17,1,CZ,ItaLuxColab,EpiNetEKF,AE,1.1214016367562,0.9050862472688708,18,10,0.9668730159362384
2024-11-20,ILI incidence,2024-11-17,1,CZ,NotreDame,Rt_cocirc,AE,31.6,-3.911463325398343,18,18,0.0
2024-11-20,ILI incidence,2024-11-17,1,CZ,QMUL,ARIMA,AE,0.738905316705551,1.5069279134423614,18,8,0.9790069522198007
2024-11-20,ILI incidence,2024-11-17,1,CZ,QMUL,SEIR,AE,10.6277185639022,-2.3393706959627427,18,17,0.6653039868013587
2024-11-20,ILI incidence,2024-11-17,1,CZ,QMUL,SEIR_agumented,AE,2.41898406866666,-0.20401193992528638,18,15,0.9257097897138624
2024-11-20,ILI incidence,2024-11-17,1,CZ,RIVM,KFdlm,AE,0.587668670032318,1.8373144357909361,18,7,0.9838046345458152
2024-11-20,ILI incidence,2024-11-17,1,CZ,fjordhest,ensemble,AE,2.01,0.0631938264871942,18,13,0.9386839972292084
2024-11-20,ILI incidence,2024-11-17,1,CZ,respicast,hubEnsemble,AE,0.0771445051335,4.7666821178237235,18,1,1.0
2024-11-20,ILI incidence,2024-11-17,1,CZ,respicast,quantileBaseline,AE,2.1,0.0,18,14,0.9358289259297615
2024-11-20,ILI incidence,2024-11-17,1,DK,ECDC,SARIMA,AE,38.893107495166,0.24837834330886346,18,6,0.8001251703336552
2024-11-20,ILI incidence,2024-11-17,1,DK,ECDC,soca_simplex,AE,55.642388533013,-0.2682914994173067,18,15,0.4574910404790804
2024-11-20,ILI incidence,2024-11-17,1,DK,ISI,FluABCaster,AE,78.0063194482824,-0.7556981526847516,18,18,0.0
2024-11-20,ILI incidence,2024-11-17,1,DK,ISI,FluBcast,AE,62.9111651574107,-0.4454232304515702,18,16,0.30879624288268637
2024-11-20,ILI incidence,2024-11-17,1,DK,ISI,GLEAM,AE,51.4,-0.15387550777782052,18,14,0.544276085176186
2024-11-20,ILI incidence,2024-11-17,1,DK,ISI,LSTFlu,AE,39.2102779351685,0.2366609834601752,18,7,0.7936369266006682
2024-11-20,ILI incidence,2024-11-17,1,DK,ISI,RC_AdaptEns2,AE,31.1797573848391,0.567283149425111,18,2,0.9579144508014971
2024-11-20,ILI incidence,2024-11-17,1,DK,ISI,SEIR_BRW,AE,38.6256915702849,0.25833208778707645,18,5,0.8055956035136737
2024-11-20,ILI incidence,2024-11-17,1,DK,ItaLuxColab,EpiEKF,AE,40.154606020721,0.20232736695930253,18,9,0.7743191402933397
2024-11-20,ILI incidence,2024-11-17,1,DK,ItaLuxColab,EpiNetEKF,AE,31.746578798585,0.5412917248355454,18,3,0.946319185223057
2024-11-20,ILI incidence,2024-11-17,1,DK,NotreDame,Rt_cocirc,AE,72.8,-0.6560455987826386,18,17,0.10650383917234056
2024-11-20,ILI incidence,2024-11-17,1,DK,QMUL,ARIMA,AE,29.122453019226,0.6657609710489888,18,1,1.0
2024-11-20,ILI incidence,2024-11-17,1,DK,QMUL,SEIR,AE,46.7512073147342,-0.017110770353368467,18,13,0.6393747961591325
2024-11-20,ILI incidence,2024-11-17,1,DK,QMUL,SEIR_agumented,AE,42.422178084644,0.12307415648608536,18,10,0.7279322190130056
2024-11-20,ILI incidence,2024-11-17,1,DK,RIVM,KFdlm,AE,33.7821318233844,0.4516324792752539,18,4,0.9046785955255638
2024-11-20,ILI incidence,2024-11-17,1,DK,fjordhest,ensemble,AE,45.84,0.011285807546515075,18,11,0.6580150425491477
2024-11-20,ILI incidence,2024-11-17,1,DK,respicast,hubEnsemble,AE,39.210277935169,0.2366609834601567,18,8,0.7936369266006579
2024-11-20,ILI incidence,2024-11-17,1,DK,respicast,quantileBaseline,AE,46.2,0.0,18,12,0.6506506496257185
2024-11-20,ILI incidence,2024-11-17,1,EE,ECDC,SARIMA,AE,3.4414981077,-1.9350398101352049,14,2,0.9834860421851854
2024-11-20,ILI incidence,2024-11-17,1,EE,ECDC,soca_simplex,AE,11.0131383979761,-3.6131568385245436,14,7,0.9342875997532419
2024-11-20,ILI incidence,2024-11-17,1,EE,ISI,FluABCaster,AE,54.7631594219433,-5.927136869969873,14,13,0.6500119595715187
2024-11-20,ILI incidence,2024-11-17,1,EE,ISI,FluBcast,AE,5.59927369385744,-2.6372427945032855,14,4,0.9694654080970929
2024-11-20,ILI incidence,2024-11-17,1,EE,ISI,GLEAM,AE,16.0,-4.152003093444995,14,9,0.9018843404808319
2024-11-20,ILI incidence,2024-11-17,1,EE,ISI,LSTFlu,AE,12.7583298045792,-3.825370666309475,14,8,0.9229478245316493
2024-11-20,ILI incidence,2024-11-17,1,EE,ISI,RC_AdaptEns2,AE,17.3660689661467,-4.27020240669377,14,10,0.8930079989204244
2024-11-20,ILI incidence,2024-11-17,1,EE,ItaLuxColab,EpiEKF,AE,10.458455570108,-3.5386010087646236,14,5,0.9378917766724627
2024-11-20,ILI incidence,2024-11-17,1,EE,ItaLuxColab,EpiNetEKF,AE,5.58348277240498,-2.633168396696073,14,3,0.9695680131747567
2024-11-20,ILI incidence,2024-11-17,1,EE,NotreDame,Rt_cocirc,AE,154.8,-7.426264754702044,14,14,0.0
2024-11-20,ILI incidence,2024-11-17,1,EE,QMUL,SEIR,AE,44.6600649247338,-5.632916536817496,14,12,0.7156590973051736
2024-11-20,ILI incidence,2024-11-17,1,EE,RIVM,KFdlm,AE,17.3848631689907,-4.271762900425485,14,11,0.8928858793437903
2024-11-20,ILI incidence,2024-11-17,1,EE,respicast,hubEnsemble,AE,10.799636846929,-3.5849139888745016,14,6,0.9356748742889607
2024-11-20,ILI incidence,2024-11-17,1,EE,respicast,quantileBaseline,AE,0.900000000000034,0.0,14,1,1.0
2024-11-20,ILI incidence,2024-11-17,1,FR,ECDC,soca_simplex,AE,10.3141451069705,-0.45966174696507883,7,5,0.9592420490330026
2024-11-20,ILI incidence,2024-11-17,1,FR,ItaLuxColab,EpiEKF,AE,24.2554703322044,-1.693347654048023,7,6,0.8912152554340139
2024-11-20,ILI incidence,2024-11-17,1,FR,ItaLuxColab,EpiNetEKF,AE,1.96126207540139,1.935108265780055,7,1,1.0
2024-11-20,ILI incidence,2024-11-17,1,FR,NotreDame,Rt_cocirc,AE,206.9,-4.785899239364129,7,7,0.0
2024-11-20,ILI incidence,2024-11-17,1,FR,RIVM,KFdlm,AE,10.2212541294859,-0.4466097225000586,7,4,0.9596953112050316
2024-11-20,ILI incidence,2024-11-17,1,FR,respicast,hubEnsemble,AE,4.12999602704221,0.8607502018013907,7,2,0.9894176475682271
2024-11-20,ILI incidence,2024-11-17,1,FR,respicast,quantileBaseline,AE,7.5,0.0,7,3,0.9729736896953253
2024-11-20,ILI incidence,2024-11-17,1,GB-ENG,ECDC,SARIMA,AE,0.138225992452973,-2.520230604820683,10,5,0.8264574537490355
2024-11-20,ILI incidence,2024-11-17,1,GB-ENG,ECDC,soca_simplex,AE,0.166269962222121,-2.7867292343254144,10,8,0.788797205508807
2024-11-20,ILI incidence,2024-11-17,1,GB-ENG,ISI,FluABCaster,AE,0.75365337096046,-4.967102809570296,10,10,0.0
2024-11-20,ILI incidence,2024-11-17,1,GB-ENG,ISI,FluBcast,AE,0.16061403518646,-2.7367996422762277,10,7,0.7963925501745235
2024-11-20,ILI incidence,2024-11-17,1,GB-ENG,ISI,GLEAM,AE,0.0547982248751264,-1.1854027392685782,10,4,0.9384926065099791
2024-11-20,ILI incidence,2024-11-17,1,GB-ENG,ISI,SEIR_BRW,AE,0.0125823297807588,0.9373273396837623,10,2,0.9951843338946798
2024-11-20,ILI incidence,2024-11-17,1,GB-ENG,ItaLuxColab,EpiEKF,AE,0.0089963100122632,1.42132113798019,10,1,1.0
2024-11-20,ILI incidence,2024-11-17,1,GB-ENG,RIVM,KFdlm,AE,0.341247161722001,-3.8240187213018406,10,9,0.5538203165808008
2024-11-20,ILI incidence,2024-11-17,1,GB-ENG,respicast,hubEnsemble,AE,0.160614035186457,-2.7367996422762007,10,6,0.7963925501745275
2024-11-20,ILI incidence,2024-11-17,1,GB-ENG,respicast,quantileBaseline,AE,0.0240948767301821,0.0,10,3,0.9797241340883905
2024-11-20,ILI incidence,2024-11-17,1,GB-NIR,ECDC,SARIMA,AE,0.0862345908340236,0.715123368417592,11,3,0.9166828673171706
2024-11-20,ILI incidence,2024-11-17,1,GB-NIR,ECDC,soca_simplex,AE,0.353480108872792,-1.3201670738795537,11,6,0.6031972563505603
2024-11-20,ILI incidence,2024-11-17,1,GB-NIR,ISI,FluABCaster,AE,0.86770391249783,-2.615740874606526,11,11,0.0
2024-11-20,ILI incidence,2024-11-17,1,GB-NIR,ISI,FluBcast,AE,0.414295925841743,-1.5491996733028148,11,10,0.5318587969486726
2024-11-20,ILI incidence,2024-11-17,1,GB-NIR,ISI,GLEAM,AE,0.403042694455436,-1.5094707123269977,11,9,0.5450591160499019
2024-11-20,ILI incidence,2024-11-17,1,GB-NIR,ISI,SEIR_BRW,AE,0.0249604153741414,2.5037481118625355,11,2,0.9885589925801206
2024-11-20,ILI incidence,2024-11-17,1,GB-NIR,ItaLuxColab,EpiEKF,AE,0.0924861835187167,0.6141521966289087,11,4,0.9093495942779906
2024-11-20,ILI incidence,2024-11-17,1,GB-NIR,QMUL,ARIMA,AE,0.0152069917787703,3.218655264796319,11,1,1.0
2024-11-20,ILI incidence,2024-11-17,1,GB-NIR,RIVM,KFdlm,AE,0.371365940992629,-1.3913795480318056,11,8,0.582216732333241
2024-11-20,ILI incidence,2024-11-17,1,GB-NIR,respicast,hubEnsemble,AE,0.362423024932706,-1.3562126537814687,11,7,0.592706994341906
2024-11-20,ILI incidence,2024-11-17,1,GB-NIR,respicast,quantileBaseline,AE,0.141564738665475,0.0,11,5,0.8517792336655888
2024-11-20,ILI incidence,2024-11-17,1,GB-SCT,ECDC,SARIMA,AE,2.63913675004925,0.8819968212936418,10,1,1.0
2024-11-20,ILI incidence,2024-11-17,1,GB-SCT,ECDC,soca_simplex,AE,4.35520826597974,0.1593212187515172,10,7,0.22859063239110844
2024-11-20,ILI incidence,2024-11-17,1,GB-SCT,ISI,FluABCaster,AE,2.72961602413292,0.8333649077820201,10,2,0.9593277092739632
2024-11-20,ILI incidence,2024-11-17,1,GB-SCT,ISI,FluBcast,AE,4.67754794758829,0.05631048687024211,10,9,0.08369232970581683
2024-11-20,ILI incidence,2024-11-17,1,GB-SCT,ISI,GLEAM,AE,4.64545040995864,0.06624444578536068,10,8,0.09812083165042584
2024-11-20,ILI incidence,2024-11-17,1,GB-SCT,ItaLuxColab,EpiEKF,AE,3.74863760525141,0.37569656720748956,10,6,0.5012565938378466
2024-11-20,ILI incidence,2024-11-17,1,GB-SCT,QMUL,ARIMA,AE,2.75614205819575,0.8194126789421492,10,3,0.947403712533953
2024-11-20,ILI incidence,2024-11-17,1,GB-SCT,RIVM,KFdlm,AE,3.5345053404596,0.46055460713705376,10,4,0.5975134417805408
2024-11-20,ILI incidence,2024-11-17,1,GB-SCT,respicast,hubEnsemble,AE,3.53450534045961,0.4605546071370496,10,5,0.5975134417805362
2024-11-20,ILI incidence,2024-11-17,1,GB-SCT,respicast,quantileBaseline,AE,4.86372927898072,0.0,10,10,0.0
2024-11-20,ILI incidence,2024-11-17,1,GR,ECDC,SARIMA,AE,26.3962631961319,-0.7495691488764546,18,6,0.944528093244081
2024-11-20,ILI incidence,2024-11-17,1,GR,ECDC,soca_simplex,AE,23.0540086689123,-0.5542530715345836,18,4,0.9517206802079552
2024-11-20,ILI incidence,2024-11-17,1,GR,ISI,FluABCaster,AE,249.665843193929,-3.991161995300795,18,17,0.46404826819086326
2024-11-20,ILI incidence,2024-11-17,1,GR,ISI,FluBcast,AE,49.2560047071444,-1.6495350524197456,18,9,0.8953335518198465
2024-11-20,ILI incidence,2024-11-17,1,GR,ISI,GLEAM,AE,169.8,-3.43499999466143,18,16,0.6359208823012376
2024-11-20,ILI incidence,2024-11-17,1,GR,ISI,LSTFlu,AE,130.342987599239,-3.053476504313787,18,15,0.7208330249031422
2024-11-20,ILI incidence,2024-11-17,1,GR,ISI,RC_AdaptEns2,AE,59.9854647685465,-1.9338484008248258,18,12,0.8722435764937461
2024-11-20,ILI incidence,2024-11-17,1,GR,ISI,SEIR_BRW,AE,24.875752329157,-0.6639755993084838,18,5,0.94780025775195
2024-11-20,ILI incidence,2024-11-17,1,GR,ItaLuxColab,EpiEKF,AE,66.573227532184,-2.084177554036333,18,13,0.8580666021822617
2024-11-20,ILI incidence,2024-11-17,1,GR,ItaLuxColab,EpiNetEKF,AE,56.6354765745899,-1.8509414841287102,18,11,0.879452806436215
2024-11-20,ILI incidence,2024-11-17,1,GR,NotreDame,Rt_cocirc,AE,465.3,-4.889324722865639,18,18,0.0
2024-11-20,ILI incidence,2024-11-17,1,GR,QMUL,ARIMA,AE,0.61955275527373,4.663393614982062,18,1,1.0
2024-11-20,ILI incidence,2024-11-17,1,GR,QMUL,SEIR,AE,72.6730014326081,-2.210654932488362,18,14,0.8449397879670477
2024-11-20,ILI incidence,2024-11-17,1,GR,QMUL,SEIR_agumented,AE,28.6650363998374,-0.8685275519039978,18,7,0.9396456558246502
2024-11-20,ILI incidence,2024-11-17,1,GR,RIVM,KFdlm,AE,54.3841826026072,-1.7924225519367094,18,10,0.8842976282601835
2024-11-20,ILI incidence,2024-11-17,1,GR,fjordhest,ensemble,AE,22.0700000000001,-0.4913220705006494,18,3,0.9538382831214127
2024-11-20,ILI incidence,2024-11-17,1,GR,respicast,hubEnsemble,AE,49.2560047071439,-1.6495350524197312,18,8,0.8953335518198476
2024-11-20,ILI incidence,2024-11-17,1,GR,respicast,quantileBaseline,AE,15.6999999999998,0.0,18,2,0.9675466283676363
2024-11-20,ILI incidence,2024-11-17,1,HU,ECDC,SARIMA,AE,19.083453273731,-2.11674683106025,17,8,0.8222342218676636
2024-11-20,ILI incidence,2024-11-17,1,HU,ECDC,soca_simplex,AE,26.9149618467219,-2.6128329514052595,17,10,0.7274217694101465
2024-11-20,ILI incidence,2024-11-17,1,HU,ISI,FluABCaster,AE,45.9836749925437,-3.3855463412746416,17,14,0.49656567805637175
2024-11-20,ILI incidence,2024-11-17,1,HU,ISI,FluBcast,AE,6.2468755257656,-0.5056312595311416,17,2,0.9776407321335884
2024-11-20,ILI incidence,2024-11-17,1,HU,ISI,GLEAM,AE,13.11,-1.5750922566970915,17,4,0.8945520581113802
2024-11-20,ILI incidence,2024-11-17,1,HU,ISI,LSTFlu,AE,30.4008863932435,-2.788537959822525,17,11,0.6852192930600062
2024-11-20,ILI incidence,2024-11-17,1,HU,ISI,RC_AdaptEns2,AE,14.0054252247862,-1.6704103575043103,17,5,0.883711559021959
2024-11-20,ILI incidence,2024-11-17,1,HU,ISI,SEIR_BRW,AE,45.2686806358933,-3.362937830720931,17,13,0.5052217840690885
2024-11-20,ILI incidence,2024-11-17,1,HU,ItaLuxColab,EpiEKF,AE,12.08122896663,-1.4571917918499822,17,3,0.9070069132369251
2024-11-20,ILI incidence,2024-11-17,1,HU,ItaLuxColab,EpiNetEKF,AE,26.358773458391,-2.582707810729732,17,9,0.7341552850073729
2024-11-20,ILI incidence,2024-11-17,1,HU,NotreDame,Rt_cocirc,AE,87.0,-4.30543997209879,17,17,0.0
2024-11-20,ILI incidence,2024-11-17,1,HU,QMUL,ARIMA,AE,48.4157183332593,-3.4599000707034224,17,15,0.46712205407676394
2024-11-20,ILI incidence,2024-11-17,1,HU,QMUL,SEIR,AE,56.4417368804827,-3.68118695578244,17,16,0.3699547593161901
2024-11-20,ILI incidence,2024-11-17,1,HU,QMUL,SEIR_agumented,AE,41.6401624783608,-3.2424002691279736,17,12,0.5491505753225085
2024-11-20,ILI incidence,2024-11-17,1,HU,RIVM,KFdlm,AE,15.454519821726,-1.8124534009028546,17,6,0.8661680408992011
2024-11-20,ILI incidence,2024-11-17,1,HU,respicast,hubEnsemble,AE,16.544439249259,-1.9107709654761262,17,7,0.8529728904448064
2024-11-20,ILI incidence,2024-11-17,1,HU,respicast,quantileBaseline,AE,4.40000000000001,0.0,17,1,1.0
2024-11-20,ILI incidence,2024-11-17,1,IE,ECDC,SARIMA,AE,1.81844804467269,0.33892615438290435,16,8,0.6803900181831851
2024-11-20,ILI incidence,2024-11-17,1,IE,ECDC,soca_simplex,AE,2.9171464320581,-0.34292394587608327,16,15,0.4016173416792349
2024-11-20,ILI incidence,2024-11-17,1,IE,ISI,FluABCaster,AE,1.5512240042007,0.5682268276552647,16,5,0.7481927580833073
2024-11-20,ILI incidence,2024-11-17,1,IE,ISI,FluBcast,AE,1.47680435791065,0.6391551458097781,16,4,0.7670752505115745
2024-11-20,ILI incidence,2024-11-17,1,IE,ISI,GLEAM,AE,2.46,-0.09702445439486469,16,14,0.5176090787039325
2024-11-20,ILI incidence,2024-11-17,1,IE,ISI,LSTFlu,AE,1.43883177824331,0.676735932663965,16,3,0.7767100308927625
2024-11-20,ILI incidence,2024-11-17,1,IE,ISI,RC_AdaptEns2,AE,1.66096292549858,0.46961399003449306,16,6,0.720348708107347
2024-11-20,ILI incidence,2024-11-17,1,IE,ISI,SEIR_BRW,AE,2.26324953237585,0.023238204857034917,16,12,0.5675305631556502
2024-11-20,ILI incidence,2024-11-17,1,IE,ItaLuxColab,EpiEKF,AE,1.82675667667941,0.3323493808584357,16,9,0.6782818694781418
2024-11-20,ILI incidence,2024-11-17,1,IE,ItaLuxColab,EpiNetEKF,AE,1.41849181153249,0.6972760387178062,16,2,0.7818708894369077
2024-11-20,ILI incidence,2024-11-17,1,IE,NotreDame,Rt_cocirc,AE,4.5,-0.9682911402726619,16,16,0.0
2024-11-20,ILI incidence,2024-11-17,1,IE,QMUL,SEIR,AE,0.558801740672596,2.0412254412942272,16,1,1.0
2024-11-20,ILI incidence,2024-11-17,1,IE,RIVM,KFdlm,AE,2.13310336537797,0.10867998404952751,16,11,0.60055254236968
2024-11-20,ILI incidence,2024-11-17,1,IE,fjordhest,ensemble,AE,1.93,0.2530330136762948,16,10,0.6520859471907385
2024-11-20,ILI incidence,2024-11-17,1,IE,respicast,hubEnsemble,AE,1.73970548508564,0.40279076841154426,16,7,0.7003693631452648
2024-11-20,ILI incidence,2024-11-17,1,IE,respicast,quantileBaseline,AE,2.3,0.0,16,13,0.5582058691905155
2024-11-20,ILI incidence,2024-11-17,1,IS,ECDC,SARIMA,AE,0.74035527163018,-inf,12,12,0.0
2024-11-20,ILI incidence,2024-11-17,1,IS,ECDC,soca_simplex,AE,0.0707212505509345,-inf,12,2,0.9466513832467873
2024-11-20,ILI incidence,2024-11-17,1,IS,ISI,FluABCaster,AE,0.255510471925118,-inf,12,8,0.6854176846646389
2024-11-20,ILI incidence,2024-11-17,1,IS,ISI,FluBcast,AE,0.561112280546323,-inf,12,10,0.2533930775699709
2024-11-20,ILI incidence,2024-11-17,1,IS,ISI,GLEAM,AE,0.12,-inf,12,6,0.876986768155331
2024-11-20,ILI incidence,2024-11-17,1,IS,ISI,LSTFlu,AE,0.075643562512707,-inf,12,3,0.9396927860418931
2024-11-20,ILI incidence,2024-11-17,1,IS,ISI,RC_AdaptEns2,AE,0.578973985694157,-inf,12,11,0.22814225793853773
2024-11-20,ILI incidence,2024-11-17,1,IS,ISI,SEIR_BRW,AE,0.032983970082443,-inf,12,1,1.0
2024-11-20,ILI incidence,2024-11-17,1,IS,ItaLuxColab,EpiEKF,AE,0.25423387153902,-inf,12,7,0.6872223951233539
2024-11-20,ILI incidence,2024-11-17,1,IS,ItaLuxColab,EpiNetEKF,AE,0.37726642417932,-inf,12,9,0.5132931554565717
2024-11-20,ILI incidence,2024-11-17,1,IS,RIVM,KFdlm,AE,0.10711160666217,-inf,12,4,0.8952068928757291
2024-11-20,ILI incidence,2024-11-17,1,IS,respicast,hubEnsemble,AE,0.11355580333108,-inf,12,5,0.8860968305155372
2024-11-20,ILI incidence,2024-11-17,1,IT,ECDC,SARIMA,AE,13.59875887745,2.6251958241200297,16,5,0.9679207240174462
2024-11-20,ILI incidence,2024-11-17,1,IT,ECDC,soca_simplex,AE,67.272426216721,0.3186555199744872,16,10,0.8251571137823192
2024-11-20,ILI incidence,2024-11-17,1,IT,ISI,FluABCaster,AE,134.937486557171,-0.6855484787449591,16,15,0.6451785734690801
2024-11-20,ILI incidence,2024-11-17,1,IT,ISI,FluBcast,AE,17.8545646035416,2.2323778574731374,16,7,0.9566009424553688
2024-11-20,ILI incidence,2024-11-17,1,IT,ISI,LSTFlu,AE,1.53817575870926,5.769378544170214,16,1,1.0
2024-11-20,ILI incidence,2024-11-17,1,IT,ISI,RC_AdaptEns2,AE,25.7399852865735,1.7046595817760064,16,8,0.9356269494204505
2024-11-20,ILI incidence,2024-11-17,1,IT,ISI,SEIR_BRW,AE,91.4589056298242,-0.12445284572150696,16,14,0.7608248389245921
2024-11-20,ILI incidence,2024-11-17,1,IT,ItaLuxColab,EpiEKF,AE,10.633223752418,2.980091755044173,16,4,0.9758085863848995
2024-11-20,ILI incidence,2024-11-17,1,IT,ItaLuxColab,EpiNetEKF,AE,8.48625289254505,3.305471233595471,16,3,0.9815191950729111
2024-11-20,ILI incidence,2024-11-17,1,IT,NotreDame,Rt_cocirc,AE,377.5,-2.1697339286599804,16,16,0.0
2024-11-20,ILI incidence,2024-11-17,1,IT,QMUL,ARIMA,AE,74.1352670673003,0.17851079689043958,16,11,0.8069030241166226
2024-11-20,ILI incidence,2024-11-17,1,IT,QMUL,SEIR,AE,6.99154827926372,3.584986929569572,16,2,0.9854948769557663
2024-11-20,ILI incidence,2024-11-17,1,IT,QMUL,SEIR_agumented,AE,54.4901726971483,0.6226747473717887,16,9,0.8591559208297312
2024-11-20,ILI incidence,2024-11-17,1,IT,RIVM,KFdlm,AE,87.2326345134732,-0.05619715051619219,16,13,0.7720660630166386
2024-11-20,ILI incidence,2024-11-17,1,IT,respicast,hubEnsemble,AE,13.59875887745,2.6251958241200297,16,5,0.9679207240174462
2024-11-20,ILI incidence,2024-11-17,1,IT,respicast,quantileBaseline,AE,83.9,0.0,16,12,0.7809303526827467
2024-11-20,ILI incidence,2024-11-17,1,LT,ECDC,SARIMA,AE,0.873775249275639,1.7307187548215477,16,3,0.9899338240488017
2024-11-20,ILI incidence,2024-11-17,1,LT,ECDC,soca_simplex,AE,2.90992832127903,-0.004930716189260556,16,14,0.9435181660336892
2024-11-20,ILI incidence,2024-11-17,1,LT,ISI,FluABCaster,AE,0.674231221294914,2.1047375600860203,16,2,0.9944825819438052
2024-11-20,ILI incidence,2024-11-17,1,LT,ISI,FluBcast,AE,1.18255366723569,1.294147242089593,16,6,0.9828949851483552
2024-11-20,ILI incidence,2024-11-17,1,LT,ISI,GLEAM,AE,1.08,1.4250215878514658,16,4,0.9852327739973654
2024-11-20,ILI incidence,2024-11-17,1,LT,ISI,LSTFlu,AE,2.46769935879534,0.23288625939752214,16,12,0.9535991116017082
2024-11-20,ILI incidence,2024-11-17,1,LT,ISI,RC_AdaptEns2,AE,5.08176968306236,-0.8092780905321253,16,15,0.894009390245813
2024-11-20,ILI incidence,2024-11-17,1,LT,ISI,SEIR_BRW,AE,2.30094915673538,0.33382379505114634,16,11,0.9574003092912076
2024-11-20,ILI incidence,2024-11-17,1,LT,ItaLuxColab,EpiEKF,AE,2.07994109148176,0.47951023160010636,16,10,0.9624383562418234
2024-11-20,ILI incidence,2024-11-17,1,LT,ItaLuxColab,EpiNetEKF,AE,1.69850989003066,0.771783281518741,16,8,0.9711333706031101
2024-11-20,ILI incidence,2024-11-17,1,LT,NotreDame,Rt_cocirc,AE,44.3,-3.933181893427446,16,16,0.0
2024-11-20,ILI incidence,2024-11-17,1,LT,QMUL,SEIR,AE,0.432194197474416,2.7463012920441723,16,1,1.0
2024-11-20,ILI incidence,2024-11-17,1,LT,RIVM,KFdlm,AE,1.78605484239497,0.6992765198726173,16,9,0.9691377168255221
2024-11-20,ILI incidence,2024-11-17,1,LT,fjordhest,ensemble,AE,1.39,1.0609680172914269,16,7,0.9781660882051584
2024-11-20,ILI incidence,2024-11-17,1,LT,respicast,hubEnsemble,AE,1.13127683361785,1.3581008872547364,16,5,0.9840638795728602
2024-11-20,ILI incidence,2024-11-17,1,LT,respicast,quantileBaseline,AE,2.9,0.0,16,13,0.9437444896689247
2024-11-20,ILI incidence,2024-11-17,1,LU,ECDC,SARIMA,AE,1512.04101999955,0.08157462630286802,12,7,0.7466487024747807
2024-11-20,ILI incidence,2024-11-17,1,LU,ECDC,soca_simplex,AE,890.736749670114,0.8450008825759178,12,1,1.0
2024-11-20,ILI incidence,2024-11-17,1,LU,ISI,GLEAM,AE,2782.94,-0.798537899483732,12,11,0.2284100213920555
2024-11-20,ILI incidence,2024-11-17,1,LU,ISI,LSTFlu,AE,1067.6009633064,0.5836993927622157,12,4,0.9278794945562316
2024-11-20,ILI incidence,2024-11-17,1,LU,ItaLuxColab,EpiEKF,AE,1537.81987853671,0.05718537161763642,12,8,0.7361367720551724
2024-11-20,ILI incidence,2024-11-17,1,LU,ItaLuxColab,EpiNetEKF,AE,978.72297069224,0.7090994398305188,12,3,0.9641215676041037
2024-11-20,ILI incidence,2024-11-17,1,LU,NotreDame,Rt_cocirc,AE,954.0,0.7460107337692131,12,2,0.9742029351444166
2024-11-20,ILI incidence,2024-11-17,1,LU,QMUL,ARIMA,AE,1073.18161976922,0.576177654025189,12,5,0.9256038518101286
2024-11-20,ILI incidence,2024-11-17,1,LU,RIVM,KFdlm,AE,3343.07970744632,-1.0631058477387745,12,12,0.0
2024-11-20,ILI incidence,2024-11-17,1,LU,fjordhest,ensemble,AE,1607.99,-0.007186529392220727,12,10,0.7075232695102752
2024-11-20,ILI incidence,2024-11-17,1,LU,respicast,hubEnsemble,AE,1292.61131988438,0.3077833741047506,12,6,0.8361262771424567
2024-11-20,ILI incidence,2024-11-17,1,LU,respicast,quantileBaseline,AE,1600.0,0.0,12,9,0.7107813782404038
2024-11-20,ILI incidence,2024-11-17,1,LV,ECDC,soca_simplex,AE,33.0827064193189,-2.0845312337776196,10,5,0.9728602313186877
2024-11-20,ILI incidence,2024-11-17,1,LV,ISI,FluABCaster,AE,16.57687079998,-1.0876256672864801,10,4,0.9901488330891451
2024-11-20,ILI incidence,2024-11-17,1,LV,ISI,FluBcast,AE,80.5688021254858,-3.3686752770115516,10,9,0.9231221739896864
2024-11-20,ILI incidence,2024-11-17,1,LV,ISI,GLEAM,AE,49.35,-2.661504055594149,10,8,0.9558214841091854
2024-11-20,ILI incidence,2024-11-17,1,LV,ItaLuxColab,EpiEKF,AE,12.7300534675624,-0.7066924496352609,10,3,0.9941780803491833
2024-11-20,ILI incidence,2024-11-17,1,LV,ItaLuxColab,EpiNetEKF,AE,961.895300516881,-6.946261935215713,10,10,0.0
2024-11-20,ILI incidence,2024-11-17,1,LV,NotreDame,Rt_cocirc,AE,33.1,-2.0852851879449696,10,7,0.9728421176141485
2024-11-20,ILI incidence,2024-11-17,1,LV,RIVM,KFdlm,AE,7.17172954864451,0.12115303986595527,10,1,1.0
2024-11-20,ILI incidence,2024-11-17,1,LV,respicast,hubEnsemble,AE,33.0913532096594,-2.0849082601134614,10,6,0.9728511744664182
2024-11-20,ILI incidence,2024-11-17,1,LV,respicast,quantileBaseline,AE,7.8,0.0,10,2,0.9993419347018758
2024-11-20,ILI incidence,2024-11-17,1,MT,ECDC,SARIMA,AE,367.55177299535,1.7070150197984701,9,2,0.870931636806028
2024-11-20,ILI incidence,2024-11-17,1,MT,ECDC,soca_simplex,AE,1412.67660412565,-0.23539682981419494,9,8,0.45253949612884026
2024-11-20,ILI incidence,2024-11-17,1,MT,ISI,GLEAM,AE,2543.1,-1.0835537870898457,9,9,0.0
2024-11-20,ILI incidence,2024-11-17,1,MT,ISI,LSTFlu,AE,45.1447816282698,4.732331362146414,9,1,1.0
2024-11-20,ILI incidence,2024-11-17,1,MT,ItaLuxColab,EpiEKF,AE,1257.24997058748,-0.0672371138320208,9,7,0.5147610413331147
2024-11-20,ILI incidence,2024-11-17,1,MT,ItaLuxColab,EpiNetEKF,AE,973.43139347836,0.30188319797117813,9,4,0.6283814037085959
2024-11-20,ILI incidence,2024-11-17,1,MT,NotreDame,Rt_cocirc,AE,1052.5,0.18921417254212247,9,5,0.5967280714390205
2024-11-20,ILI incidence,2024-11-17,1,MT,respicast,hubEnsemble,AE,670.49158323686,0.8397432788056607,9,3,0.7496565202573099
2024-11-20,ILI incidence,2024-11-17,1,MT,respicast,quantileBaseline,AE,1200.0,0.0,9,6,0.5376797750903988
2024-11-20,ILI incidence,2024-11-17,1,NL,ECDC,SARIMA,AE,4.8165180005111,-0.06635669633107569,18,13,0.5815560051659161
2024-11-20,ILI incidence,2024-11-17,1,NL,ECDC,soca_simplex,AE,3.95322122571837,0.2186051692763861,18,7,0.6640836470103828
2024-11-20,ILI incidence,2024-11-17,1,NL,ISI,FluABCaster,AE,4.15700137636242,0.14609063553815438,18,9,0.6446030978198667
2024-11-20,ILI incidence,2024-11-17,1,NL,ISI,FluBcast,AE,6.73381234924642,-0.5497896570580287,18,16,0.3982705048107944
2024-11-20,ILI incidence,2024-11-17,1,NL,ISI,GLEAM,AE,4.44,0.05107418459426905,18,11,0.6175495865176304
2024-11-20,ILI incidence,2024-11-17,1,NL,ISI,LSTFlu,AE,3.57649465758598,0.36308757467836494,18,5,0.7000971665739064
2024-11-20,ILI incidence,2024-11-17,1,NL,ISI,RC_AdaptEns2,AE,4.25765814964994,0.11157374172311299,18,10,0.6349807218564136
2024-11-20,ILI incidence,2024-11-17,1,NL,ISI,SEIR_BRW,AE,0.43930155402092,3.388350353110952,18,1,1.0
2024-11-20,ILI incidence,2024-11-17,1,NL,ItaLuxColab,EpiEKF,AE,3.7205701590613,0.3061101369815136,18,6,0.6863241377250823
2024-11-20,ILI incidence,2024-11-17,1,NL,ItaLuxColab,EpiNetEKF,AE,5.4852061889274,-0.2539119913917382,18,15,0.5176321484684379
2024-11-20,ILI incidence,2024-11-17,1,NL,NotreDame,Rt_cocirc,AE,10.9,-1.2446223687199136,18,18,0.0
2024-11-20,ILI incidence,2024-11-17,1,NL,QMUL,ARIMA,AE,5.24311098327597,-0.18878922317922728,18,14,0.540775460256045
2024-11-20,ILI incidence,2024-11-17,1,NL,QMUL,SEIR,AE,8.05022810448821,-0.8073958016292266,18,17,0.27242654113666714
2024-11-20,ILI incidence,2024-11-17,1,NL,QMUL,SEIR_agumented,AE,2.75903744152324,0.7374688262496196,18,3,0.7782427340313984
2024-11-20,ILI incidence,2024-11-17,1,NL,RIVM,KFdlm,AE,0.75776315458655,2.6018149639902624,18,2,0.969556373103553
2024-11-20,ILI incidence,2024-11-17,1,NL,fjordhest,ensemble,AE,3.12,0.5600878320821268,18,4,0.7437361893354745
2024-11-20,ILI incidence,2024-11-17,1,NL,respicast,hubEnsemble,AE,4.1570013763624,0.14609063553816132,18,8,0.6446030978198686
2024-11-20,ILI incidence,2024-11-17,1,NL,respicast,quantileBaseline,AE,4.6,0.0,18,12,0.6022542407215282
2024-11-20,ILI incidence,2024-11-17,1,NO,ECDC,soca_simplex,AE,0.993251511340944,1.3316971062411882,13,4,0.9403617317035238
2024-11-20,ILI incidence,2024-11-17,1,NO,ISI,FluABCaster,AE,6.85303960662126,-1.4548159300822217,13,12,0.5441281703367418
2024-11-20,ILI incidence,2024-11-17,1,NO,ISI,FluBcast,AE,1.90541197787044,0.3918251317243945,13,7,0.8786822674781749
2024-11-20,ILI incidence,2024-11-17,1,NO,ISI,GLEAM,AE,2.45,0.02914634565951651,13,9,0.841857718880609
2024-11-20,ILI incidence,2024-11-17,1,NO,ISI,RC_AdaptEns2,AE,3.85307883150795,-0.6240836080221581,13,11,0.7469827996434241
2024-11-20,ILI incidence,2024-11-17,1,NO,ISI,SEIR_BRW,AE,2.0019316656773,0.3205353651045809,13,8,0.8721556936465162
2024-11-20,ILI incidence,2024-11-17,1,NO,ItaLuxColab,EpiEKF,AE,1.4480403289228,0.7878263118538743,13,6,0.9096093239491566
2024-11-20,ILI incidence,2024-11-17,1,NO,ItaLuxColab,EpiNetEKF,AE,0.1112777245134,4.489691365741659,13,1,1.0
2024-11-20,ILI incidence,2024-11-17,1,NO,NotreDame,Rt_cocirc,AE,14.9,-2.575312330687437,13,13,0.0
2024-11-20,ILI incidence,2024-11-17,1,NO,RIVM,KFdlm,AE,0.817952278995271,1.6118395139245254,13,3,0.9522153069536483
2024-11-20,ILI incidence,2024-11-17,1,NO,fjordhest,ensemble,AE,1.24,1.0115879742752119,13,5,0.9236768224826603
2024-11-20,ILI incidence,2024-11-17,1,NO,respicast,hubEnsemble,AE,0.3533372772409,2.822810227544195,13,2,0.9836321523781177
2024-11-20,ILI incidence,2024-11-17,1,NO,respicast,quantileBaseline,AE,2.5,0.0,13,10,0.8384767641863095
2024-11-20,ILI incidence,2024-11-17,1,PL,ECDC,SARIMA,AE,1.94160918728198,2.4890033897454438,16,1,1.0
2024-11-20,ILI incidence,2024-11-17,1,PL,ECDC,soca_simplex,AE,15.368536189419,-0.4956516238562868,16,7,0.9358663058594672
2024-11-20,ILI incidence,2024-11-17,1,PL,ISI,FluABCaster,AE,36.4777406664205,-1.7426882405999038,16,11,0.8350382263396698
2024-11-20,ILI incidence,2024-11-17,1,PL,ISI,FluBcast,AE,51.3732740745696,-2.2366898861349824,16,12,0.7638897361820726
2024-11-20,ILI incidence,2024-11-17,1,PL,ISI,LSTFlu,AE,31.7827105562752,-1.5439140337163189,16,10,0.8574640297283923
2024-11-20,ILI incidence,2024-11-17,1,PL,ISI,RC_AdaptEns2,AE,24.6019885089543,-1.174446794223494,16,9,0.8917627364553867
2024-11-20,ILI incidence,2024-11-17,1,PL,ItaLuxColab,EpiEKF,AE,10.72618516924,0.02319107065089477,16,3,0.9580404876639681
2024-11-20,ILI incidence,2024-11-17,1,PL,ItaLuxColab,EpiNetEKF,AE,12.470160467933,-0.1941518951053673,16,6,0.9497103925962569
2024-11-20,ILI incidence,2024-11-17,1,PL,NotreDame,Rt_cocirc,AE,211.3,-4.276892727158014,16,16,0.0
2024-11-20,ILI incidence,2024-11-17,1,PL,QMUL,ARIMA,AE,3.19872714406409,1.7687582961088433,16,2,0.9939953782033667
2024-11-20,ILI incidence,2024-11-17,1,PL,QMUL,SEIR,AE,59.7673977989808,-2.4550305959120458,16,15,0.7237952183945329
2024-11-20,ILI incidence,2024-11-17,1,PL,QMUL,SEIR_agumented,AE,58.9606472599237,-2.4354242271776694,16,13,0.7276486609813112
2024-11-20,ILI incidence,2024-11-17,1,PL,RIVM,KFdlm,AE,59.143400677499,-2.4398890641461275,16,14,0.7267757395910298
2024-11-20,ILI incidence,2024-11-17,1,PL,fjordhest,ensemble,AE,12.38,-0.18368317954997604,16,5,0.9501410439190102
2024-11-20,ILI incidence,2024-11-17,1,PL,respicast,hubEnsemble,AE,15.368536189419,-0.4956516238562868,16,7,0.9358663058594672
2024-11-20,ILI incidence,2024-11-17,1,PL,respicast,quantileBaseline,AE,10.9,0.0,16,4,0.9572102614185081
2024-11-20,ILI incidence,2024-11-17,1,RO,ECDC,SARIMA,AE,1.50177803796096,0.3393278195497516,12,3,0.3672234790250557
2024-11-20,ILI incidence,2024-11-17,1,RO,ECDC,soca_simplex,AE,2.25724769300109,-0.24856531891789746,12,12,0.0
2024-11-20,ILI incidence,2024-11-17,1,RO,ISI,FluABCaster,AE,1.73246380081139,0.1331742104566447,12,4,0.255090281046397
2024-11-20,ILI incidence,2024-11-17,1,RO,ISI,FluBcast,AE,1.73911219908982,0.12764840721772677,12,6,0.25185858546542816
2024-11-20,ILI incidence,2024-11-17,1,RO,ISI,LSTFlu,AE,0.511554544848146,1.8930394369402235,12,2,0.8485575918213069
2024-11-20,ILI incidence,2024-11-17,1,RO,ItaLuxColab,EpiEKF,AE,1.97884035804131,-0.05865580982105131,12,9,0.1353300022680508
2024-11-20,ILI incidence,2024-11-17,1,RO,ItaLuxColab,EpiNetEKF,AE,1.94166111653864,-0.03129200663359465,12,8,0.15340232366578854
2024-11-20,ILI incidence,2024-11-17,1,RO,NotreDame,Rt_cocirc,AE,0.2,3.247927513443585,12,1,1.0
2024-11-20,ILI incidence,2024-11-17,1,RO,QMUL,SEIR,AE,2.13465618362394,-0.16800430369036465,12,11,0.05959005801499506
2024-11-20,ILI incidence,2024-11-17,1,RO,RIVM,KFdlm,AE,2.01261522846606,-0.08307196580275768,12,10,0.11891249914499244
2024-11-20,ILI incidence,2024-11-17,1,RO,respicast,hubEnsemble,AE,1.73578799995061,0.13040866322585118,12,5,0.2534744332559101
2024-11-20,ILI incidence,2024-11-17,1,RO,respicast,quantileBaseline,AE,1.9,0.0,12,7,0.17365322329269017
2024-11-20,ILI incidence,2024-11-17,1,SI,ECDC,SARIMA,AE,3.38302223785142,-1.2728858333587978,13,11,0.9070809074404761
2024-11-20,ILI incidence,2024-11-17,1,SI,ECDC,soca_simplex,AE,0.785051730290945,0.8345671998045712,13,6,0.9882943771828555
2024-11-20,ILI incidence,2024-11-17,1,SI,ISI,FluABCaster,AE,0.41059583094277,1.76963594319542,13,1,1.0
2024-11-20,ILI incidence,2024-11-17,1,SI,ISI,FluBcast,AE,0.842561729867191,0.7325725335544201,13,8,0.9864965944147764
2024-11-20,ILI incidence,2024-11-17,1,SI,ISI,LSTFlu,AE,3.50510573416546,-1.3240311377091272,13,12,0.9032645345043359
2024-11-20,ILI incidence,2024-11-17,1,SI,ItaLuxColab,EpiEKF,AE,0.63370989727603,1.143532374350453,13,4,0.993025375991558
2024-11-20,ILI incidence,2024-11-17,1,SI,ItaLuxColab,EpiNetEKF,AE,0.648345833965861,1.110591356083488,13,5,0.9925678514746122
2024-11-20,ILI incidence,2024-11-17,1,SI,NotreDame,Rt_cocirc,AE,32.4,-4.532495080827021,13,13,0.0
2024-11-20,ILI incidence,2024-11-17,1,SI,QMUL,SEIR,AE,2.28696292341446,-0.7080061495807932,13,10,0.9413441062373189
2024-11-20,ILI incidence,2024-11-17,1,SI,RIVM,KFdlm,AE,0.819512893413511,0.7725882746030289,13,7,0.9872171091305828
2024-11-20,ILI incidence,2024-11-17,1,SI,fjordhest,ensemble,AE,0.569999999999999,1.2963930027802275,13,3,0.9950169697373914
2024-11-20,ILI incidence,2024-11-17,1,SI,respicast,hubEnsemble,AE,0.41059583094277,1.76963594319542,13,1,1.0
2024-11-20,ILI incidence,2024-11-17,1,SI,respicast,quantileBaseline,AE,1.4,0.0,13,9,0.9690708784749964
2024-10-23,ARI incidence,2024-10-20,1,BE,ECDC,SARIMA,AE,210.5143111512,-0.0688776969951882,12,8,0.7542548392073548
2024-10-23,ARI incidence,2024-10-20,1,BE,ECDC,soca_simplex,AE,162.539716280365,0.304248335607033,12,4,0.850638214260867
2024-10-23,ARI incidence,2024-10-20,1,BE,ISI,FluABCaster,AE,471.950201878878,-1.2335940240464147,12,11,0.22901697995503176
2024-10-23,ARI incidence,2024-10-20,1,BE,ISI,FluBcast,AE,242.554201416684,-0.2732665527745562,12,10,0.6898850874992718
2024-10-23,ARI incidence,2024-10-20,1,BE,MRC_GIDA,CATBoost,AE,120.616588062333,0.7346122860000686,12,2,0.9348638883146883
2024-10-23,ARI incidence,2024-10-20,1,BE,MRC_GIDA,NBEATS,AE,136.108889840446,0.5602793183385729,12,3,0.9037390745097504
2024-10-23,ARI incidence,2024-10-20,1,BE,MRC_GIDA,NHiTS,AE,88.1952439474444,1.186267853066341,12,1,1.0
2024-10-23,ARI incidence,2024-10-20,1,BE,MRC_GIDA,Prophet,AE,189.782345436763,0.08069482526605341,12,5,0.7959064015067566
2024-10-23,ARI incidence,2024-10-20,1,BE,fjordhest,ensemble,AE,226.67,-0.17555284488883416,12,9,0.7217972473974789
2024-10-23,ARI incidence,2024-10-20,1,BE,respicast,hubEnsemble,AE,200.14832829398,0.003971050797995212,12,6,0.7750806203570587
2024-10-23,ARI incidence,2024-10-20,1,BE,respicast,quantileBaseline,AE,200.7,0.0,12,7,0.7739722841409657
2024-10-23,ARI incidence,2024-10-20,1,BE,safinea,syndromic,AE,585.942857,-1.5457193586253348,12,12,0.0
2024-10-23,ARI incidence,2024-10-20,1,BG,ECDC,SARIMA,AE,7.49023131813306,-0.4455786549693008,12,2,0.9914612013652775
2024-10-23,ARI incidence,2024-10-20,1,BG,ECDC,soca_simplex,AE,29.1010024322306,-2.403565326259856,12,8,0.8987433242003928
2024-10-23,ARI incidence,2024-10-20,1,BG,ISI,FluABCaster,AE,72.2473866823404,-3.715441879937889,12,9,0.7136300242681679
2024-10-23,ARI incidence,2024-10-20,1,BG,ISI,FluBcast,AE,18.046237292778,-1.7141945374658076,12,6,0.9461721896895
2024-10-23,ARI incidence,2024-10-20,1,BG,MRC_GIDA,CATBoost,AE,13.1850075244984,-1.2613948707785185,12,4,0.9670285905160122
2024-10-23,ARI incidence,2024-10-20,1,BG,MRC_GIDA,NBEATS,AE,105.137031402451,-4.256695476506743,12,11,0.5725217767625231
2024-10-23,ARI incidence,2024-10-20,1,BG,MRC_GIDA,NHiTS,AE,22.9720704171053,-2.0623773654378663,12,7,0.9250386175395378
2024-10-23,ARI incidence,2024-10-20,1,BG,MRC_GIDA,Prophet,AE,85.0014488848061,-3.94998390904284,12,10,0.658910571343598
2024-10-23,ARI incidence,2024-10-20,1,BG,fjordhest,ensemble,AE,8.98000000000002,-0.7072838263290994,12,3,0.9850695650409574
2024-10-23,ARI incidence,2024-10-20,1,BG,respicast,hubEnsemble,AE,13.513118646389,-1.2968571439895658,12,5,0.9656208773652287
2024-10-23,ARI incidence,2024-10-20,1,BG,respicast,quantileBaseline,AE,5.50000000000011,0.0,12,1,1.0
2024-10-23,ARI incidence,2024-10-20,1,BG,safinea,syndromic,AE,238.5809524,-5.438903438248545,12,12,0.0
2024-10-23,ARI incidence,2024-10-20,1,CZ,ECDC,SARIMA,AE,2.95260840510991,2.8709693780877377,12,2,0.9948094646181734
2024-10-23,ARI incidence,2024-10-20,1,CZ,ECDC,soca_simplex,AE,30.7898201246285,-0.5114221267359723,12,6,0.9179085849435498
2024-10-23,ARI incidence,2024-10-20,1,CZ,ISI,FluABCaster,AE,96.8171672685762,-2.1642315712402818,12,9,0.7355066572967839
2024-10-23,ARI incidence,2024-10-20,1,CZ,ISI,FluBcast,AE,29.3298857746868,-0.4413401401376423,12,5,0.9219416841242051
2024-10-23,ARI incidence,2024-10-20,1,CZ,MRC_GIDA,CATBoost,AE,84.3354328585651,-1.965107582945316,12,8,0.7699877096976553
2024-10-23,ARI incidence,2024-10-20,1,CZ,MRC_GIDA,NBEATS,AE,207.449509085451,-3.263657025676743,12,11,0.42988249881772256
2024-10-23,ARI incidence,2024-10-20,1,CZ,MRC_GIDA,NHiTS,AE,84.0101301232578,-1.9595319892814396,12,7,0.7708863653086321
2024-10-23,ARI incidence,2024-10-20,1,CZ,MRC_GIDA,Prophet,AE,127.134125817898,-2.5572481184275198,12,10,0.6517554251334259
2024-10-23,ARI incidence,2024-10-20,1,CZ,fjordhest,ensemble,AE,5.09999999999991,2.0824621601919917,12,3,0.9888772504181016
2024-10-23,ARI incidence,2024-10-20,1,CZ,respicast,hubEnsemble,AE,1.07369579744,4.3303741045393975,12,1,1.0
2024-10-23,ARI incidence,2024-10-20,1,CZ,respicast,quantileBaseline,AE,21.5999999999999,0.0,12,4,0.9432956552707111
2024-10-23,ARI incidence,2024-10-20,1,CZ,safinea,syndromic,AE,363.061905,-4.071112342901554,12,12,0.0
2024-10-23,ARI incidence,2024-10-20,1,DE,ECDC,SARIMA,AE,122.34729055228,0.6952467277277208,10,5,0.772804008723428
2024-10-23,ARI incidence,2024-10-20,1,DE,ECDC,soca_simplex,AE,61.7979157921527,1.6805987927622987,10,3,0.9129027154641745
2024-10-23,ARI incidence,2024-10-20,1,DE,ISI,FluABCaster,AE,456.346087749701,-1.2038994829804184,10,10,0.0
2024-10-23,ARI incidence,2024-10-20,1,DE,MRC_GIDA,CATBoost,AE,24.1552690851554,3.0358190509037875,10,1,1.0
2024-10-23,ARI incidence,2024-10-20,1,DE,MRC_GIDA,NBEATS,AE,165.626200668309,0.2582979671468474,10,6,0.6726655785509424
2024-10-23,ARI incidence,2024-10-20,1,DE,MRC_GIDA,NHiTS,AE,52.88220110461,1.9053747480305536,10,2,0.9335318318232215
2024-10-23,ARI incidence,2024-10-20,1,DE,MRC_GIDA,Prophet,AE,206.180368815458,-0.057678094763518886,10,9,0.5788316366998407
2024-10-23,ARI incidence,2024-10-20,1,DE,fjordhest,ensemble,AE,195.16,0.02157149185082166,10,7,0.6043304866048677
2024-10-23,ARI incidence,2024-10-20,1,DE,respicast,hubEnsemble,AE,92.0726031722199,1.105385038640681,10,4,0.842853362093793
2024-10-23,ARI incidence,2024-10-20,1,DE,respicast,quantileBaseline,AE,198.1,0.0,10,8,0.5975279358031537
2024-10-23,ARI incidence,2024-10-20,1,EE,respicast,hubEnsemble,AE,253.4,-2.222392421336448,3,2,0.0
2024-10-23,ARI incidence,2024-10-20,1,EE,respicast,quantileBaseline,AE,54.3,0.0,3,1,1.0
2024-10-23,ARI incidence,2024-10-20,1,EE,safinea,syndromic,AE,253.4,-2.222392421336448,3,2,0.0
2024-10-23,ARI incidence,2024-10-20,1,ES,ECDC,SARIMA,AE,9.35118848262999,1.1324022696677798,8,2,0.981836508183572
2024-10-23,ARI incidence,2024-10-20,1,ES,ECDC,soca_simplex,AE,13.2784737002877,0.6265345847006307,8,3,0.9655918825670965
2024-10-23,ARI incidence,2024-10-20,1,ES,ISI,FluABCaster,AE,30.5471264042827,-0.5754127610733271,8,6,0.8941626935649679
2024-10-23,ARI incidence,2024-10-20,1,ES,ISI,FluBcast,AE,4.95999999999998,2.047211884005939,8,1,1.0
2024-10-23,ARI incidence,2024-10-20,1,ES,fjordhest,ensemble,AE,34.79,-0.763048769227082,8,7,0.8766126840086046
2024-10-23,ARI incidence,2024-10-20,1,ES,respicast,hubEnsemble,AE,21.912800052285,-0.09614993623320542,8,5,0.929877288066033
2024-10-23,ARI incidence,2024-10-20,1,ES,respicast,quantileBaseline,AE,20.5,0.0,8,4,0.9357211233487668
2024-10-23,ARI incidence,2024-10-20,1,ES,safinea,syndromic,AE,246.7190476,-3.589173286353091,8,8,0.0
2024-10-23,ARI incidence,2024-10-20,1,FR,ECDC,SARIMA,AE,49.12582427,0.2836638702274052,12,3,0.7455381526732716
2024-10-23,ARI incidence,2024-10-20,1,FR,ECDC,soca_simplex,AE,82.8669758310525,-0.4706517886243046,12,11,0.5350046999692905
2024-10-23,ARI incidence,2024-10-20,1,FR,ISI,FluABCaster,AE,60.3467739012177,-0.013131163091801281,12,8,0.6755231958866564
2024-10-23,ARI incidence,2024-10-20,1,FR,ISI,FluBcast,AE,78.6149664400401,-0.3946585094013404,12,10,0.5615358103968585
2024-10-23,ARI incidence,2024-10-20,1,FR,MRC_GIDA,CATBoost,AE,8.34448692486757,2.8412502335820973,12,1,1.0
2024-10-23,ARI incidence,2024-10-20,1,FR,MRC_GIDA,NBEATS,AE,52.9871616681607,0.17450263496136376,12,5,0.7214447042615062
2024-10-23,ARI incidence,2024-10-20,1,FR,MRC_GIDA,NHiTS,AE,37.2491859757587,0.6829365864074598,12,2,0.8196443864832995
2024-10-23,ARI incidence,2024-10-20,1,FR,MRC_GIDA,Prophet,AE,50.7056823686111,0.23799805148183728,12,4,0.7356803687834392
2024-10-23,ARI incidence,2024-10-20,1,FR,fjordhest,ensemble,AE,78.12,-0.38554646480132454,12,9,0.5646242347325153
2024-10-23,ARI incidence,2024-10-20,1,FR,respicast,hubEnsemble,AE,55.526228134914,0.10697608661861407,12,6,0.7056017823350503
2024-10-23,ARI incidence,2024-10-20,1,FR,respicast,quantileBaseline,AE,59.8,0.0,12,7,0.6789348813788808
2024-10-23,ARI incidence,2024-10-20,1,FR,safinea,syndromic,AE,168.6095238,-1.4954686387426568,12,12,0.0
2024-10-23,ARI incidence,2024-10-20,1,GB-ENG,ECDC,SARIMA,AE,16.7507353869078,-0.35602538831759595,5,5,0.0
2024-10-23,ARI incidence,2024-10-20,1,GB-ENG,ECDC,soca_simplex,AE,10.3733351696297,0.3353192305168713,5,2,0.4052460747388733
2024-10-23,ARI incidence,2024-10-20,1,GB-ENG,ISI,FluABCaster,AE,1.01362992231452,3.6905961218747434,5,1,1.0
2024-10-23,ARI incidence,2024-10-20,1,GB-ENG,respicast,hubEnsemble,AE,10.3733351696297,0.3353192305168713,5,2,0.4052460747388733
2024-10-23,ARI incidence,2024-10-20,1,GB-ENG,respicast,quantileBaseline,AE,13.0875862558947,0.0,5,4,0.23277146736131205
2024-10-23,ARI incidence,2024-10-20,1,GB-NIR,ISI,FluABCaster,AE,10.1066105132815,-0.562586560632059,4,2,0.8748031810072427
2024-10-23,ARI incidence,2024-10-20,1,GB-NIR,respicast,hubEnsemble,AE,21.5085287867429,-1.652196169376766,4,3,0.437401590503633
2024-10-23,ARI incidence,2024-10-20,1,GB-NIR,respicast,quantileBaseline,AE,6.84305608356578,0.0,4,1,1.0
2024-10-23,ARI incidence,2024-10-20,1,GB-NIR,safinea,syndromic,AE,32.9104470602049,-2.265832947956989,4,4,0.0
2024-10-23,ARI incidence,2024-10-20,1,GB-SCT,ECDC,SARIMA,AE,16.2247642847797,0.10597042698323444,6,1,1.0
2024-10-23,ARI incidence,2024-10-20,1,GB-SCT,ECDC,soca_simplex,AE,28.148676621621,-0.6888991514924646,6,5,0.6314276094788149
2024-10-23,ARI incidence,2024-10-20,1,GB-SCT,ISI,FluABCaster,AE,24.4120413348096,-0.4834249925951087,6,3,0.7469283412236043
2024-10-23,ARI incidence,2024-10-20,1,GB-SCT,respicast,hubEnsemble,AE,26.2803589782157,-0.589817036656139,6,4,0.6891779753511973
2024-10-23,ARI incidence,2024-10-20,1,GB-SCT,respicast,quantileBaseline,AE,17.4613844033996,0.0,6,2,0.9617756303123689
2024-10-23,ARI incidence,2024-10-20,1,GB-SCT,safinea,syndromic,AE,48.5763799876817,-1.4760870356385987,6,6,0.0
2024-10-23,ARI incidence,2024-10-20,1,GB-WLS,respicast,quantileBaseline,AE,39.5476749465348,0.0,1,1,0.0
2024-10-23,ARI incidence,2024-10-20,1,HU,ECDC,SARIMA,AE,39.6871637826898,0.7294151192003417,6,2,0.7817025686982157
2024-10-23,ARI incidence,2024-10-20,1,HU,ECDC,soca_simplex,AE,126.261592596398,-0.9402563646410528,6,6,0.0
2024-10-23,ARI incidence,2024-10-20,1,HU,ISI,FluBcast,AE,15.5104804977359,2.0848442037784474,6,1,1.0
2024-10-23,ARI incidence,2024-10-20,1,HU,MRC_GIDA,Prophet,AE,84.749964185693,-0.36512517462316235,6,5,0.37481906613925975
2024-10-23,ARI incidence,2024-10-20,1,HU,respicast,hubEnsemble,AE,50.1302223417099,0.39240695106566004,6,3,0.687409533069671
2024-10-23,ARI incidence,2024-10-20,1,HU,respicast,quantileBaseline,AE,65.8000000000002,0.0,6,4,0.5459231194223665
2024-10-23,ARI incidence,2024-10-20,1,LT,ECDC,SARIMA,AE,40.2130189842801,0.39014031161946205,12,2,0.984523283893733
2024-10-23,ARI incidence,2024-10-20,1,LT,ECDC,soca_simplex,AE,86.8276170360375,-0.7203510280870983,12,7,0.8553027130007901
2024-10-23,ARI incidence,2024-10-20,1,LT,ISI,FluABCaster,AE,51.8805474823266,0.022609257795815265,12,4,0.9521796671633425
2024-10-23,ARI incidence,2024-10-20,1,LT,ISI,FluBcast,AE,75.032630598628,-0.509715177279409,12,6,0.8879996565510545
2024-10-23,ARI incidence,2024-10-20,1,LT,MRC_GIDA,CATBoost,AE,232.736832510411,-2.142824680145974,12,9,0.450827014182035
2024-10-23,ARI incidence,2024-10-20,1,LT,MRC_GIDA,NBEATS,AE,134.156999519887,-1.3480474608934778,12,8,0.7241006844477861
2024-10-23,ARI incidence,2024-10-20,1,LT,MRC_GIDA,NHiTS,AE,243.58997985979,-2.208579921835982,12,10,0.420740947690272
2024-10-23,ARI incidence,2024-10-20,1,LT,MRC_GIDA,Prophet,AE,274.753235430197,-2.3822616031406603,12,11,0.3343531240471406
2024-10-23,ARI incidence,2024-10-20,1,LT,fjordhest,ensemble,AE,34.6300000000001,0.6057805743273443,12,1,1.0
2024-10-23,ARI incidence,2024-10-20,1,LT,respicast,hubEnsemble,AE,46.0467832332999,0.1947025867719956,12,3,0.9683514755285473
2024-10-23,ARI incidence,2024-10-20,1,LT,respicast,quantileBaseline,AE,52.7,0.0,12,5,0.9499080585561881
2024-10-23,ARI incidence,2024-10-20,1,LT,safinea,syndromic,AE,395.366667,-2.907316376927285,12,12,0.0
2024-10-23,ARI incidence,2024-10-20,1,LU,ECDC,SARIMA,AE,1786.3347583223,-0.351575639020112,9,3,0.7715017044116123
2024-10-23,ARI incidence,2024-10-20,1,LU,ECDC,soca_simplex,AE,5379.54974398092,-1.9420586003868678,9,9,0.0
2024-10-23,ARI incidence,2024-10-20,1,LU,MRC_GIDA,CATBoost,AE,3907.03368062471,-1.4806468651726403,9,8,0.31616495455658383
2024-10-23,ARI incidence,2024-10-20,1,LU,MRC_GIDA,NBEATS,AE,2762.26841480948,-0.9804266886239389,9,4,0.5619583059849504
2024-10-23,ARI incidence,2024-10-20,1,LU,MRC_GIDA,NHiTS,AE,3235.82604963106,-1.208707226802857,9,5,0.46028041477605197
2024-10-23,ARI incidence,2024-10-20,1,LU,MRC_GIDA,Prophet,AE,3707.47226984417,-1.4050090748669366,9,7,0.35901292473551033
2024-10-23,ARI incidence,2024-10-20,1,LU,fjordhest,ensemble,AE,722.119999999999,0.9551163217602374,9,1,1.0
2024-10-23,ARI incidence,2024-10-20,1,LU,respicast,hubEnsemble,AE,3235.8260496311,-1.2087072268028747,9,6,0.46028041477604337
2024-10-23,ARI incidence,2024-10-20,1,LU,respicast,quantileBaseline,AE,1400.0,0.0,9,2,0.8544519107612806
2024-10-23,ARI incidence,2024-10-20,1,LV,ECDC,SARIMA,AE,20.19623591608,2.4387725297180576,8,2,0.9868743388428629
2024-10-23,ARI incidence,2024-10-20,1,LV,ECDC,soca_simplex,AE,164.532120418068,-0.5874383885672285,8,5,0.7755839866201738
2024-10-23,ARI incidence,2024-10-20,1,LV,MRC_GIDA,CATBoost,AE,42.6560014712245,1.3601102294150915,8,3,0.953995946949126
2024-10-23,ARI incidence,2024-10-20,1,LV,MRC_GIDA,NBEATS,AE,330.580528327017,-1.5940708804742116,8,6,0.532509115016672
2024-10-23,ARI incidence,2024-10-20,1,LV,MRC_GIDA,NHiTS,AE,380.46590739118,-1.7968363133602079,8,7,0.4594829278727246
2024-10-23,ARI incidence,2024-10-20,1,LV,MRC_GIDA,Prophet,AE,694.346186875854,-2.6647242707328345,8,8,0.0
2024-10-23,ARI incidence,2024-10-20,1,LV,respicast,hubEnsemble,AE,11.2298827775701,3.2855160963787653,8,1,1.0
2024-10-23,ARI incidence,2024-10-20,1,LV,respicast,quantileBaseline,AE,109.5,0.0,8,4,0.85614438327285
2024-10-23,ARI incidence,2024-10-20,1,RO,ECDC,SARIMA,AE,72.3592344804949,-0.15695866692330124,12,5,0.7921905580693887
2024-10-23,ARI incidence,2024-10-20,1,RO,ECDC,soca_simplex,AE,149.374631123426,-1.2026447670647125,12,9,0.5461769105724366
2024-10-23,ARI incidence,2024-10-20,1,RO,ISI,FluABCaster,AE,65.0954588751412,-0.004338424815856364,12,4,0.8153935539528937
2024-10-23,ARI incidence,2024-10-20,1,RO,ISI,FluBcast,AE,80.8757963169207,-0.31748953397274476,12,7,0.7649857323742559
2024-10-23,ARI incidence,2024-10-20,1,RO,MRC_GIDA,CATBoost,AE,171.538681224572,-1.4022435511862648,12,10,0.4753773166422975
2024-10-23,ARI incidence,2024-10-20,1,RO,MRC_GIDA,NBEATS,AE,105.731742738245,-0.7041181836964207,12,8,0.6855872963777562
2024-10-23,ARI incidence,2024-10-20,1,RO,MRC_GIDA,NHiTS,AE,192.479183015431,-1.568412040733426,12,11,0.40848615655556264
2024-10-23,ARI incidence,2024-10-20,1,RO,MRC_GIDA,Prophet,AE,7.30379239722402,3.15150081432742,12,1,1.0
2024-10-23,ARI incidence,2024-10-20,1,RO,fjordhest,ensemble,AE,53.16,0.28787737361032656,12,2,0.853519511883578
2024-10-23,ARI incidence,2024-10-20,1,RO,respicast,hubEnsemble,AE,76.617515398708,-0.23945576366786042,12,6,0.7785881452218216
2024-10-23,ARI incidence,2024-10-20,1,RO,respicast,quantileBaseline,AE,64.9,0.0,12,3,0.8160179167803954
2024-10-23,ARI incidence,2024-10-20,1,RO,safinea,syndromic,AE,320.357143,-2.303390775280586,12,12,0.0
2024-10-23,ARI incidence,2024-10-20,1,SI,ECDC,SARIMA,AE,260.88918478566,0.3289385347027088,12,7,0.8095443416337422
2024-10-23,ARI incidence,2024-10-20,1,SI,ECDC,soca_simplex,AE,245.631273026578,0.4158814209342738,12,5,0.8307557853856151
2024-10-23,ARI incidence,2024-10-20,1,SI,ISI,FluABCaster,AE,353.272838492721,-0.1084071584927502,12,11,0.681113223067767
2024-10-23,ARI incidence,2024-10-20,1,SI,ISI,FluBcast,AE,304.013139443783,0.10824199460412673,12,8,0.7495937171294007
2024-10-23,ARI incidence,2024-10-20,1,SI,MRC_GIDA,CATBoost,AE,174.855664589111,0.9062111388282061,12,3,0.929147548366046
2024-10-23,ARI incidence,2024-10-20,1,SI,MRC_GIDA,NBEATS,AE,123.889758279691,1.4033187452070102,12,1,1.0
2024-10-23,ARI incidence,2024-10-20,1,SI,MRC_GIDA,NHiTS,AE,184.020391430943,0.8325100316729013,12,4,0.9164068082846852
2024-10-23,ARI incidence,2024-10-20,1,SI,MRC_GIDA,Prophet,AE,130.982137878261,1.3230055889918493,12,2,0.99014022277115
2024-10-23,ARI incidence,2024-10-20,1,SI,fjordhest,ensemble,AE,321.39,0.02805063240174411,12,9,0.7254365253660557
2024-10-23,ARI incidence,2024-10-20,1,SI,respicast,hubEnsemble,AE,253.26022890612,0.37175513378865005,12,6,0.8201500635096772
2024-10-23,ARI incidence,2024-10-20,1,SI,respicast,quantileBaseline,AE,327.7,0.0,12,10,0.7166644068620508
2024-10-23,ARI incidence,2024-10-20,1,SI,safinea,syndromic,AE,843.214286,-1.3635236368918455,12,12,0.0
2024-10-23,ARI incidence,2024-10-27,2,BE,ECDC,SARIMA,AE,400.03621020167,0.07574427219017059,12,7,0.6260051490791378
2024-10-23,ARI incidence,2024-10-27,2,BE,ECDC,soca_simplex,AE,290.024586683256,0.5396996578299473,12,4,0.760308556403767
2024-10-23,ARI incidence,2024-10-27,2,BE,ISI,FluABCaster,AE,811.705539356368,-0.9450815920166791,12,11,0.12343467672113324
2024-10-23,ARI incidence,2024-10-27,2,BE,ISI,FluBcast,AE,440.18897060848,-0.062248130485613215,12,10,0.5769862148642326
2024-10-23,ARI incidence,2024-10-27,2,BE,MRC_GIDA,CATBoost,AE,254.559358144342,0.7278727638551501,12,3,0.8036048998444725
2024-10-23,ARI incidence,2024-10-27,2,BE,MRC_GIDA,NBEATS,AE,242.808043578402,0.7960586519776709,12,2,0.8179510347007144
2024-10-23,ARI incidence,2024-10-27,2,BE,MRC_GIDA,NHiTS,AE,93.6867172369737,2.169958442630453,12,1,1.0
2024-10-23,ARI incidence,2024-10-27,2,BE,MRC_GIDA,Prophet,AE,340.452182790063,0.3084226839977133,12,5,0.6987459890701364
2024-10-23,ARI incidence,2024-10-27,2,BE,fjordhest,ensemble,AE,433.5,-0.040157126471982586,12,9,0.5851521841998528
2024-10-23,ARI incidence,2024-10-27,2,BE,respicast,hubEnsemble,AE,370.24419649587,0.18739774524155262,12,6,0.6623755690746328
2024-10-23,ARI incidence,2024-10-27,2,BE,respicast,quantileBaseline,AE,421.6,0.0,12,8,0.5996798358792735
2024-10-23,ARI incidence,2024-10-27,2,BE,safinea,syndromic,AE,912.814286,-1.1144465037269187,12,12,0.0
2024-10-23,ARI incidence,2024-10-27,2,BG,ECDC,SARIMA,AE,8.0396695384901,-0.6286245790236721,12,2,0.9909776745116103
2024-10-23,ARI incidence,2024-10-27,2,BG,ECDC,soca_simplex,AE,65.5760470573694,-3.6565854099213113,12,7,0.8081705139029848
2024-10-23,ARI incidence,2024-10-27,2,BG,ISI,FluABCaster,AE,104.457215161919,-4.328256713486227,12,8,0.6846355218015596
2024-10-23,ARI incidence,2024-10-27,2,BG,ISI,FluBcast,AE,52.5177633865353,-3.3362219480346162,12,6,0.8496598787748673
2024-10-23,ARI incidence,2024-10-27,2,BG,MRC_GIDA,CATBoost,AE,33.5892289452484,-2.691415149920143,12,4,0.9098004678232275
2024-10-23,ARI incidence,2024-10-27,2,BG,MRC_GIDA,NBEATS,AE,105.133794993344,-4.337571061056489,12,9,0.6824858619995103
2024-10-23,ARI incidence,2024-10-27,2,BG,MRC_GIDA,NHiTS,AE,106.318932711742,-4.353743093749569,12,10,0.6787203892573408
2024-10-23,ARI incidence,2024-10-27,2,BG,MRC_GIDA,Prophet,AE,141.656610729456,-4.767742496469007,12,11,0.5664439328745864
2024-10-23,ARI incidence,2024-10-27,2,BG,fjordhest,ensemble,AE,18.74,-1.8495374246307514,12,3,0.9569801043899815
2024-10-23,ARI incidence,2024-10-27,2,BG,respicast,hubEnsemble,AE,35.628881693268,-2.7764636730140357,12,5,0.9033199915824233
2024-10-23,ARI incidence,2024-10-27,2,BG,respicast,quantileBaseline,AE,5.19999999999993,0.0,12,1,1.0
2024-10-23,ARI incidence,2024-10-27,2,BG,safinea,syndromic,AE,319.9380952,-5.943137351672156,12,12,0.0
2024-10-23,ARI incidence,2024-10-27,2,CZ,ECDC,SARIMA,AE,58.0906928895799,0.21229946681047943,12,4,0.8729636748796737
2024-10-23,ARI incidence,2024-10-27,2,CZ,ECDC,soca_simplex,AE,121.198843481783,-0.8486975222697543,12,8,0.7275989485883712
2024-10-23,ARI incidence,2024-10-27,2,CZ,ISI,FluABCaster,AE,124.879875550434,-0.8918625947571259,12,9,0.7191199769482948
2024-10-23,ARI incidence,2024-10-27,2,CZ,ISI,FluBcast,AE,2.93957238798066,4.516928294527974,12,1,1.0
2024-10-23,ARI incidence,2024-10-27,2,CZ,MRC_GIDA,CATBoost,AE,200.875669361348,-1.5776244213332886,12,11,0.5440695648707994
2024-10-23,ARI incidence,2024-10-27,2,CZ,MRC_GIDA,NBEATS,AE,179.943519313621,-1.4188657344235356,12,10,0.5922851477047583
2024-10-23,ARI incidence,2024-10-27,2,CZ,MRC_GIDA,NHiTS,AE,117.270447229183,-0.8011610824663289,12,7,0.7366477044252049
2024-10-23,ARI incidence,2024-10-27,2,CZ,MRC_GIDA,Prophet,AE,109.84759750608,-0.7068249067499891,12,6,0.7537456625839352
2024-10-23,ARI incidence,2024-10-27,2,CZ,fjordhest,ensemble,AE,41.6900000000001,0.6909051326892871,12,2,0.9107413978918266
2024-10-23,ARI incidence,2024-10-27,2,CZ,respicast,hubEnsemble,AE,49.8903464447899,0.4318458172001193,12,3,0.8918525363857505
2024-10-23,ARI incidence,2024-10-27,2,CZ,respicast,quantileBaseline,AE,67.3,0.0,12,5,0.8517507507981342
2024-10-23,ARI incidence,2024-10-27,2,CZ,safinea,syndromic,AE,437.07619,-2.699206378597358,12,12,0.0
2024-10-23,ARI incidence,2024-10-27,2,DE,ECDC,SARIMA,AE,44.02807464032,2.4093962003700398,10,2,0.9550561263664894
2024-10-23,ARI incidence,2024-10-27,2,DE,ECDC,soca_simplex,AE,238.291036469814,-0.026832822595867892,10,7,0.6553592575556265
2024-10-23,ARI incidence,2024-10-27,2,DE,ISI,FluABCaster,AE,663.09370771654,-1.5033209032250832,10,10,0.0
2024-10-23,ARI incidence,2024-10-27,2,DE,MRC_GIDA,CATBoost,AE,184.716352721611,0.3405802696198172,10,5,0.7380109623152877
2024-10-23,ARI incidence,2024-10-27,2,DE,MRC_GIDA,NBEATS,AE,100.977725532432,1.211854774732715,10,3,0.867197731274078
2024-10-23,ARI incidence,2024-10-27,2,DE,MRC_GIDA,NHiTS,AE,14.8955380116297,3.9729397233768053,10,1,1.0
2024-10-23,ARI incidence,2024-10-27,2,DE,MRC_GIDA,Prophet,AE,281.68594065207,-0.26819569684779987,10,9,0.5884122863816547
2024-10-23,ARI incidence,2024-10-27,2,DE,fjordhest,ensemble,AE,251.82,-0.10650100736727572,10,8,0.6344876103302958
2024-10-23,ARI incidence,2024-10-27,2,DE,respicast,hubEnsemble,AE,141.15955555507,0.728565068819841,10,4,0.8052076919610534
2024-10-23,ARI incidence,2024-10-27,2,DE,respicast,quantileBaseline,AE,233.9,0.0,10,6,0.6621334767296995
2024-10-23,ARI incidence,2024-10-27,2,EE,respicast,hubEnsemble,AE,119.6,0.025111778515623403,3,1,1.0
2024-10-23,ARI incidence,2024-10-27,2,EE,respicast,quantileBaseline,AE,121.7,0.0,3,3,0.0
2024-10-23,ARI incidence,2024-10-27,2,EE,safinea,syndromic,AE,119.6,0.025111778515623403,3,1,1.0
2024-10-23,ARI incidence,2024-10-27,2,ES,ECDC,SARIMA,AE,48.911275105353,-1.0151600283839777,8,7,0.8433960543522453
2024-10-23,ARI incidence,2024-10-27,2,ES,ECDC,soca_simplex,AE,22.9600315705239,0.07588242174903248,8,3,0.9288092157906788
2024-10-23,ARI incidence,2024-10-27,2,ES,ISI,FluABCaster,AE,42.3719026536088,-0.8081008649474111,8,6,0.8649190489701042
2024-10-23,ARI incidence,2024-10-27,2,ES,ISI,FluBcast,AE,1.33000000000004,4.185508896660724,8,1,1.0
2024-10-23,ARI incidence,2024-10-27,2,ES,fjordhest,ensemble,AE,39.25,-0.6976856065043949,8,5,0.8751941471552794
2024-10-23,ARI incidence,2024-10-27,2,ES,respicast,hubEnsemble,AE,20.29,0.254238182405298,8,2,0.9375970735776397
2024-10-23,ARI incidence,2024-10-27,2,ES,respicast,quantileBaseline,AE,24.2,0.0,8,4,0.9247281156498218
2024-10-23,ARI incidence,2024-10-27,2,ES,safinea,syndromic,AE,305.1619048,-3.6564959204824206,8,8,0.0
2024-10-23,ARI incidence,2024-10-27,2,FR,ECDC,SARIMA,AE,90.601472865139,0.2614176943590079,12,5,0.6410767547288221
2024-10-23,ARI incidence,2024-10-27,2,FR,ECDC,soca_simplex,AE,144.559512160662,-0.41263943957449967,12,10,0.4174449916331354
2024-10-23,ARI incidence,2024-10-27,2,FR,ISI,FluABCaster,AE,116.628453092686,-0.1028956933555016,12,8,0.5332066476542336
2024-10-23,ARI incidence,2024-10-27,2,FR,ISI,FluBcast,AE,151.795380747087,-0.48310378593345543,12,11,0.38745557632750594
2024-10-23,ARI incidence,2024-10-27,2,FR,MRC_GIDA,CATBoost,AE,23.926531825156,2.18234090609528,12,3,0.9174143461933346
2024-10-23,ARI incidence,2024-10-27,2,FR,MRC_GIDA,NBEATS,AE,4.00020341965205,4.762806926651693,12,1,1.0
2024-10-23,ARI incidence,2024-10-27,2,FR,MRC_GIDA,NHiTS,AE,21.6292361299822,2.3279694828428434,12,2,0.9269356018462708
2024-10-23,ARI incidence,2024-10-27,2,FR,MRC_GIDA,Prophet,AE,83.2426668696758,0.3836290121728248,12,4,0.6715756902077672
2024-10-23,ARI incidence,2024-10-27,2,FR,fjordhest,ensemble,AE,122.11,-0.16915724918678396,12,9,0.5104881053317359
2024-10-23,ARI incidence,2024-10-27,2,FR,respicast,hubEnsemble,AE,103.614962978913,0.06779174628850983,12,6,0.5871417011915258
2024-10-23,ARI incidence,2024-10-27,2,FR,respicast,quantileBaseline,AE,108.6,0.0,12,7,0.5664809686542067
2024-10-23,ARI incidence,2024-10-27,2,FR,safinea,syndromic,AE,245.2809524,-1.1754111008102097,12,12,0.0
2024-10-23,ARI incidence,2024-10-27,2,GB-ENG,ECDC,SARIMA,AE,13.4543187361617,-0.6177360436728033,5,2,0.632846985352673
2024-10-23,ARI incidence,2024-10-27,2,GB-ENG,ECDC,soca_simplex,AE,18.9156673140457,-1.1092483754060747,5,4,0.20496615626875855
2024-10-23,ARI incidence,2024-10-27,2,GB-ENG,ISI,FluABCaster,AE,21.5317967359909,-1.2961354134164826,5,5,0.0
2024-10-23,ARI incidence,2024-10-27,2,GB-ENG,respicast,hubEnsemble,AE,13.4543187361617,-0.6177360436728033,5,2,0.632846985352673
2024-10-23,ARI incidence,2024-10-27,2,GB-ENG,respicast,quantileBaseline,AE,8.76808262059888,0.0,5,1,1.0
2024-10-23,ARI incidence,2024-10-27,2,GB-NIR,ISI,FluABCaster,AE,19.6651728875912,-1.230288493162563,4,2,0.6570619022863765
2024-10-23,ARI incidence,2024-10-27,2,GB-NIR,respicast,hubEnsemble,AE,30.4743963173823,-1.8622432653408716,4,3,0.3285309511431867
2024-10-23,ARI incidence,2024-10-27,2,GB-NIR,respicast,quantileBaseline,AE,8.38192999106897,0.0,4,1,1.0
2024-10-23,ARI incidence,2024-10-27,2,GB-NIR,safinea,syndromic,AE,41.2836197471733,-2.30021509506981,4,4,0.0
2024-10-23,ARI incidence,2024-10-27,2,GB-SCT,ECDC,SARIMA,AE,6.20406694735763,0.9950649750306856,6,1,1.0
2024-10-23,ARI incidence,2024-10-27,2,GB-SCT,ECDC,soca_simplex,AE,25.9615487280475,-1.0700253148703818,6,3,0.5615066856143198
2024-10-23,ARI incidence,2024-10-27,2,GB-SCT,ISI,FluABCaster,AE,28.5286812588758,-1.2060619251853664,6,5,0.5045322966509256
2024-10-23,ARI incidence,2024-10-27,2,GB-SCT,respicast,hubEnsemble,AE,27.2451149934616,-1.1396464455564663,6,4,0.5330194911326238
2024-10-23,ARI incidence,2024-10-27,2,GB-SCT,respicast,quantileBaseline,AE,12.3657619201284,0.0,6,2,0.8632486629199616
2024-10-23,ARI incidence,2024-10-27,2,GB-SCT,safinea,syndromic,AE,51.2617249150046,-2.0515308903972307,6,6,0.0
2024-10-23,ARI incidence,2024-10-27,2,GB-WLS,respicast,quantileBaseline,AE,71.1600543292135,0.0,1,1,0.0
2024-10-23,ARI incidence,2024-10-27,2,HU,ECDC,SARIMA,AE,303.44710458613,0.3898727020405019,6,5,0.26538315897472514
2024-10-23,ARI incidence,2024-10-27,2,HU,ECDC,soca_simplex,AE,198.294874348739,1.00367037054487,6,4,0.5617694879449712
2024-10-23,ARI incidence,2024-10-27,2,HU,ISI,FluBcast,AE,185.379655594848,1.1008348321541626,6,3,0.5981728458734868
2024-10-23,ARI incidence,2024-10-27,2,HU,MRC_GIDA,Prophet,AE,42.81902679274,3.2149938458176055,6,1,1.0
2024-10-23,ARI incidence,2024-10-27,2,HU,respicast,hubEnsemble,AE,114.09934119379,1.801027295327908,6,2,0.7990864229367547
2024-10-23,ARI incidence,2024-10-27,2,HU,respicast,quantileBaseline,AE,397.6,0.0,6,6,0.0
2024-10-23,ARI incidence,2024-10-27,2,LT,ECDC,SARIMA,AE,67.3490425735199,-0.0021231689722463025,12,6,0.8709187333159422
2024-10-23,ARI incidence,2024-10-27,2,LT,ECDC,soca_simplex,AE,2.97762999552992,4.497297868803941,12,1,1.0
2024-10-23,ARI incidence,2024-10-27,2,LT,ISI,FluABCaster,AE,37.5975825101802,0.8388943667424125,12,3,0.9305780758233513
2024-10-23,ARI incidence,2024-10-27,2,LT,ISI,FluBcast,AE,100.889953497443,-0.5851763469444026,12,7,0.8036605655298666
2024-10-23,ARI incidence,2024-10-27,2,LT,MRC_GIDA,CATBoost,AE,370.96187108404,-2.4636647358300485,12,11,0.2620967902183669
2024-10-23,ARI incidence,2024-10-27,2,LT,MRC_GIDA,NBEATS,AE,156.418078639598,-1.2178010946995093,12,8,0.6923123685137423
2024-10-23,ARI incidence,2024-10-27,2,LT,MRC_GIDA,NHiTS,AE,301.966950500516,-2.1667844861785226,12,10,0.40044938164079585
2024-10-23,ARI incidence,2024-10-27,2,LT,MRC_GIDA,Prophet,AE,272.660938631189,-2.0195018619799354,12,9,0.45921548575522075
2024-10-23,ARI incidence,2024-10-27,2,LT,fjordhest,ensemble,AE,36.29,0.8899622108520147,12,2,0.9332001156380514
2024-10-23,ARI incidence,2024-10-27,2,LT,respicast,hubEnsemble,AE,52.47331254185,0.35795040018039653,12,4,0.9007484045696468
2024-10-23,ARI incidence,2024-10-27,2,LT,respicast,quantileBaseline,AE,67.25,0.0,12,5,0.8711173391928927
2024-10-23,ARI incidence,2024-10-27,2,LT,safinea,syndromic,AE,501.666667,-2.8991229093278856,12,12,0.0
2024-10-23,ARI incidence,2024-10-27,2,LU,ECDC,SARIMA,AE,3898.0644384881,1.0372420601689938,9,6,0.8109998256186912
2024-10-23,ARI incidence,2024-10-27,2,LU,ECDC,soca_simplex,AE,11186.33685503,-0.4836657749653716,9,9,0.0
2024-10-23,ARI incidence,2024-10-27,2,LU,MRC_GIDA,CATBoost,AE,2938.37004328322,1.4449839070355448,9,2,0.9177894655602349
2024-10-23,ARI incidence,2024-10-27,2,LU,MRC_GIDA,NBEATS,AE,3803.60593355171,1.072632214148498,9,5,0.8215106609241534
2024-10-23,ARI incidence,2024-10-27,2,LU,MRC_GIDA,NHiTS,AE,3052.99275787955,1.389775832723126,9,3,0.905034865260364
2024-10-23,ARI incidence,2024-10-27,2,LU,MRC_GIDA,Prophet,AE,2199.56252251783,1.8627833895933246,9,1,1.0
2024-10-23,ARI incidence,2024-10-27,2,LU,fjordhest,ensemble,AE,7060.59,0.1802112563747368,9,7,0.45909095993475174
2024-10-23,ARI incidence,2024-10-27,2,LU,respicast,hubEnsemble,AE,3052.9927578796,1.3897758327231022,9,4,0.9050348652603586
2024-10-23,ARI incidence,2024-10-27,2,LU,respicast,quantileBaseline,AE,8000.0,0.0,9,8,0.35455845858981183
2024-10-23,ARI incidence,2024-10-27,2,LV,ECDC,SARIMA,AE,97.10404611896,1.339294541658292,8,3,0.9126583700674497
2024-10-23,ARI incidence,2024-10-27,2,LV,ECDC,soca_simplex,AE,442.284759269257,-0.8480776714333987,8,7,0.45207586575806175
2024-10-23,ARI incidence,2024-10-27,2,LV,MRC_GIDA,CATBoost,AE,33.8112440874331,2.861322851299979,8,2,0.9971114004769035
2024-10-23,ARI incidence,2024-10-27,2,LV,MRC_GIDA,NBEATS,AE,266.639209045251,-0.11799108527706358,8,5,0.6864437325332494
2024-10-23,ARI incidence,2024-10-27,2,LV,MRC_GIDA,NHiTS,AE,272.455708132148,-0.1491238589720305,8,6,0.6786826450399577
2024-10-23,ARI incidence,2024-10-27,2,LV,MRC_GIDA,Prophet,AE,781.090224696974,-1.6685913477795213,8,8,0.0
2024-10-23,ARI incidence,2024-10-27,2,LV,respicast,hubEnsemble,AE,31.6464010157599,2.9567845139748212,8,1,1.0
2024-10-23,ARI incidence,2024-10-27,2,LV,respicast,quantileBaseline,AE,245.7,0.0,8,4,0.7143833970999665
2024-10-23,ARI incidence,2024-10-27,2,RO,ECDC,SARIMA,AE,185.620241670319,-0.8469110724903,12,8,0.6138901722552917
2024-10-23,ARI incidence,2024-10-27,2,RO,ECDC,soca_simplex,AE,110.828046605856,-0.1028800512299136,12,5,0.8560977480717533
2024-10-23,ARI incidence,2024-10-27,2,RO,ISI,FluABCaster,AE,104.979959906568,-0.02467098091324386,12,4,0.8750362335832188
2024-10-23,ARI incidence,2024-10-27,2,RO,ISI,FluBcast,AE,122.029459520773,-0.24178650468232027,12,7,0.8198230129138552
2024-10-23,ARI incidence,2024-10-27,2,RO,MRC_GIDA,CATBoost,AE,263.364632555543,-1.3516186471847043,12,10,0.36212218452063843
2024-10-23,ARI incidence,2024-10-27,2,RO,MRC_GIDA,NBEATS,AE,231.856173626252,-1.16778717105327,12,9,0.4641594017516408
2024-10-23,ARI incidence,2024-10-27,2,RO,MRC_GIDA,NHiTS,AE,273.689954085704,-1.4070995101356287,12,11,0.3286845899268398
2024-10-23,ARI incidence,2024-10-27,2,RO,MRC_GIDA,Prophet,AE,66.3919249851654,0.636363283297553,12,1,1.0
2024-10-23,ARI incidence,2024-10-27,2,RO,fjordhest,ensemble,AE,89.25,0.2095188965067922,12,2,0.9259762474894323
2024-10-23,ARI incidence,2024-10-27,2,RO,respicast,hubEnsemble,AE,116.428753063315,-0.1740044172039327,12,6,0.8379603804928026
2024-10-23,ARI incidence,2024-10-27,2,RO,respicast,quantileBaseline,AE,103.2,0.0,12,3,0.8808004683893875
2024-10-23,ARI incidence,2024-10-27,2,RO,safinea,syndromic,AE,375.185714,-1.862161924432899,12,12,0.0
2024-10-23,ARI incidence,2024-10-27,2,SI,ECDC,SARIMA,AE,122.41172393728,0.974894904285888,12,4,0.8661661035218594
2024-10-23,ARI incidence,2024-10-27,2,SI,ECDC,soca_simplex,AE,671.306035666788,-1.4803339711307006,12,11,0.24860728844226315
2024-10-23,ARI incidence,2024-10-27,2,SI,ISI,FluABCaster,AE,311.812877692617,-0.3740438692280231,12,10,0.6530716159522839
2024-10-23,ARI incidence,2024-10-27,2,SI,ISI,FluBcast,AE,203.023342425941,0.2449910330043302,12,5,0.7754702909916715
2024-10-23,ARI incidence,2024-10-27,2,SI,MRC_GIDA,CATBoost,AE,3.45841503830661,6.120381817624194,12,1,1.0
2024-10-23,ARI incidence,2024-10-27,2,SI,MRC_GIDA,NBEATS,AE,42.7360242022369,2.4931120392893606,12,3,0.9558089175710213
2024-10-23,ARI incidence,2024-10-27,2,SI,MRC_GIDA,NHiTS,AE,285.035583363871,-0.24450539163396912,12,9,0.6831986436939141
2024-10-23,ARI incidence,2024-10-27,2,SI,MRC_GIDA,Prophet,AE,29.9985064192326,3.0036740645204314,12,2,0.9701398483550221
2024-10-23,ARI incidence,2024-10-27,2,SI,fjordhest,ensemble,AE,243.64,-0.018114367020237082,12,8,0.7297726505025669
2024-10-23,ARI incidence,2024-10-27,2,SI,respicast,hubEnsemble,AE,223.33167121297,0.107448784717252,12,6,0.7526214707471197
2024-10-23,ARI incidence,2024-10-27,2,SI,respicast,quantileBaseline,AE,240.6,0.0,12,7,0.7331929424562702
2024-10-23,ARI incidence,2024-10-27,2,SI,safinea,syndromic,AE,892.271429,-1.8908460022789875,12,12,0.0
2024-10-23,ARI incidence,2024-11-03,3,BE,ECDC,SARIMA,AE,737.44561314981,0.04469612106196047,12,7,0.6431737747057306
2024-10-23,ARI incidence,2024-11-03,3,BE,ECDC,soca_simplex,AE,567.422700734928,0.42280890582717734,12,4,0.8132320311344661
2024-10-23,ARI incidence,2024-11-03,3,BE,ISI,FluABCaster,AE,1169.55777816802,-0.6206584548316209,12,11,0.21097178309809392
2024-10-23,ARI incidence,2024-11-03,3,BE,ISI,FluBcast,AE,750.041744172511,0.020261882937551053,12,8,0.6305750252251815
2024-10-23,ARI incidence,2024-11-03,3,BE,MRC_GIDA,CATBoost,AE,557.552575260065,0.4481249225758853,12,3,0.8231042083907422
2024-10-23,ARI incidence,2024-11-03,3,BE,MRC_GIDA,NBEATS,AE,456.079887234225,0.7379462252484694,12,2,0.9245979903505727
2024-10-23,ARI incidence,2024-11-03,3,BE,MRC_GIDA,NHiTS,AE,380.693548742021,0.9986026530236736,12,1,1.0
2024-10-23,ARI incidence,2024-11-03,3,BE,MRC_GIDA,Prophet,AE,657.285228001494,0.2107132132141987,12,5,0.7233508234302842
2024-10-23,ARI incidence,2024-11-03,3,BE,fjordhest,ensemble,AE,751.91,0.01667278652616104,12,9,0.6287063810285081
2024-10-23,ARI incidence,2024-11-03,3,BE,respicast,hubEnsemble,AE,697.36542057565,0.12531794642958924,12,6,0.6832622990680095
2024-10-23,ARI incidence,2024-11-03,3,BE,respicast,quantileBaseline,AE,760.65,0.0,12,10,0.6199645641752575
2024-10-23,ARI incidence,2024-11-03,3,BE,safinea,syndromic,AE,1380.485714,-0.8598712779897066,12,12,0.0
2024-10-23,ARI incidence,2024-11-03,3,BG,ECDC,SARIMA,AE,51.095944479707,0.40381445849921915,12,2,0.9320476892133042
2024-10-23,ARI incidence,2024-11-03,3,BG,ECDC,soca_simplex,AE,279.328626014066,-2.046868279113017,12,10,0.41079282108529197
2024-10-23,ARI incidence,2024-11-03,3,BG,ISI,FluABCaster,AE,124.961710322481,-0.8863909529461499,12,8,0.763347528593435
2024-10-23,ARI incidence,2024-11-03,3,BG,ISI,FluBcast,AE,153.440124513162,-1.1825806445631857,12,9,0.6983063962995765
2024-10-23,ARI incidence,2024-11-03,3,BG,MRC_GIDA,CATBoost,AE,102.626080692138,-0.6023022625971528,12,6,0.8143593100756057
2024-10-23,ARI incidence,2024-11-03,3,BG,MRC_GIDA,NBEATS,AE,89.5290067939476,-0.40533193506295523,12,5,0.8442713870041516
2024-10-23,ARI incidence,2024-11-03,3,BG,MRC_GIDA,NHiTS,AE,21.3428638744339,1.6632694705219293,12,1,1.0
2024-10-23,ARI incidence,2024-11-03,3,BG,MRC_GIDA,Prophet,AE,312.119303288626,-2.2070024331204947,12,11,0.3359030198365351
2024-10-23,ARI incidence,2024-11-03,3,BG,fjordhest,ensemble,AE,84.09,-0.31491099858410365,12,4,0.8566933975158219
2024-10-23,ARI incidence,2024-11-03,3,BG,respicast,hubEnsemble,AE,113.793895507309,-0.7513280144817561,12,7,0.7888534193345215
2024-10-23,ARI incidence,2024-11-03,3,BG,respicast,quantileBaseline,AE,67.6,0.0,12,3,0.8943544928403182
2024-10-23,ARI incidence,2024-11-03,3,BG,safinea,syndromic,AE,459.195238,-2.7640125292667457,12,12,0.0
2024-10-23,ARI incidence,2024-11-03,3,CZ,ECDC,SARIMA,AE,307.08644880499,0.12141920877075264,12,5,0.8143187120985425
2024-10-23,ARI incidence,2024-11-03,3,CZ,ECDC,soca_simplex,AE,282.77776457209,0.24039537647452253,12,3,0.8447162766262224
2024-10-23,ARI incidence,2024-11-03,3,CZ,ISI,FluABCaster,AE,477.955334806425,-0.5168117449991804,12,10,0.6006502988583189
2024-10-23,ARI incidence,2024-11-03,3,CZ,ISI,FluBcast,AE,399.413807180191,-0.2578201467594899,12,9,0.6988650410157629
2024-10-23,ARI incidence,2024-11-03,3,CZ,MRC_GIDA,CATBoost,AE,158.598638492272,1.074683672728539,12,1,1.0
2024-10-23,ARI incidence,2024-11-03,3,CZ,MRC_GIDA,NBEATS,AE,250.527922893503,0.41509264913920024,12,2,0.8850441131327134
2024-10-23,ARI incidence,2024-11-03,3,CZ,MRC_GIDA,NHiTS,AE,304.54129063061,0.1334262124902674,12,4,0.8175013857923396
2024-10-23,ARI incidence,2024-11-03,3,CZ,MRC_GIDA,Prophet,AE,539.764776795,-0.6922667756807807,12,11,0.5233587234169506
2024-10-23,ARI incidence,2024-11-03,3,CZ,fjordhest,ensemble,AE,348.0,-0.0590232472271448,12,8,0.7631570654791163
2024-10-23,ARI incidence,2024-11-03,3,CZ,respicast,hubEnsemble,AE,327.5432244025,0.02837875367374356,12,6,0.7887378887888232
2024-10-23,ARI incidence,2024-11-03,3,CZ,respicast,quantileBaseline,AE,334.05,0.0,12,7,0.7806012850468383
2024-10-23,ARI incidence,2024-11-03,3,CZ,safinea,syndromic,AE,958.290476,-1.5203989716078223,12,12,0.0
2024-10-23,ARI incidence,2024-11-03,3,DE,ECDC,SARIMA,AE,394.20162389925,0.6014529980818822,10,6,0.6481836559641337
2024-10-23,ARI incidence,2024-11-03,3,DE,ECDC,soca_simplex,AE,306.350797703095,0.9652021096691598,10,3,0.7336966707589129
2024-10-23,ARI incidence,2024-11-03,3,DE,ISI,FluABCaster,AE,1060.10575369693,-0.825749569168528,10,10,0.0
2024-10-23,ARI incidence,2024-11-03,3,DE,MRC_GIDA,CATBoost,AE,165.023459595056,1.8577155862514851,10,2,0.871263126053882
2024-10-23,ARI incidence,2024-11-03,3,DE,MRC_GIDA,NBEATS,AE,325.649868495085,0.8770650735244077,10,4,0.7149111704099911
2024-10-23,ARI incidence,2024-11-03,3,DE,MRC_GIDA,NHiTS,AE,32.7670917752744,4.190067179513588,10,1,1.0
2024-10-23,ARI incidence,2024-11-03,3,DE,MRC_GIDA,Prophet,AE,635.703058567117,-0.08796631210172942,10,9,0.4131088518911184
2024-10-23,ARI incidence,2024-11-03,3,DE,fjordhest,ensemble,AE,553.11,0.11282029198608165,10,7,0.4935040142931886
2024-10-23,ARI incidence,2024-11-03,3,DE,respicast,hubEnsemble,AE,359.92574619717,0.7326874128350965,10,5,0.68154741318706
2024-10-23,ARI incidence,2024-11-03,3,DE,respicast,quantileBaseline,AE,598.1,0.0,10,8,0.44971124987425254
2024-10-23,ARI incidence,2024-11-03,3,EE,respicast,hubEnsemble,AE,357.1,-2.2571479857968284,3,2,0.0
2024-10-23,ARI incidence,2024-11-03,3,EE,respicast,quantileBaseline,AE,74.7,0.0,3,1,1.0
2024-10-23,ARI incidence,2024-11-03,3,EE,safinea,syndromic,AE,357.1,-2.2571479857968284,3,2,0.0
2024-10-23,ARI incidence,2024-11-03,3,ES,ECDC,SARIMA,AE,2.30292707783502,5.447582962250262,8,1,1.0
2024-10-23,ARI incidence,2024-11-03,3,ES,ECDC,soca_simplex,AE,17.9767164670953,2.4829940664982804,8,2,0.9638521147040611
2024-10-23,ARI incidence,2024-11-03,3,ES,ISI,FluABCaster,AE,131.052196015553,-0.38294602741820116,8,7,0.7030702856907364
2024-10-23,ARI incidence,2024-11-03,3,ES,ISI,FluBcast,AE,69.95,0.5227995389015376,8,3,0.8439880381274001
2024-10-23,ARI incidence,2024-11-03,3,ES,fjordhest,ensemble,AE,127.26,-0.3405835252980579,8,6,0.7118160882012545
2024-10-23,ARI incidence,2024-11-03,3,ES,respicast,hubEnsemble,AE,98.605,0.027462792565527687,8,4,0.7779020631643273
2024-10-23,ARI incidence,2024-11-03,3,ES,respicast,quantileBaseline,AE,100.5,0.0,8,5,0.7735316942041102
2024-10-23,ARI incidence,2024-11-03,3,ES,safinea,syndromic,AE,435.9047619,-2.1168174626272123,8,8,0.0
2024-10-23,ARI incidence,2024-11-03,3,FR,ECDC,SARIMA,AE,121.548769614134,0.20389153751048078,12,5,0.6890294013240644
2024-10-23,ARI incidence,2024-11-03,3,FR,ECDC,soca_simplex,AE,172.960074524118,-0.30501222263586736,12,10,0.49755259512523403
2024-10-23,ARI incidence,2024-11-03,3,FR,ISI,FluABCaster,AE,160.323870136897,-0.19556241282230974,12,8,0.5446150080084918
2024-10-23,ARI incidence,2024-11-03,3,FR,ISI,FluBcast,AE,221.422958902199,-0.6613779928583227,12,11,0.3170569174499514
2024-10-23,ARI incidence,2024-11-03,3,FR,MRC_GIDA,CATBoost,AE,38.3342900323414,1.8687194613037093,12,2,0.9989542866720951
2024-10-23,ARI incidence,2024-11-03,3,FR,MRC_GIDA,NBEATS,AE,47.9370147211507,1.5462148541446774,12,3,0.9631897975691781
2024-10-23,ARI incidence,2024-11-03,3,FR,MRC_GIDA,NHiTS,AE,38.05351719193,1.8793251174523429,12,1,1.0
2024-10-23,ARI incidence,2024-11-03,3,FR,MRC_GIDA,Prophet,AE,103.214117672075,0.439786510454709,12,4,0.757315172377327
2024-10-23,ARI incidence,2024-11-03,3,FR,fjordhest,ensemble,AE,164.72,-0.23458890791256304,12,9,0.5282420155840417
2024-10-23,ARI incidence,2024-11-03,3,FR,respicast,hubEnsemble,AE,140.936319875516,-0.009616620900703197,12,7,0.6168222046662762
2024-10-23,ARI incidence,2024-11-03,3,FR,respicast,quantileBaseline,AE,140.0,0.0,12,6,0.6203094442852316
2024-10-23,ARI incidence,2024-11-03,3,FR,safinea,syndromic,AE,306.552381,-1.1307067829683723,12,12,0.0
2024-10-23,ARI incidence,2024-11-03,3,GB-ENG,ECDC,SARIMA,AE,1.06692311701923,1.6030321664018083,5,1,1.0
2024-10-23,ARI incidence,2024-11-03,3,GB-ENG,ECDC,soca_simplex,AE,1.24794165349897,1.3769379012886132,5,3,0.9967560596644514
2024-10-23,ARI incidence,2024-11-03,3,GB-ENG,ISI,FluABCaster,AE,56.8689779501659,-4.1330815862532795,5,5,0.0
2024-10-23,ARI incidence,2024-11-03,3,GB-ENG,respicast,hubEnsemble,AE,1.06692311701923,1.6030321664018083,5,1,1.0
2024-10-23,ARI incidence,2024-11-03,3,GB-ENG,respicast,quantileBaseline,AE,3.24111089846576,0.0,5,4,0.9610374960573126
2024-10-23,ARI incidence,2024-11-03,3,GB-NIR,ISI,FluABCaster,AE,45.254323315654,-7.634119114244035,4,2,0.23545226807723968
2024-10-23,ARI incidence,2024-11-03,3,GB-NIR,respicast,hubEnsemble,AE,52.1875700365133,-7.8397697179767905,4,3,0.1177261340386266
2024-10-23,ARI incidence,2024-11-03,3,GB-NIR,respicast,quantileBaseline,AE,0.227803940140646,0.0,4,1,1.0
2024-10-23,ARI incidence,2024-11-03,3,GB-NIR,safinea,syndromic,AE,59.1208167573734,-8.019729689916746,4,4,0.0
2024-10-23,ARI incidence,2024-11-03,3,GB-SCT,ECDC,SARIMA,AE,4.45654652803728,1.7443471034534663,6,1,1.0
2024-10-23,ARI incidence,2024-11-03,3,GB-SCT,ECDC,soca_simplex,AE,47.4054593821244,-1.666708037785159,6,5,0.2652774366730613
2024-10-23,ARI incidence,2024-11-03,3,GB-SCT,ISI,FluABCaster,AE,44.6795977976521,-1.581271022025401,6,3,0.3119084659012512
2024-10-23,ARI incidence,2024-11-03,3,GB-SCT,respicast,hubEnsemble,AE,46.0425285898883,-1.6246218895732496,6,4,0.2885929512871554
2024-10-23,ARI incidence,2024-11-03,3,GB-SCT,respicast,quantileBaseline,AE,14.9313558570756,0.0,6,2,0.8208085315980335
2024-10-23,ARI incidence,2024-11-03,3,GB-SCT,safinea,syndromic,AE,62.9125066384873,-2.075001668131407,6,6,0.0
2024-10-23,ARI incidence,2024-11-03,3,GB-WLS,respicast,quantileBaseline,AE,49.5727582334907,0.0,1,1,0.0
2024-10-23,ARI incidence,2024-11-03,3,HU,ECDC,SARIMA,AE,790.62218486321,0.19285548494577873,6,5,0.15505730320538288
2024-10-23,ARI incidence,2024-11-03,3,HU,ECDC,soca_simplex,AE,174.435316562216,2.373151761767956,6,1,1.0
2024-10-23,ARI incidence,2024-11-03,3,HU,ISI,FluBcast,AE,594.897304115599,0.6032032822326907,6,4,0.4234439194678841
2024-10-23,ARI incidence,2024-11-03,3,HU,MRC_GIDA,Prophet,AE,393.924513372188,1.1979247260602186,6,2,0.6990267021086353
2024-10-23,ARI incidence,2024-11-03,3,HU,respicast,hubEnsemble,AE,494.41090874389,0.8701333473061148,6,3,0.5612353107882645
2024-10-23,ARI incidence,2024-11-03,3,HU,respicast,quantileBaseline,AE,903.7,0.0,6,6,0.0
2024-10-23,ARI incidence,2024-11-03,3,LT,ECDC,SARIMA,AE,273.33748601002,0.12172132008606183,12,5,0.7337129142423692
2024-10-23,ARI incidence,2024-11-03,3,LT,ECDC,soca_simplex,AE,273.562719938972,0.1205330086274971,12,7,0.7334802984562786
2024-10-23,ARI incidence,2024-11-03,3,LT,ISI,FluABCaster,AE,367.32381962337,-0.30464780527679525,12,10,0.63664625569336
2024-10-23,ARI incidence,2024-11-03,3,LT,ISI,FluBcast,AE,248.119538086825,0.2613693031671046,12,4,0.7597573597086382
2024-10-23,ARI incidence,2024-11-03,3,LT,MRC_GIDA,CATBoost,AE,93.0529820825287,1.6762803569933986,12,2,0.9199060947998625
2024-10-23,ARI incidence,2024-11-03,3,LT,MRC_GIDA,NBEATS,AE,195.178927057383,0.607607349975973,12,3,0.8144330558083617
2024-10-23,ARI incidence,2024-11-03,3,LT,MRC_GIDA,NHiTS,AE,15.5007864361174,4.261991329442421,12,1,1.0
2024-10-23,ARI incidence,2024-11-03,3,LT,MRC_GIDA,Prophet,AE,575.856418100936,-0.9533044928953744,12,11,0.4212791724743125
2024-10-23,ARI incidence,2024-11-03,3,LT,fjordhest,ensemble,AE,306.22,-0.042163864573877476,12,9,0.6997527028479219
2024-10-23,ARI incidence,2024-11-03,3,LT,respicast,hubEnsemble,AE,273.4501029745,0.12112704200899578,12,6,0.7335966063493197
2024-10-23,ARI incidence,2024-11-03,3,LT,respicast,quantileBaseline,AE,297.4,0.0,12,8,0.7088617711080403
2024-10-23,ARI incidence,2024-11-03,3,LT,safinea,syndromic,AE,983.766667,-1.7259115256130775,12,12,0.0
2024-10-23,ARI incidence,2024-11-03,3,LU,ECDC,SARIMA,AE,655.331957174702,3.0951290357845993,9,5,0.9166832795173411
2024-10-23,ARI incidence,2024-11-03,3,LU,ECDC,soca_simplex,AE,1573.12730871783,1.8317913984866838,9,6,0.7465348195010838
2024-10-23,ARI incidence,2024-11-03,3,LU,MRC_GIDA,CATBoost,AE,205.914438159271,4.765309930696003,9,1,1.0
2024-10-23,ARI incidence,2024-11-03,3,LU,MRC_GIDA,NBEATS,AE,2071.63415990848,1.4346575742838408,9,7,0.6541175143850457
2024-10-23,ARI incidence,2024-11-03,3,LU,MRC_GIDA,NHiTS,AE,419.550416960567,3.7385107337322268,9,3,0.9603944030267861
2024-10-23,ARI incidence,2024-11-03,3,LU,MRC_GIDA,Prophet,AE,605.014940134868,3.210384153567304,9,4,0.9260114624805091
2024-10-23,ARI incidence,2024-11-03,3,LU,fjordhest,ensemble,AE,3649.62,0.6176805693844943,9,8,0.3615775051470326
2024-10-23,ARI incidence,2024-11-03,3,LU,respicast,hubEnsemble,AE,205.9144381593,4.7653099306958,9,2,0.9999999999999948
2024-10-23,ARI incidence,2024-11-03,3,LU,respicast,quantileBaseline,AE,5600.0,0.0,9,9,0.0
2024-10-23,ARI incidence,2024-11-03,3,LV,ECDC,SARIMA,AE,31.0654477686899,1.9969573664665832,8,1,1.0
2024-10-23,ARI incidence,2024-11-03,3,LV,ECDC,soca_simplex,AE,71.7278472629309,0.7897348830656223,8,2,0.9360895303091314
2024-10-23,ARI incidence,2024-11-03,3,LV,MRC_GIDA,CATBoost,AE,172.997474430662,-0.48041085567207115,8,5,0.7769206293537052
2024-10-23,ARI incidence,2024-11-03,3,LV,MRC_GIDA,NBEATS,AE,330.009220894325,-1.4121662152306453,8,6,0.5301399526526792
2024-10-23,ARI incidence,2024-11-03,3,LV,MRC_GIDA,NHiTS,AE,377.05625865227,-1.60443967615313,8,7,0.45619453088532536
2024-10-23,ARI incidence,2024-11-03,3,LV,MRC_GIDA,Prophet,AE,667.305483101287,-2.4280072375929476,8,8,0.0
2024-10-23,ARI incidence,2024-11-03,3,LV,respicast,hubEnsemble,AE,102.03146109968,0.28132604906221365,8,3,0.8884603146768463
2024-10-23,ARI incidence,2024-11-03,3,LV,respicast,quantileBaseline,AE,124.0,0.0,8,4,0.8539316184610605
2024-10-23,ARI incidence,2024-11-03,3,RO,ECDC,SARIMA,AE,35.0626416931191,1.9266701794453043,12,1,1.0
2024-10-23,ARI incidence,2024-11-03,3,RO,ECDC,soca_simplex,AE,164.864828607642,-0.3066068742282814,12,10,0.8066842370331615
2024-10-23,ARI incidence,2024-11-03,3,RO,ISI,FluABCaster,AE,132.702902628109,0.006476853114559819,12,7,0.8545833318558912
2024-10-23,ARI incidence,2024-11-03,3,RO,ISI,FluBcast,AE,113.322967147788,0.2342364988598151,12,5,0.8834460737147278
2024-10-23,ARI incidence,2024-11-03,3,RO,MRC_GIDA,CATBoost,AE,67.9630053411547,0.9718552250447082,12,3,0.951001142186497
2024-10-23,ARI incidence,2024-11-03,3,RO,MRC_GIDA,NBEATS,AE,69.2017180522002,0.9457970196109062,12,4,0.9491563143101364
2024-10-23,ARI incidence,2024-11-03,3,RO,MRC_GIDA,NHiTS,AE,46.1229345090595,1.5311205698920802,12,2,0.9835277895143772
2024-10-23,ARI incidence,2024-11-03,3,RO,MRC_GIDA,Prophet,AE,203.202110600404,-0.6082386066089926,12,11,0.7495881195125373
2024-10-23,ARI incidence,2024-11-03,3,RO,fjordhest,ensemble,AE,135.65,-0.025212267192892913,12,9,0.8501941887256614
2024-10-23,ARI incidence,2024-11-03,3,RO,respicast,hubEnsemble,AE,123.012934887948,0.11586675658961107,12,6,0.8690147027853102
2024-10-23,ARI incidence,2024-11-03,3,RO,respicast,quantileBaseline,AE,133.3,0.0,12,8,0.8536940684562796
2024-10-23,ARI incidence,2024-11-03,3,RO,safinea,syndromic,AE,706.514286,-2.406041952295072,12,12,0.0
2024-10-23,ARI incidence,2024-11-03,3,SI,ECDC,SARIMA,AE,704.54643789292,0.2744126034683689,12,5,0.7313726148809733
2024-10-23,ARI incidence,2024-11-03,3,SI,ECDC,soca_simplex,AE,860.66044788529,-0.014336766822247562,12,10,0.6097107231093519
2024-10-23,ARI incidence,2024-11-03,3,SI,ISI,FluABCaster,AE,990.88389438682,-0.21760861758025954,12,11,0.5082257195842294
2024-10-23,ARI incidence,2024-11-03,3,SI,ISI,FluBcast,AE,809.954939851462,0.07326575479127206,12,8,0.6492262542967077
2024-10-23,ARI incidence,2024-11-03,3,SI,MRC_GIDA,CATBoost,AE,524.30675638542,0.7006962666946024,12,3,0.8718359892161066
2024-10-23,ARI incidence,2024-11-03,3,SI,MRC_GIDA,NBEATS,AE,612.968745782443,0.47529388843754994,12,4,0.8027404265641417
2024-10-23,ARI incidence,2024-11-03,3,SI,MRC_GIDA,NHiTS,AE,359.849362465083,1.2437143013279082,12,1,1.0
2024-10-23,ARI incidence,2024-11-03,3,SI,MRC_GIDA,Prophet,AE,479.210395090162,0.8304482001183694,12,2,0.9069802317313411
2024-10-23,ARI incidence,2024-11-03,3,SI,fjordhest,ensemble,AE,792.83,0.10409584981364225,12,7,0.6625719660550945
2024-10-23,ARI incidence,2024-11-03,3,SI,respicast,hubEnsemble,AE,748.68821894646,0.18674235073686474,12,6,0.6969722904680339
2024-10-23,ARI incidence,2024-11-03,3,SI,respicast,quantileBaseline,AE,852.15,0.0,12,9,0.6163430374647308
2024-10-23,ARI incidence,2024-11-03,3,SI,safinea,syndromic,AE,1643.028571,-0.9471782590470953,12,12,0.0
2024-10-23,ARI incidence,2024-11-10,4,BE,ECDC,SARIMA,AE,208.02652285027,0.32146667519351807,12,7,0.8339130692696878
2024-10-23,ARI incidence,2024-11-10,4,BE,ECDC,soca_simplex,AE,51.3007807590966,2.341181467379432,12,2,0.9989056112776151
2024-10-23,ARI incidence,2024-11-10,4,BE,ISI,FluABCaster,AE,588.849164684636,-1.1796639758998213,12,11,0.4330032066520062
2024-10-23,ARI incidence,2024-11-10,4,BE,ISI,FluBcast,AE,216.664395399983,0.2627720613178684,12,8,0.8248195755621349
2024-10-23,ARI incidence,2024-11-10,4,BE,MRC_GIDA,CATBoost,AE,50.2612253794132,2.3707164052459277,12,1,1.0
2024-10-23,ARI incidence,2024-11-10,4,BE,MRC_GIDA,NBEATS,AE,63.9793606396429,2.022555674761883,12,3,0.9855582753796936
2024-10-23,ARI incidence,2024-11-10,4,BE,MRC_GIDA,NHiTS,AE,112.25786910487,1.2114175759930499,12,5,0.9347332243718307
2024-10-23,ARI incidence,2024-11-10,4,BE,MRC_GIDA,Prophet,AE,64.7610477982787,2.0050359222618046,12,4,0.9847353566323493
2024-10-23,ARI incidence,2024-11-10,4,BE,fjordhest,ensemble,AE,257.68,0.012653589385873245,12,9,0.7816405242164276
2024-10-23,ARI incidence,2024-11-10,4,BE,respicast,hubEnsemble,AE,136.39378532427,0.9304562446263248,12,6,0.9093242129510232
2024-10-23,ARI incidence,2024-11-10,4,BE,respicast,quantileBaseline,AE,259.95,0.0,12,10,0.7792507887118408
2024-10-23,ARI incidence,2024-11-10,4,BE,safinea,syndromic,AE,1000.157143,-1.9439206312839004,12,12,0.0
2024-10-23,ARI incidence,2024-11-10,4,BG,ECDC,SARIMA,AE,328.136557046937,-0.08435692118103981,12,11,0.00022602061600714423
2024-10-23,ARI incidence,2024-11-10,4,BG,ECDC,soca_simplex,AE,23.6320682689786,3.71112160540783,12,3,0.9443612850974391
2024-10-23,ARI incidence,2024-11-10,4,BG,ISI,FluABCaster,AE,328.209453690797,-0.08467738515981356,12,12,0.0
2024-10-23,ARI incidence,2024-11-10,4,BG,ISI,FluBcast,AE,179.053062816612,0.7895522123530397,12,8,0.46246874426137535
2024-10-23,ARI incidence,2024-11-10,4,BG,MRC_GIDA,CATBoost,AE,143.707676931605,1.1068022761389178,12,6,0.5720593298867749
2024-10-23,ARI incidence,2024-11-10,4,BG,MRC_GIDA,NBEATS,AE,11.8126125621203,4.711539427518988,12,2,0.9810082487747411
2024-10-23,ARI incidence,2024-11-10,4,BG,MRC_GIDA,NHiTS,AE,5.68735306233668,5.7660382318026615,12,1,1.0
2024-10-23,ARI incidence,2024-11-10,4,BG,MRC_GIDA,Prophet,AE,101.43172822702,1.6094304060542322,12,5,0.7031385601851231
2024-10-23,ARI incidence,2024-11-10,4,BG,fjordhest,ensemble,AE,288.27,0.10251870477199347,12,9,0.12383478097461151
2024-10-23,ARI incidence,2024-11-10,4,BG,respicast,hubEnsemble,AE,69.010161934634,2.16505868601226,12,4,0.8036636597960025
2024-10-23,ARI incidence,2024-11-10,4,BG,respicast,quantileBaseline,AE,309.5,0.0,12,10,0.05800983453332376
2024-10-23,ARI incidence,2024-11-10,4,BG,safinea,syndromic,AE,161.652381,0.9370446521667292,12,7,0.5164206495190473
2024-10-23,ARI incidence,2024-11-10,4,CZ,ECDC,SARIMA,AE,122.89398334781,-1.1810495291835048,12,9,0.8235001927313733
2024-10-23,ARI incidence,2024-11-10,4,CZ,ECDC,soca_simplex,AE,152.405189703932,-1.491547273650267,12,10,0.7804801530359285
2024-10-23,ARI incidence,2024-11-10,4,CZ,ISI,FluABCaster,AE,42.2386798986788,0.35972810526796856,12,3,0.9410756762327438
2024-10-23,ARI incidence,2024-11-10,4,CZ,ISI,FluBcast,AE,1.81733462794045,4.898396857317506,12,1,1.0
2024-10-23,ARI incidence,2024-11-10,4,CZ,MRC_GIDA,CATBoost,AE,237.334980838186,-2.130559998549088,12,11,0.6566735237226037
2024-10-23,ARI incidence,2024-11-10,4,CZ,MRC_GIDA,NBEATS,AE,69.5996345066326,-0.360786878390645,12,6,0.9011901717523331
2024-10-23,ARI incidence,2024-11-10,4,CZ,MRC_GIDA,NHiTS,AE,78.738136027536,-0.5387697083186194,12,7,0.8878684968115662
2024-10-23,ARI incidence,2024-11-10,4,CZ,MRC_GIDA,Prophet,AE,115.072368373972,-1.0861766928025982,12,8,0.8349021727994362
2024-10-23,ARI incidence,2024-11-10,4,CZ,fjordhest,ensemble,AE,32.46,0.7396298516932625,12,2,0.9553305729094071
2024-10-23,ARI incidence,2024-11-10,4,CZ,respicast,hubEnsemble,AE,55.91915720266,-0.045049765416289564,12,5,0.9211329239925321
2024-10-23,ARI incidence,2024-11-10,4,CZ,respicast,quantileBaseline,AE,54.2,0.0,12,4,0.9236390299852408
2024-10-23,ARI incidence,2024-11-10,4,CZ,safinea,syndromic,AE,687.804762,-3.665634347672486,12,12,0.0
2024-10-23,ARI incidence,2024-11-10,4,DE,ECDC,SARIMA,AE,91.0567605153799,1.0982661154528244,10,1,1.0
2024-10-23,ARI incidence,2024-11-10,4,DE,ECDC,soca_simplex,AE,575.954441370012,-1.562850542680247,10,10,0.0
2024-10-23,ARI incidence,2024-11-10,4,DE,ISI,FluABCaster,AE,501.420988737849,-1.3629182317718742,10,9,0.15370964963329545
2024-10-23,ARI incidence,2024-11-10,4,DE,MRC_GIDA,CATBoost,AE,250.904222266709,-0.36403259417808964,10,8,0.6703480588531626
2024-10-23,ARI incidence,2024-11-10,4,DE,MRC_GIDA,NBEATS,AE,171.25554404939,0.18695346159321932,10,5,0.8346067908746032
2024-10-23,ARI incidence,2024-11-10,4,DE,MRC_GIDA,NHiTS,AE,183.768763086076,0.08521259578370916,10,6,0.8088008950521455
2024-10-23,ARI incidence,2024-11-10,4,DE,MRC_GIDA,Prophet,AE,165.673234593543,0.23476360853207356,10,2,0.8461191360068961
2024-10-23,ARI incidence,2024-11-10,4,DE,fjordhest,ensemble,AE,168.39,0.21129768960190182,10,3,0.8405163758500138
2024-10-23,ARI incidence,2024-11-10,4,DE,respicast,hubEnsemble,AE,169.8227720247,0.199074227739034,10,4,0.8375615833622981
2024-10-23,ARI incidence,2024-11-10,4,DE,respicast,quantileBaseline,AE,194.95,0.0,10,7,0.7857419336353428
2024-10-23,ARI incidence,2024-11-10,4,EE,respicast,quantileBaseline,AE,67.6000000000001,0.0,1,1,0.0
2024-10-23,ARI incidence,2024-11-10,4,ES,ECDC,SARIMA,AE,93.096263584175,-2.6385777819992073,8,6,0.7891419310100373
2024-10-23,ARI incidence,2024-11-10,4,ES,ECDC,soca_simplex,AE,102.295872302699,-2.774530543146746,8,7,0.7658398433687134
2024-10-23,ARI incidence,2024-11-10,4,ES,ISI,FluABCaster,AE,63.1024786149922,-2.077551189807069,8,5,0.8651144889123755
2024-10-23,ARI incidence,2024-11-10,4,ES,ISI,FluBcast,AE,23.97,-0.6810844245636657,8,3,0.9642348400282525
2024-10-23,ARI incidence,2024-11-10,4,ES,fjordhest,ensemble,AE,43.67,-1.5464970466947876,8,4,0.9143358562149787
2024-10-23,ARI incidence,2024-11-10,4,ES,respicast,hubEnsemble,AE,9.84999999999997,0.6019498547417332,8,1,1.0
2024-10-23,ARI incidence,2024-11-10,4,ES,respicast,quantileBaseline,AE,14.95,0.0,8,2,0.9870819889620458
2024-10-23,ARI incidence,2024-11-10,4,ES,safinea,syndromic,AE,404.647619,-4.758448716946183,8,8,0.0
2024-10-23,ARI incidence,2024-11-10,4,FR,ECDC,SARIMA,AE,97.860213374946,0.24346371065553393,12,5,0.7052420521965967
2024-10-23,ARI incidence,2024-11-10,4,FR,ECDC,soca_simplex,AE,157.514914691855,-0.4432303960493842,12,10,0.5054401645287687
2024-10-23,ARI incidence,2024-11-10,4,FR,ISI,FluABCaster,AE,147.175463004225,-0.34527912207777967,12,9,0.5400701587963492
2024-10-23,ARI incidence,2024-11-10,4,FR,ISI,FluBcast,AE,233.126637826059,-1.0088558168229764,12,11,0.25219331761598435
2024-10-23,ARI incidence,2024-11-10,4,FR,MRC_GIDA,CATBoost,AE,9.8545516555227,3.555323998332017,12,1,1.0
2024-10-23,ARI incidence,2024-11-10,4,FR,MRC_GIDA,NBEATS,AE,41.5144804562307,1.480571495677557,12,3,0.8939611900124041
2024-10-23,ARI incidence,2024-11-10,4,FR,MRC_GIDA,NHiTS,AE,31.9955901395571,1.8563130627963884,12,2,0.9258428726256621
2024-10-23,ARI incidence,2024-11-10,4,FR,MRC_GIDA,Prophet,AE,71.5460727291032,0.695313561652449,12,4,0.7933761783816498
2024-10-23,ARI incidence,2024-11-10,4,FR,fjordhest,ensemble,AE,134.54,-0.21577711907917044,12,8,0.5823901990290471
2024-10-23,ARI incidence,2024-11-10,4,FR,respicast,hubEnsemble,AE,116.200106687473,-0.004353349130219712,12,7,0.6438161256128219
2024-10-23,ARI incidence,2024-11-10,4,FR,respicast,quantileBaseline,AE,115.85,0.0,12,6,0.6449887402684653
2024-10-23,ARI incidence,2024-11-10,4,FR,safinea,syndromic,AE,308.4238095,-1.4126560975796658,12,12,0.0
2024-10-23,ARI incidence,2024-11-10,4,GB-ENG,ECDC,SARIMA,AE,22.9893637056638,0.06611474546790136,5,1,1.0
2024-10-23,ARI incidence,2024-11-10,4,GB-ENG,ECDC,soca_simplex,AE,68.819371639437,-1.515733438002949,5,5,0.0
2024-10-23,ARI incidence,2024-11-10,4,GB-ENG,ISI,FluABCaster,AE,60.5956571680071,-1.3321331193544288,5,4,0.1794395166440643
2024-10-23,ARI incidence,2024-11-10,4,GB-ENG,respicast,hubEnsemble,AE,22.9893637056638,0.06611474546790136,5,1,1.0
2024-10-23,ARI incidence,2024-11-10,4,GB-ENG,respicast,quantileBaseline,AE,24.0674164409616,0.0,5,3,0.9764771427302468
2024-10-23,ARI incidence,2024-11-10,4,GB-NIR,ISI,FluABCaster,AE,59.7354533086091,-2.818708796254829,4,2,0.023312136910958133
2024-10-23,ARI incidence,2024-11-10,4,GB-NIR,respicast,hubEnsemble,AE,60.3473085846324,-2.833410793405626,4,3,0.011656068455476223
2024-10-23,ARI incidence,2024-11-10,4,GB-NIR,respicast,quantileBaseline,AE,8.46674084854277,0.0,4,1,1.0
2024-10-23,ARI incidence,2024-11-10,4,GB-NIR,safinea,syndromic,AE,60.9591638606554,-2.8479644778127966,4,4,0.0
2024-10-23,ARI incidence,2024-11-10,4,GB-SCT,ECDC,SARIMA,AE,10.4800952477228,-1.346814993445082,6,2,0.8874539450301149
2024-10-23,ARI incidence,2024-11-10,4,GB-SCT,ECDC,soca_simplex,AE,25.9424509630663,-2.6544779520858848,6,3,0.6138226066678177
2024-10-23,ARI incidence,2024-11-10,4,GB-SCT,ISI,FluABCaster,AE,51.3682140264666,-3.640039079500244,6,5,0.16387269580028554
2024-10-23,ARI incidence,2024-11-10,4,GB-SCT,respicast,hubEnsemble,AE,38.6553324947662,-3.229830612009928,6,4,0.3888476512340561
2024-10-23,ARI incidence,2024-11-10,4,GB-SCT,respicast,quantileBaseline,AE,4.12034439930628,0.0,6,1,1.0
2024-10-23,ARI incidence,2024-11-10,4,GB-SCT,safinea,syndromic,AE,60.6283299534712,-3.8791552476809015,6,6,0.0
2024-10-23,ARI incidence,2024-11-10,4,GB-WLS,respicast,quantileBaseline,AE,19.2438775165539,0.0,1,1,0.0
2024-10-23,ARI incidence,2024-11-10,4,HU,ECDC,SARIMA,AE,399.58550909227,0.39491193550885906,6,5,0.24426579790624708
2024-10-23,ARI incidence,2024-11-10,4,HU,ECDC,soca_simplex,AE,298.329792342959,0.8165081426132499,6,4,0.4408513284432529
2024-10-23,ARI incidence,2024-11-10,4,HU,ISI,FluBcast,AE,141.20223869168,1.8956532384645646,6,3,0.7459106820103564
2024-10-23,ARI incidence,2024-11-10,4,HU,MRC_GIDA,Prophet,AE,10.3279269297477,5.668793596656118,6,1,1.0
2024-10-23,ARI incidence,2024-11-10,4,HU,respicast,hubEnsemble,AE,65.4371558809701,3.005234250098625,6,2,0.893006761902803
2024-10-23,ARI incidence,2024-11-10,4,HU,respicast,quantileBaseline,AE,525.4,0.0,6,6,0.0
2024-10-23,ARI incidence,2024-11-10,4,LT,ECDC,SARIMA,AE,111.02443060737,0.2969664719494719,12,5,0.9048109581657616
2024-10-23,ARI incidence,2024-11-10,4,LT,ECDC,soca_simplex,AE,76.16275017794,0.8406861650620995,12,3,0.942831238581781
2024-10-23,ARI incidence,2024-11-10,4,LT,ISI,FluABCaster,AE,255.754256054595,-0.9069146039673361,12,10,0.7469680636098327
2024-10-23,ARI incidence,2024-11-10,4,LT,ISI,FluBcast,AE,67.1036642212727,1.0233801917580498,12,2,0.9527111119597307
2024-10-23,ARI incidence,2024-11-10,4,LT,MRC_GIDA,CATBoost,AE,253.252173213387,-0.8927310048053897,12,9,0.749696844611638
2024-10-23,ARI incidence,2024-11-10,4,LT,MRC_GIDA,NBEATS,AE,23.7433816382867,2.522246314575077,12,1,1.0
2024-10-23,ARI incidence,2024-11-10,4,LT,MRC_GIDA,NHiTS,AE,139.455423540836,-0.031960398740712624,12,7,0.8738040098339278
2024-10-23,ARI incidence,2024-11-10,4,LT,MRC_GIDA,Prophet,AE,299.560121387372,-1.135001935022051,12,11,0.6991932213388173
2024-10-23,ARI incidence,2024-11-10,4,LT,fjordhest,ensemble,AE,149.3,-0.13037052111036893,12,8,0.8630674775456455
2024-10-23,ARI incidence,2024-11-10,4,LT,respicast,hubEnsemble,AE,93.5935903926501,0.5433620067203325,12,4,0.9238210983737768
2024-10-23,ARI incidence,2024-11-10,4,LT,respicast,quantileBaseline,AE,136.4,0.0,12,6,0.8771362662937807
2024-10-23,ARI incidence,2024-11-10,4,LT,safinea,syndromic,AE,940.666667,-2.7858399382505294,12,12,0.0
2024-10-23,ARI incidence,2024-11-10,4,LU,ECDC,SARIMA,AE,8638.3636758806,0.6862549224228517,9,3,0.840752667113334
2024-10-23,ARI incidence,2024-11-10,4,LU,ECDC,soca_simplex,AE,11905.3554863489,0.2234741837403028,9,7,0.3187226542259756
2024-10-23,ARI incidence,2024-11-10,4,LU,MRC_GIDA,CATBoost,AE,8425.54630764364,0.7222427449807046,9,2,0.8747585844613389
2024-10-23,ARI incidence,2024-11-10,4,LU,MRC_GIDA,NBEATS,AE,11903.9413723962,0.22364555672971215,9,6,0.3189486143653879
2024-10-23,ARI incidence,2024-11-10,4,LU,MRC_GIDA,NHiTS,AE,10309.4124407744,0.4311227707021141,9,4,0.5737371192084646
2024-10-23,ARI incidence,2024-11-10,4,LU,MRC_GIDA,Prophet,AE,7641.75482287215,0.8631090066495819,9,1,1.0
2024-10-23,ARI incidence,2024-11-10,4,LU,fjordhest,ensemble,AE,12370.95,0.16812858977573591,9,8,0.24432567864043628
2024-10-23,ARI incidence,2024-11-10,4,LU,respicast,hubEnsemble,AE,10309.4124407744,0.4311227707021141,9,4,0.5737371192084646
2024-10-23,ARI incidence,2024-11-10,4,LU,respicast,quantileBaseline,AE,13900.0,0.0,9,9,0.0
2024-10-23,ARI incidence,2024-11-10,4,LV,ECDC,SARIMA,AE,113.29196084881,1.2023450911328804,8,3,0.9860509171150089
2024-10-23,ARI incidence,2024-11-10,4,LV,ECDC,soca_simplex,AE,153.723010853245,0.7620574441359007,8,4,0.9109386602832593
2024-10-23,ARI incidence,2024-11-10,4,LV,MRC_GIDA,CATBoost,AE,105.783518266631,1.301275718817466,8,1,1.0
2024-10-23,ARI incidence,2024-11-10,4,LV,MRC_GIDA,NBEATS,AE,185.253204848156,0.4928920817537106,8,5,0.852362293133733
2024-10-23,ARI incidence,2024-11-10,4,LV,MRC_GIDA,NHiTS,AE,219.869421987512,0.24574360539468942,8,6,0.7880527540040366
2024-10-23,ARI incidence,2024-11-10,4,LV,MRC_GIDA,Prophet,AE,644.058517711794,-1.3048011914559283,8,8,0.0
2024-10-23,ARI incidence,2024-11-10,4,LV,respicast,hubEnsemble,AE,109.53773955772,1.250962568825055,8,2,0.9930254585575055
2024-10-23,ARI incidence,2024-11-10,4,LV,respicast,quantileBaseline,AE,260.7,0.0,8,7,0.7121982594527851
2024-10-23,ARI incidence,2024-11-10,4,RO,ECDC,SARIMA,AE,150.138512516044,-2.210003711470513,12,8,0.7931801438735775
2024-10-23,ARI incidence,2024-11-10,4,RO,ECDC,soca_simplex,AE,158.047597471391,-2.284068721234979,12,9,0.7817053326596443
2024-10-23,ARI incidence,2024-11-10,4,RO,ISI,FluABCaster,AE,30.6648243120352,0.08163379285420735,12,2,0.9665172650340325
2024-10-23,ARI incidence,2024-11-10,4,RO,ISI,FluBcast,AE,7.58664111180508,2.096685280870602,12,1,1.0
2024-10-23,ARI incidence,2024-11-10,4,RO,MRC_GIDA,CATBoost,AE,181.654997569217,-2.4849106734108295,12,11,0.7474547890248584
2024-10-23,ARI incidence,2024-11-10,4,RO,MRC_GIDA,NBEATS,AE,131.66220663899,-2.0205508990888053,12,7,0.819986294403892
2024-10-23,ARI incidence,2024-11-10,4,RO,MRC_GIDA,NHiTS,AE,180.384821509066,-2.4747875647081634,12,10,0.7492976103601934
2024-10-23,ARI incidence,2024-11-10,4,RO,MRC_GIDA,Prophet,AE,55.9687656717646,-0.7864034528420091,12,5,0.9298053126766322
2024-10-23,ARI incidence,2024-11-10,4,RO,fjordhest,ensemble,AE,35.9400000000001,-0.1473719306234491,12,4,0.9588638328757645
2024-10-23,ARI incidence,2024-11-10,4,RO,respicast,hubEnsemble,AE,62.037782763593,-0.9349286470095101,12,6,0.9210001442183287
2024-10-23,ARI incidence,2024-11-10,4,RO,respicast,quantileBaseline,AE,32.4499999999999,0.0,12,3,0.9639272620034987
2024-10-23,ARI incidence,2024-11-10,4,RO,safinea,syndromic,AE,696.842857,-4.424542971483796,12,12,0.0
2024-10-23,ARI incidence,2024-11-10,4,SI,ECDC,SARIMA,AE,238.67707006112,0.9008511339369506,12,3,0.8280315957777694
2024-10-23,ARI incidence,2024-11-10,4,SI,ECDC,soca_simplex,AE,346.912523624596,0.3613391826960478,12,7,0.7488465004757976
2024-10-23,ARI incidence,2024-11-10,4,SI,ISI,FluABCaster,AE,654.141934622514,-0.5536925973507011,12,11,0.5240773570160591
2024-10-23,ARI incidence,2024-11-10,4,SI,ISI,FluBcast,AE,373.505664089432,0.25478098472260846,12,8,0.7293909497042401
2024-10-23,ARI incidence,2024-11-10,4,SI,MRC_GIDA,CATBoost,AE,143.617992232876,1.63367460687884,12,2,0.8975768500297193
2024-10-23,ARI incidence,2024-11-10,4,SI,MRC_GIDA,NBEATS,AE,242.069965926472,0.8804870133269154,12,4,0.8255493519879378
2024-10-23,ARI incidence,2024-11-10,4,SI,MRC_GIDA,NHiTS,AE,278.332954802155,0.6790993710843696,12,5,0.7990193367709618
2024-10-23,ARI incidence,2024-11-10,4,SI,MRC_GIDA,Prophet,AE,3.61922036605483,6.944088342881236,12,1,1.0
2024-10-23,ARI incidence,2024-11-10,4,SI,fjordhest,ensemble,AE,391.28,0.18770973610614344,12,9,0.7163872393979664
2024-10-23,ARI incidence,2024-11-10,4,SI,respicast,hubEnsemble,AE,312.62273921338,0.5114883865548153,12,6,0.7739329186233763
2024-10-23,ARI incidence,2024-11-10,4,SI,respicast,quantileBaseline,AE,445.65,0.0,12,10,0.6766101285731542
2024-10-23,ARI incidence,2024-11-10,4,SI,safinea,syndromic,AE,1370.485714,-1.620704278521926,12,12,0.0
2024-10-30,ARI incidence,2024-10-27,1,BE,ECDC,SARIMA,AE,95.62261647118,-0.405353044816123,8,3,0.92094233435008
2024-10-30,ARI incidence,2024-10-27,1,BE,ECDC,soca_simplex,AE,139.17314498592,-0.9468101116813794,8,6,0.7967663650072437
2024-10-30,ARI incidence,2024-10-27,1,BE,ISI,FluBcast,AE,67.8958095824021,0.0886763006577988,8,1,1.0
2024-10-30,ARI incidence,2024-10-27,1,BE,ISI,SEIR_BRW,AE,418.612045140844,-2.5355430820655056,8,8,0.0
2024-10-30,ARI incidence,2024-10-27,1,BE,fjordhest,ensemble,AE,110.7,-0.6165844798943814,8,4,0.8779520704268474
2024-10-30,ARI incidence,2024-10-27,1,BE,respicast,hubEnsemble,AE,124.93657249296,-0.7911251144714909,8,5,0.8373592177170455
2024-10-30,ARI incidence,2024-10-27,1,BE,respicast,quantileBaseline,AE,72.2,0.0,8,2,0.9877274275291408
2024-10-30,ARI incidence,2024-10-27,1,BE,safinea,syndromic,AE,251.9,-1.80278037984707,8,7,0.47534738411921557
2024-10-30,ARI incidence,2024-10-27,1,BG,ECDC,SARIMA,AE,2.46450544886591,1.0772134525334136,8,1,1.0
2024-10-30,ARI incidence,2024-10-27,1,BG,ECDC,soca_simplex,AE,57.0175859786792,-3.4548234311074726,8,6,0.4781382078493122
2024-10-30,ARI incidence,2024-10-27,1,BG,ISI,FluBcast,AE,16.7382090182856,-1.6865616399838137,8,3,0.863455913891165
2024-10-30,ARI incidence,2024-10-27,1,BG,ISI,SEIR_BRW,AE,84.235407880945,-4.017843261179057,8,7,0.21776901919108035
2024-10-30,ARI incidence,2024-10-27,1,BG,fjordhest,ensemble,AE,27.8,-2.4185013545824345,8,4,0.7576373971355624
2024-10-30,ARI incidence,2024-10-27,1,BG,respicast,hubEnsemble,AE,42.40879298934,-3.0277798941324,8,5,0.6178878024924335
2024-10-30,ARI incidence,2024-10-27,1,BG,respicast,quantileBaseline,AE,5.19999999999993,0.0,8,2,0.9738319069242463
2024-10-30,ARI incidence,2024-10-27,1,BG,safinea,syndromic,AE,107.0,-4.362955363147437,8,8,0.0
2024-10-30,ARI incidence,2024-10-27,1,CZ,ISI,SEIR_BRW,AE,240.533431735217,-1.8375590181285109,5,5,0.0
2024-10-30,ARI incidence,2024-10-27,1,CZ,fjordhest,ensemble,AE,49.97,0.42954428676179157,5,1,1.0
2024-10-30,ARI incidence,2024-10-27,1,CZ,respicast,hubEnsemble,AE,189.9,-1.4965614955391804,5,3,0.2657038198470882
2024-10-30,ARI incidence,2024-10-27,1,CZ,respicast,quantileBaseline,AE,67.3,0.0,5,2,0.9090591524187096
2024-10-30,ARI incidence,2024-10-27,1,CZ,safinea,syndromic,AE,189.9,-1.4965614955391804,5,3,0.2657038198470882
2024-10-30,ARI incidence,2024-10-27,1,DE,ECDC,SARIMA,AE,111.60443892278,0.2410501549445413,7,1,1.0
2024-10-30,ARI incidence,2024-10-27,1,DE,ECDC,soca_simplex,AE,187.607330499434,-0.5082716356975363,7,5,0.5275338121362592
2024-10-30,ARI incidence,2024-10-27,1,DE,ISI,SEIR_BRW,AE,272.468630962218,-1.0466455788403568,7,7,0.0
2024-10-30,ARI incidence,2024-10-27,1,DE,fjordhest,ensemble,AE,175.11,-0.40881690946448823,7,3,0.6052225155138891
2024-10-30,ARI incidence,2024-10-27,1,DE,respicast,hubEnsemble,AE,187.60733049943,-0.5082716356975056,7,4,0.527533812136284
2024-10-30,ARI incidence,2024-10-27,1,DE,respicast,quantileBaseline,AE,131.9,0.0,7,2,0.8738341900710614
2024-10-30,ARI incidence,2024-10-27,1,DE,safinea,syndromic,AE,267.5,-1.0200943269243268,7,6,0.03088711601522785
2024-10-30,ARI incidence,2024-10-27,1,EE,ECDC,SARIMA,AE,171.93934134559,0.03039316003195764,7,5,0.18583915202433732
2024-10-30,ARI incidence,2024-10-27,1,EE,ECDC,soca_simplex,AE,161.806733463692,0.1180211992033636,7,3,0.5914359943783122
2024-10-30,ARI incidence,2024-10-27,1,EE,ISI,FluBcast,AE,176.581969344463,-0.008045193099785176,7,7,0.0
2024-10-30,ARI incidence,2024-10-27,1,EE,ISI,SEIR_BRW,AE,155.420349623846,0.17611743263768576,7,2,0.8470757220469995
2024-10-30,ARI incidence,2024-10-27,1,EE,respicast,hubEnsemble,AE,161.806733463692,0.1180211992033636,7,3,0.5914359943783122
2024-10-30,ARI incidence,2024-10-27,1,EE,respicast,quantileBaseline,AE,175.6,0.0,7,6,0.039307123106395676
2024-10-30,ARI incidence,2024-10-27,1,EE,safinea,syndromic,AE,151.6,0.2120230913642665,7,1,1.0
2024-10-30,ARI incidence,2024-10-27,1,ES,ECDC,SARIMA,AE,16.424376846307,-0.7597819821962497,8,4,0.8029059722190981
2024-10-30,ARI incidence,2024-10-27,1,ES,ECDC,soca_simplex,AE,0.597360924935515,4.021309972207475,8,1,1.0
2024-10-30,ARI incidence,2024-10-27,1,ES,ISI,FluBcast,AE,5.19792758526683,0.9000482122015016,8,2,0.9427090856757881
2024-10-30,ARI incidence,2024-10-27,1,ES,ISI,SEIR_BRW,AE,80.899215321891,-3.0600690569584583,8,8,0.0
2024-10-30,ARI incidence,2024-10-27,1,ES,fjordhest,ensemble,AE,29.05,-1.5824815112173936,8,6,0.6456789287279122
2024-10-30,ARI incidence,2024-10-27,1,ES,respicast,hubEnsemble,AE,17.123963792633,-0.8199600377653073,8,5,0.7941940072018553
2024-10-30,ARI incidence,2024-10-27,1,ES,respicast,quantileBaseline,AE,9.70000000000005,0.0,8,3,0.8866447214273842
2024-10-30,ARI incidence,2024-10-27,1,ES,safinea,syndromic,AE,35.4,-1.867692707895862,8,7,0.5666022990823488
2024-10-30,ARI incidence,2024-10-27,1,FR,ISI,SEIR_BRW,AE,137.080886743579,-0.33600332630794516,5,5,0.0
2024-10-30,ARI incidence,2024-10-27,1,FR,fjordhest,ensemble,AE,127.82,-0.2350894893501022,5,3,0.2388002833667111
2024-10-30,ARI incidence,2024-10-27,1,FR,respicast,hubEnsemble,AE,127.82,-0.2350894893501022,5,3,0.2388002833667111
2024-10-30,ARI incidence,2024-10-27,1,FR,respicast,quantileBaseline,AE,108.6,0.0,5,2,0.7344052479226668
2024-10-30,ARI incidence,2024-10-27,1,FR,safinea,syndromic,AE,98.3,0.14376078146378093,5,1,1.0
2024-10-30,ARI incidence,2024-10-27,1,GB-ENG,ECDC,SARIMA,AE,5.51685065131272,-0.12068600060512531,6,2,0.9746077984920519
2024-10-30,ARI incidence,2024-10-27,1,GB-ENG,ECDC,soca_simplex,AE,16.2459682118014,-1.6788508968193925,6,4,0.35924787822791926
2024-10-30,ARI incidence,2024-10-27,1,GB-ENG,ISI,FluBcast,AE,22.5096402384245,-2.149312169242101,6,6,0.0
2024-10-30,ARI incidence,2024-10-27,1,GB-ENG,respicast,hubEnsemble,AE,5.77328506656329,-0.18623353815626847,6,3,0.9599002085684698
2024-10-30,ARI incidence,2024-10-27,1,GB-ENG,respicast,quantileBaseline,AE,5.07412452286832,0.0,6,1,1.0
2024-10-30,ARI incidence,2024-10-27,1,GB-ENG,safinea,syndromic,AE,17.0634207844393,-1.749676069749416,6,5,0.31236354248621473
2024-10-30,ARI incidence,2024-10-27,1,GB-NIR,ECDC,SARIMA,AE,1.56167274456767,-1.0814281177125502,6,2,0.8300145361449974
2024-10-30,ARI incidence,2024-10-27,1,GB-NIR,ECDC,soca_simplex,AE,1.98758145773425,-1.4293499437641979,6,3,0.7421191902416211
2024-10-30,ARI incidence,2024-10-27,1,GB-NIR,ISI,FluBcast,AE,5.44178204885824,-2.8824151314368582,6,5,0.029271233882145833
2024-10-30,ARI incidence,2024-10-27,1,GB-NIR,respicast,hubEnsemble,AE,3.71468175329633,-2.331574572210787,6,4,0.38569521206186597
2024-10-30,ARI incidence,2024-10-27,1,GB-NIR,respicast,quantileBaseline,AE,0.737985330593602,0.0,6,1,1.0
2024-10-30,ARI incidence,2024-10-27,1,GB-NIR,safinea,syndromic,AE,5.58361974717332,-2.919536650899078,6,6,0.0
2024-10-30,ARI incidence,2024-10-27,1,GB-SCT,ISI,SEIR_BRW,AE,25.9869486113303,-1.093962328635575,4,2,0.2710728751706413
2024-10-30,ARI incidence,2024-10-27,1,GB-SCT,respicast,hubEnsemble,AE,28.5552891631676,-1.2299330802171218,4,3,0.1355364375853127
2024-10-30,ARI incidence,2024-10-27,1,GB-SCT,respicast,quantileBaseline,AE,12.1741826320357,0.0,4,1,1.0
2024-10-30,ARI incidence,2024-10-27,1,GB-SCT,safinea,syndromic,AE,31.1236297150046,-1.3541854070119115,4,4,0.0
2024-10-30,ARI incidence,2024-10-27,1,GB-WLS,respicast,quantileBaseline,AE,68.6362259906751,0.0,1,1,0.0
2024-10-30,ARI incidence,2024-10-27,1,HU,ECDC,SARIMA,AE,255.19652535331,0.06954727454406046,6,5,0.048592050445722776
2024-10-30,ARI incidence,2024-10-27,1,HU,ECDC,soca_simplex,AE,8.42682000283003,4.990023840938898,6,1,1.0
2024-10-30,ARI incidence,2024-10-27,1,HU,ISI,FluBcast,AE,201.840713372319,0.4079387502614913,6,4,0.2543026485174786
2024-10-30,ARI incidence,2024-10-27,1,HU,respicast,hubEnsemble,AE,180.82035668616,0.5665988557135295,6,3,0.3353455562166799
2024-10-30,ARI incidence,2024-10-27,1,HU,respicast,quantileBaseline,AE,267.8,0.0,6,6,0.0
2024-10-30,ARI incidence,2024-10-27,1,HU,safinea,syndromic,AE,159.8,0.7448885523963337,6,2,0.41638846391588513
2024-10-30,ARI incidence,2024-10-27,1,LT,ISI,SEIR_BRW,AE,205.149978362814,-1.6080005921210552,5,5,0.0
2024-10-30,ARI incidence,2024-10-27,1,LT,fjordhest,ensemble,AE,42.3999999999999,0.6665422400471214,5,1,1.0
2024-10-30,ARI incidence,2024-10-27,1,LT,respicast,hubEnsemble,AE,59.7,0.17287557334551182,5,2,0.8937019827957601
2024-10-30,ARI incidence,2024-10-27,1,LT,respicast,quantileBaseline,AE,67.3,0.0,5,4,0.8470045879545912
2024-10-30,ARI incidence,2024-10-27,1,LT,safinea,syndromic,AE,59.7,0.17287557334551182,5,2,0.8937019827957601
2024-10-30,ARI incidence,2024-10-27,1,LU,ECDC,SARIMA,AE,4307.8710070364,0.6154909733575586,4,1,1.0
2024-10-30,ARI incidence,2024-10-27,1,LU,ECDC,soca_simplex,AE,9280.48803922277,-0.49173465084434825,4,4,0.0
2024-10-30,ARI incidence,2024-10-27,1,LU,fjordhest,ensemble,AE,5777.39,0.19204813805430027,4,2,0.7044777461341158
2024-10-30,ARI incidence,2024-10-27,1,LU,respicast,quantileBaseline,AE,6600.0,0.0,4,3,0.5390497643137838
2024-10-30,ARI incidence,2024-10-27,1,LV,ECDC,SARIMA,AE,168.23713438337,-0.3047694783295499,6,5,0.09991787668909109
2024-10-30,ARI incidence,2024-10-27,1,LV,ECDC,soca_simplex,AE,58.0708253160944,1.2298412601331068,6,1,1.0
2024-10-30,ARI incidence,2024-10-27,1,LV,ISI,FluBcast,AE,76.641833098497,0.8295227307634044,6,2,0.8482709254913797
2024-10-30,ARI incidence,2024-10-27,1,LV,respicast,hubEnsemble,AE,76.6418330985,0.829522730763348,6,3,0.8482709254913552
2024-10-30,ARI incidence,2024-10-27,1,LV,respicast,quantileBaseline,AE,136.2,0.0,6,4,0.36166806315463934
2024-10-30,ARI incidence,2024-10-27,1,LV,safinea,syndromic,AE,180.466667,-0.4060056861464854,6,6,0.0
2024-10-30,ARI incidence,2024-10-27,1,RO,ECDC,SARIMA,AE,112.056591264163,-1.5488112146327018,8,8,0.0
2024-10-30,ARI incidence,2024-10-27,1,RO,ECDC,soca_simplex,AE,54.56032416962,-0.5105078239954606,8,7,0.5499057151669975
2024-10-30,ARI incidence,2024-10-27,1,RO,ISI,FluBcast,AE,50.1608709037312,-0.38921800458594125,8,6,0.5919829597739258
2024-10-30,ARI incidence,2024-10-27,1,RO,ISI,SEIR_BRW,AE,36.4127259310033,0.07290164422877776,8,4,0.7234729481764084
2024-10-30,ARI incidence,2024-10-27,1,RO,fjordhest,ensemble,AE,10.33,1.8905041379472636,8,2,0.9729333180645686
2024-10-30,ARI incidence,2024-10-27,1,RO,respicast,hubEnsemble,AE,30.245435451866,0.3406269604355572,8,3,0.7824581389192433
2024-10-30,ARI incidence,2024-10-27,1,RO,respicast,quantileBaseline,AE,38.3000000000001,0.0,8,5,0.705422684236294
2024-10-30,ARI incidence,2024-10-27,1,RO,safinea,syndromic,AE,7.5,2.3523818914290797,8,1,1.0
2024-10-30,ARI incidence,2024-10-27,1,SI,ECDC,SARIMA,AE,179.04940752548,-1.0765212858972466,7,7,0.0
2024-10-30,ARI incidence,2024-10-27,1,SI,ECDC,soca_simplex,AE,19.2668278891874,2.1396454894227577,7,1,1.0
2024-10-30,ARI incidence,2024-10-27,1,SI,ISI,SEIR_BRW,AE,97.5395506571124,-0.20022277243749081,7,6,0.5101298092314293
2024-10-30,ARI incidence,2024-10-27,1,SI,fjordhest,ensemble,AE,81.52,0.058610502274588784,7,4,0.6103882397410452
2024-10-30,ARI incidence,2024-10-27,1,SI,respicast,hubEnsemble,AE,19.2668278891899,2.1396454894225703,7,2,0.9999999999999843
2024-10-30,ARI incidence,2024-10-27,1,SI,respicast,quantileBaseline,AE,84.9000000000001,0.0,7,5,0.5892344943972543
2024-10-30,ARI incidence,2024-10-27,1,SI,safinea,syndromic,AE,31.1000000000001,1.4488499734224332,7,3,0.9259420386268131
2024-10-30,ARI incidence,2024-11-03,2,BE,ECDC,SARIMA,AE,438.41494083359,-0.014934378884735634,8,3,0.580562314978629
2024-10-30,ARI incidence,2024-11-03,2,BE,ECDC,soca_simplex,AE,541.699702433726,-0.32013071215383826,8,6,0.43423444521739724
2024-10-30,ARI incidence,2024-11-03,2,BE,ISI,FluBcast,AE,142.357044451756,1.6078487004214723,8,1,1.0
2024-10-30,ARI incidence,2024-11-03,2,BE,ISI,SEIR_BRW,AE,848.201814615289,-0.9670449832376953,8,8,0.0
2024-10-30,ARI incidence,2024-11-03,2,BE,fjordhest,ensemble,AE,478.28,-0.14049287796050164,8,4,0.5240838074490288
2024-10-30,ARI incidence,2024-11-03,2,BE,respicast,hubEnsemble,AE,509.98985121686,-0.2331059516259685,8,5,0.4791591263332172
2024-10-30,ARI incidence,2024-11-03,2,BE,respicast,quantileBaseline,AE,433.9,0.0,8,2,0.5869588217240767
2024-10-30,ARI incidence,2024-11-03,2,BE,safinea,syndromic,AE,617.2,-0.5083754757539927,8,7,0.3272699953018983
2024-10-30,ARI incidence,2024-11-03,2,BG,ECDC,SARIMA,AE,63.057005750552,0.24058376001581733,8,2,0.8140420203019533
2024-10-30,ARI incidence,2024-11-03,2,BG,ECDC,soca_simplex,AE,22.335704151601,1.7378886880587963,8,1,1.0
2024-10-30,ARI incidence,2024-11-03,2,BG,ISI,FluBcast,AE,89.400538047189,-0.2630430885594685,8,4,0.6937415914934829
2024-10-30,ARI incidence,2024-11-03,2,BG,ISI,SEIR_BRW,AE,241.316904447889,-1.6956166503818493,8,8,0.0
2024-10-30,ARI incidence,2024-11-03,2,BG,fjordhest,ensemble,AE,100.84,-0.4367556926216517,8,6,0.6415021209940379
2024-10-30,ARI incidence,2024-11-03,2,BG,respicast,hubEnsemble,AE,95.120269023594,-0.35251236981213285,8,5,0.6676218562437627
2024-10-30,ARI incidence,2024-11-03,2,BG,respicast,quantileBaseline,AE,74.5000000000001,0.0,8,3,0.7617864192094148
2024-10-30,ARI incidence,2024-11-03,2,BG,safinea,syndromic,AE,230.9,-1.6319558424245895,8,7,0.04756985729274752
2024-10-30,ARI incidence,2024-11-03,2,CZ,ISI,SEIR_BRW,AE,848.674124057677,-1.3527243975480692,5,5,0.0
2024-10-30,ARI incidence,2024-11-03,2,CZ,fjordhest,ensemble,AE,365.9,-0.13896312264705557,5,2,0.9349308990621558
2024-10-30,ARI incidence,2024-11-03,2,CZ,respicast,hubEnsemble,AE,708.5,-1.0922815601133493,5,3,0.2714584591423487
2024-10-30,ARI incidence,2024-11-03,2,CZ,respicast,quantileBaseline,AE,332.3,0.0,5,1,1.0
2024-10-30,ARI incidence,2024-11-03,2,CZ,safinea,syndromic,AE,708.5,-1.0922815601133493,5,3,0.2714584591423487
2024-10-30,ARI incidence,2024-11-03,2,DE,ECDC,SARIMA,AE,469.96628129394,0.10029387071820581,7,1,1.0
2024-10-30,ARI incidence,2024-11-03,2,DE,ECDC,soca_simplex,AE,723.795192745591,-0.5227304036748716,7,5,0.2926965683564885
2024-10-30,ARI incidence,2024-11-03,2,DE,ISI,SEIR_BRW,AE,828.834767004304,-0.7182333987282448,7,7,0.0
2024-10-30,ARI incidence,2024-11-03,2,DE,fjordhest,ensemble,AE,575.57,-0.19214027546270274,7,3,0.705731422760563
2024-10-30,ARI incidence,2024-11-03,2,DE,respicast,hubEnsemble,AE,723.79519274559,-0.5227304036748698,7,4,0.292696568356491
2024-10-30,ARI incidence,2024-11-03,2,DE,respicast,quantileBaseline,AE,503.8,0.0,7,2,0.9057211205406135
2024-10-30,ARI incidence,2024-11-03,2,DE,safinea,syndromic,AE,740.0,-0.5546741486694332,7,6,0.24754128752336554
2024-10-30,ARI incidence,2024-11-03,2,EE,ECDC,SARIMA,AE,14.742841950249,0.42548577342115,7,2,0.7183312485466022
2024-10-30,ARI incidence,2024-11-03,2,EE,ECDC,soca_simplex,AE,2.21194784521788,3.162111156044847,7,1,1.0
2024-10-30,ARI incidence,2024-11-03,2,EE,ISI,FluBcast,AE,22.7817565272882,-0.2023785562280375,7,5,0.5376329669254979
2024-10-30,ARI incidence,2024-11-03,2,EE,ISI,SEIR_BRW,AE,39.3231902086904,-0.9898799389716868,7,6,0.16581552650685458
2024-10-30,ARI incidence,2024-11-03,2,EE,respicast,hubEnsemble,AE,22.781756527288,-0.20237855622802495,7,4,0.5376329669255024
2024-10-30,ARI incidence,2024-11-03,2,EE,respicast,quantileBaseline,AE,19.8,0.0,7,3,0.604656726853537
2024-10-30,ARI incidence,2024-11-03,2,EE,safinea,syndromic,AE,46.7,-1.2379221196300523,7,7,0.0
2024-10-30,ARI incidence,2024-11-03,2,ES,ECDC,SARIMA,AE,52.159609145032,0.7297670738904322,8,1,1.0
2024-10-30,ARI incidence,2024-11-03,2,ES,ECDC,soca_simplex,AE,70.6897481091671,0.29119913163985706,8,2,0.8672175492257541
2024-10-30,ARI incidence,2024-11-03,2,ES,ISI,FluBcast,AE,79.400963001156,0.1235436277921235,8,3,0.8047951105803576
2024-10-30,ARI incidence,2024-11-03,2,ES,ISI,SEIR_BRW,AE,191.712229661426,-1.148170334142074,8,8,0.0
2024-10-30,ARI incidence,2024-11-03,2,ES,fjordhest,ensemble,AE,109.63,-0.34187060467761865,8,6,0.5881812133494358
2024-10-30,ARI incidence,2024-11-03,2,ES,respicast,hubEnsemble,AE,94.515481500578,-0.12785052732278324,8,5,0.6964881619648967
2024-10-30,ARI incidence,2024-11-03,2,ES,respicast,quantileBaseline,AE,86.5,0.0,8,4,0.7539251450248915
2024-10-30,ARI incidence,2024-11-03,2,ES,safinea,syndromic,AE,119.2,-0.4626121979380747,8,7,0.5196049303345586
2024-10-30,ARI incidence,2024-11-03,2,FR,ISI,SEIR_BRW,AE,163.643253224259,-0.21895752895878068,5,5,0.0
2024-10-30,ARI incidence,2024-11-03,2,FR,fjordhest,ensemble,AE,160.01,-0.18656547632459852,5,3,0.10995446482223592
2024-10-30,ARI incidence,2024-11-03,2,FR,respicast,hubEnsemble,AE,160.01,-0.18656547632459852,5,3,0.10995446482223592
2024-10-30,ARI incidence,2024-11-03,2,FR,respicast,quantileBaseline,AE,140.6,0.0,5,2,0.6973663600211615
2024-10-30,ARI incidence,2024-11-03,2,FR,safinea,syndromic,AE,130.6,0.10644169752610443,5,1,1.0
2024-10-30,ARI incidence,2024-11-03,2,GB-ENG,ECDC,SARIMA,AE,6.32691314662623,1.3700540008226243,6,1,1.0
2024-10-30,ARI incidence,2024-11-03,2,GB-ENG,ECDC,soca_simplex,AE,13.2881395334446,0.29948856951746744,6,2,0.8681457464433583
2024-10-30,ARI incidence,2024-11-03,2,GB-ENG,ISI,FluBcast,AE,59.1217695812575,-1.8540617544461608,6,6,0.0
2024-10-30,ARI incidence,2024-11-03,2,GB-ENG,respicast,hubEnsemble,AE,27.2542832938962,-0.7368552850548893,6,4,0.6036096779014543
2024-10-30,ARI incidence,2024-11-03,2,GB-ENG,respicast,quantileBaseline,AE,16.35382034899,0.0,6,3,0.8100779530525151
2024-10-30,ARI incidence,2024-11-03,2,GB-ENG,safinea,syndromic,AE,41.2204270543472,-1.3337317544763192,6,5,0.3390736093595617
2024-10-30,ARI incidence,2024-11-03,2,GB-NIR,ECDC,SARIMA,AE,7.28497073238337,-0.09719005995636477,6,3,0.9274804385470533
2024-10-30,ARI incidence,2024-11-03,2,GB-NIR,ECDC,soca_simplex,AE,6.04098845044356,0.17294848793041778,6,1,1.0
2024-10-30,ARI incidence,2024-11-03,2,GB-NIR,ISI,FluBcast,AE,23.1947364463819,-1.767992432063914,6,6,0.0
2024-10-30,ARI incidence,2024-11-03,2,GB-NIR,respicast,hubEnsemble,AE,13.3028937448784,-0.965935084291324,6,4,0.5766578070195323
2024-10-30,ARI incidence,2024-11-03,2,GB-NIR,respicast,quantileBaseline,AE,6.81036969716848,0.0,6,2,0.9551479217890404
2024-10-30,ARI incidence,2024-11-03,2,GB-NIR,safinea,syndromic,AE,19.3208167573734,-1.5043510617624467,6,5,0.22583517549201287
2024-10-30,ARI incidence,2024-11-03,2,GB-SCT,ISI,SEIR_BRW,AE,37.4381796717366,-1.3065456923842682,4,2,0.1641247102409338
2024-10-30,ARI incidence,2024-11-03,2,GB-SCT,respicast,hubEnsemble,AE,39.6277241051123,-1.388545515815922,4,3,0.08206235512045372
2024-10-30,ARI incidence,2024-11-03,2,GB-SCT,respicast,quantileBaseline,AE,15.1357965022398,0.0,4,1,1.0
2024-10-30,ARI incidence,2024-11-03,2,GB-SCT,safinea,syndromic,AE,41.8172685384873,-1.4661342324563913,4,4,0.0
2024-10-30,ARI incidence,2024-11-03,2,GB-WLS,respicast,quantileBaseline,AE,48.8621457332263,0.0,1,1,0.0
2024-10-30,ARI incidence,2024-11-03,2,HU,ECDC,SARIMA,AE,740.88708269853,0.13240370761104941,6,4,0.7551388380833164
2024-10-30,ARI incidence,2024-11-03,2,HU,ECDC,soca_simplex,AE,1352.3939303498,-0.7357861530431093,6,6,0.0
2024-10-30,ARI incidence,2024-11-03,2,HU,ISI,FluBcast,AE,628.166642612222,0.3705100543508139,6,2,0.8943352877746806
2024-10-30,ARI incidence,2024-11-03,2,HU,respicast,hubEnsemble,AE,684.52686265538,0.2465502304880462,6,3,0.8247370629289935
2024-10-30,ARI incidence,2024-11-03,2,HU,respicast,quantileBaseline,AE,812.1,0.0,6,5,0.6671992837936112
2024-10-30,ARI incidence,2024-11-03,2,HU,safinea,syndromic,AE,542.6,0.5817683406542536,6,1,1.0
2024-10-30,ARI incidence,2024-11-03,2,LT,ISI,SEIR_BRW,AE,697.416553132466,-1.281472638678974,5,5,0.0
2024-10-30,ARI incidence,2024-11-03,2,LT,fjordhest,ensemble,AE,340.78,-0.248292699770839,5,2,0.8687507249369943
2024-10-30,ARI incidence,2024-11-03,2,LT,respicast,hubEnsemble,AE,478.2,-0.7370661619429637,5,3,0.5340017386868415
2024-10-30,ARI incidence,2024-11-03,2,LT,respicast,quantileBaseline,AE,286.9,0.0,5,1,1.0
2024-10-30,ARI incidence,2024-11-03,2,LT,safinea,syndromic,AE,478.2,-0.7370661619429637,5,3,0.5340017386868415
2024-10-30,ARI incidence,2024-11-03,2,LU,ECDC,SARIMA,AE,821.627393140501,2.209443231386859,4,2,0.8480835217638726
2024-10-30,ARI incidence,2024-11-03,2,LU,ECDC,soca_simplex,AE,288.114047228533,3.7212875114918083,4,1,1.0
2024-10-30,ARI incidence,2024-11-03,2,LU,fjordhest,ensemble,AE,3554.1,0.09651514420301154,4,3,0.07001935806199622
2024-10-30,ARI incidence,2024-11-03,2,LU,respicast,quantileBaseline,AE,3800.0,0.0,4,4,0.0
2024-10-30,ARI incidence,2024-11-03,2,LV,ECDC,SARIMA,AE,86.5811217939802,-2.5980373460405484,6,5,0.31210791932880416
2024-10-30,ARI incidence,2024-11-03,2,LV,ECDC,soca_simplex,AE,10.723300382097,0.4152661449320406,6,1,1.0
2024-10-30,ARI incidence,2024-11-03,2,LV,ISI,FluBcast,AE,120.999059535868,-3.080908782092537,6,6,0.0
2024-10-30,ARI incidence,2024-11-03,2,LV,respicast,hubEnsemble,AE,10.7233003821,0.41526614493163705,6,2,0.9999999999999728
2024-10-30,ARI incidence,2024-11-03,2,LV,respicast,quantileBaseline,AE,14.3000000000002,0.0,6,3,0.9675658581237625
2024-10-30,ARI incidence,2024-11-03,2,LV,safinea,syndromic,AE,64.5666670000001,-2.17477440855178,6,4,0.5117388714339051
2024-10-30,ARI incidence,2024-11-03,2,RO,ECDC,SARIMA,AE,93.4357143994409,1.0892717479085092,8,2,0.9078544334497042
2024-10-30,ARI incidence,2024-11-03,2,RO,ECDC,soca_simplex,AE,65.3519558955581,1.6050154372114434,8,1,1.0
2024-10-30,ARI incidence,2024-11-03,2,RO,ISI,FluBcast,AE,191.587613811105,0.05331346341961105,8,3,0.585808423189895
2024-10-30,ARI incidence,2024-11-03,2,RO,ISI,SEIR_BRW,AE,370.127970144207,-0.8967064056593345,8,8,0.0
2024-10-30,ARI incidence,2024-11-03,2,RO,fjordhest,ensemble,AE,231.85,-0.22187396981223925,8,6,0.4537035845327188
2024-10-30,ARI incidence,2024-11-03,2,RO,respicast,hubEnsemble,AE,211.718806905553,-0.0908316722197445,8,5,0.5197560038613053
2024-10-30,ARI incidence,2024-11-03,2,RO,respicast,quantileBaseline,AE,198.8,0.0,8,4,0.5621438765992606
2024-10-30,ARI incidence,2024-11-03,2,RO,safinea,syndromic,AE,260.0,-0.38719386635353054,8,7,0.36134067313564916
2024-10-30,ARI incidence,2024-11-03,2,SI,ECDC,SARIMA,AE,402.7150207571,0.4226656928309188,7,1,1.0
2024-10-30,ARI incidence,2024-11-03,2,SI,ECDC,soca_simplex,AE,542.4571237566,-0.007084133492836234,7,3,0.4253328795904365
2024-10-30,ARI incidence,2024-11-03,2,SI,ISI,SEIR_BRW,AE,645.8855416317,-0.2588535485620988,7,7,0.0
2024-10-30,ARI incidence,2024-11-03,2,SI,fjordhest,ensemble,AE,544.98,-0.013778309176065493,7,4,0.41495795324522783
2024-10-30,ARI incidence,2024-11-03,2,SI,respicast,hubEnsemble,AE,544.98,-0.013778309176065493,7,4,0.41495795324522783
2024-10-30,ARI incidence,2024-11-03,2,SI,respicast,quantileBaseline,AE,539.8,0.0,7,2,0.4362598774314713
2024-10-30,ARI incidence,2024-11-03,2,SI,safinea,syndromic,AE,616.4,-0.1914418850479338,7,6,0.12125458927196747
2024-10-30,ARI incidence,2024-11-10,3,BE,ECDC,SARIMA,AE,63.7939789961399,0.26015237230097515,8,3,0.9055035318649046
2024-10-30,ARI incidence,2024-11-10,3,BE,ECDC,soca_simplex,AE,79.74524076538,-0.06182578244636618,8,5,0.8698870500487342
2024-10-30,ARI incidence,2024-11-10,3,BE,ISI,FluBcast,AE,469.334423566125,-2.618971736056715,8,8,0.0
2024-10-30,ARI incidence,2024-11-10,3,BE,ISI,SEIR_BRW,AE,384.536638391219,-2.3314765203715737,8,7,0.18933917688929272
2024-10-30,ARI incidence,2024-11-10,3,BE,fjordhest,ensemble,AE,36.8,1.053866871978728,8,2,0.9657765419860284
2024-10-30,ARI incidence,2024-11-10,3,BE,respicast,hubEnsemble,AE,21.4726203826901,1.8310743789490993,8,1,1.0
2024-10-30,ARI incidence,2024-11-10,3,BE,respicast,quantileBaseline,AE,76.3999999999996,0.0,8,4,0.8773564094395154
2024-10-30,ARI incidence,2024-11-10,3,BE,safinea,syndromic,AE,134.5,-0.8159616294082453,8,6,0.7476288917386951
2024-10-30,ARI incidence,2024-11-10,3,BG,ECDC,SARIMA,AE,305.015753720858,-0.04939194497217204,8,7,0.07540420861457235
2024-10-30,ARI incidence,2024-11-10,3,BG,ECDC,soca_simplex,AE,327.44153973372,-0.15174554271308854,8,8,0.0
2024-10-30,ARI incidence,2024-11-10,3,BG,ISI,FluBcast,AE,273.521923817209,0.10783533808584021,8,3,0.18129870518939015
2024-10-30,ARI incidence,2024-11-10,3,BG,ISI,SEIR_BRW,AE,30.0339225078554,3.2948270011934793,8,1,1.0
2024-10-30,ARI incidence,2024-11-10,3,BG,fjordhest,ensemble,AE,277.87,0.0850817296112659,8,5,0.16667878313309356
2024-10-30,ARI incidence,2024-11-10,3,BG,respicast,hubEnsemble,AE,275.695961908604,0.09641367671328532,8,4,0.17398874416124357
2024-10-30,ARI incidence,2024-11-10,3,BG,respicast,quantileBaseline,AE,294.75,0.0,8,6,0.10992166252719943
2024-10-30,ARI incidence,2024-11-10,3,BG,safinea,syndromic,AE,82.0,1.845795998361679,8,2,0.8252698502584779
2024-10-30,ARI incidence,2024-11-10,3,CZ,ISI,SEIR_BRW,AE,652.816136063457,-3.5731131920018537,5,5,0.0
2024-10-30,ARI incidence,2024-11-10,3,CZ,fjordhest,ensemble,AE,43.6900000000001,0.3281885148463318,5,1,1.0
2024-10-30,ARI incidence,2024-11-10,3,CZ,respicast,hubEnsemble,AE,435.4,-2.9887778817850164,5,3,0.35693122194449267
2024-10-30,ARI incidence,2024-11-10,3,CZ,respicast,quantileBaseline,AE,54.8499999999999,0.0,5,2,0.9816786715603396
2024-10-30,ARI incidence,2024-11-10,3,CZ,safinea,syndromic,AE,435.4,-2.9887778817850164,5,3,0.35693122194449267
2024-10-30,ARI incidence,2024-11-10,3,DE,ECDC,SARIMA,AE,82.1198966548,0.21019570158037973,7,1,1.0
2024-10-30,ARI incidence,2024-11-10,3,DE,ECDC,soca_simplex,AE,591.724740422414,-2.6389267978745186,7,7,0.0
2024-10-30,ARI incidence,2024-11-10,3,DE,ISI,SEIR_BRW,AE,590.388205978587,-2.635664482811332,7,6,0.0026226878731090693
2024-10-30,ARI incidence,2024-11-10,3,DE,fjordhest,ensemble,AE,119.35,-0.3291991478634662,7,3,0.9269431917680567
2024-10-30,ARI incidence,2024-11-10,3,DE,respicast,hubEnsemble,AE,438.5,-2.206577424113785,7,4,0.30067363428022353
2024-10-30,ARI incidence,2024-11-10,3,DE,respicast,quantileBaseline,AE,95.0,0.0,7,2,0.9747253121654521
2024-10-30,ARI incidence,2024-11-10,3,DE,safinea,syndromic,AE,438.5,-2.206577424113785,7,4,0.30067363428022353
2024-10-30,ARI incidence,2024-11-10,3,EE,ECDC,SARIMA,AE,1.689730169782,2.887063306461166,7,1,1.0
2024-10-30,ARI incidence,2024-11-10,3,EE,ECDC,soca_simplex,AE,36.9392538619182,-1.5632266306484195,7,6,0.1255448340930748
2024-10-30,ARI incidence,2024-11-10,3,EE,ISI,FluBcast,AE,22.0719750720542,-0.820287637546939,7,3,0.4943659521972996
2024-10-30,ARI incidence,2024-11-10,3,EE,ISI,SEIR_BRW,AE,29.328951445762,-1.2303973986064023,7,4,0.3143379741094994
2024-10-30,ARI incidence,2024-11-10,3,EE,respicast,hubEnsemble,AE,29.328951445762,-1.2303973986064023,7,4,0.3143379741094994
2024-10-30,ARI incidence,2024-11-10,3,EE,respicast,quantileBaseline,AE,12.5,0.0,7,2,0.7318234317024036
2024-10-30,ARI incidence,2024-11-10,3,EE,safinea,syndromic,AE,42.0,-1.7484612330040357,7,7,0.0
2024-10-30,ARI incidence,2024-11-10,3,ES,ECDC,SARIMA,AE,21.928454332959,-4.384342891603751,8,5,0.854207985298919
2024-10-30,ARI incidence,2024-11-10,3,ES,ECDC,soca_simplex,AE,10.8398841352515,-3.3678881031719214,8,3,0.9316382856217793
2024-10-30,ARI incidence,2024-11-10,3,ES,ISI,FluBcast,AE,5.30686334607105,-2.3374700713416394,8,2,0.9702747783129152
2024-10-30,ARI incidence,2024-11-10,3,ES,ISI,SEIR_BRW,AE,144.257118550123,-7.10210937412368,8,8,0.0
2024-10-30,ARI incidence,2024-11-10,3,ES,fjordhest,ensemble,AE,34.52,-5.038971231512819,8,6,0.766282567941723
2024-10-30,ARI incidence,2024-11-10,3,ES,respicast,hubEnsemble,AE,14.606568326964,-3.79815603759433,8,4,0.9053359325694473
2024-10-30,ARI incidence,2024-11-10,3,ES,respicast,quantileBaseline,AE,1.05000000000001,0.0,8,1,1.0
2024-10-30,ARI incidence,2024-11-10,3,ES,safinea,syndromic,AE,41.0,-5.287162676726672,8,7,0.7210334206534758
2024-10-30,ARI incidence,2024-11-10,3,FR,ISI,SEIR_BRW,AE,116.142930703255,-0.018664989070995123,5,3,0.7092910852321223
2024-10-30,ARI incidence,2024-11-10,3,FR,fjordhest,ensemble,AE,146.99,-0.35848165428481255,5,5,0.0
2024-10-30,ARI incidence,2024-11-10,3,FR,respicast,hubEnsemble,AE,116.142930703255,-0.018664989070995123,5,3,0.7092910852321223
2024-10-30,ARI incidence,2024-11-10,3,FR,respicast,quantileBaseline,AE,114.65,0.0,5,2,0.7436192228098413
2024-10-30,ARI incidence,2024-11-10,3,FR,safinea,syndromic,AE,103.5,0.14760558719410585,5,1,1.0
2024-10-30,ARI incidence,2024-11-10,3,GB-ENG,ECDC,SARIMA,AE,17.5376958617748,-0.5819228282946772,6,3,0.7808450227953156
2024-10-30,ARI incidence,2024-11-10,3,GB-ENG,ECDC,soca_simplex,AE,29.56255014337,-1.3352343377993514,6,5,0.5796274378224248
2024-10-30,ARI incidence,2024-11-10,3,GB-ENG,ISI,FluBcast,AE,64.2013491249206,-2.4540672266861407,6,6,0.0
2024-10-30,ARI incidence,2024-11-10,3,GB-ENG,respicast,hubEnsemble,AE,4.44089487230019,1.399614063300019,6,1,1.0
2024-10-30,ARI incidence,2024-11-10,3,GB-ENG,respicast,quantileBaseline,AE,11.71645713015,0.0,6,2,0.8782545690316471
2024-10-30,ARI incidence,2024-11-10,3,GB-ENG,safinea,syndromic,AE,26.4194856063762,-1.17306598952159,6,4,0.6322218261399464
2024-10-30,ARI incidence,2024-11-10,3,GB-NIR,ECDC,SARIMA,AE,0.512458476514581,0.9837788083999245,6,1,1.0
2024-10-30,ARI incidence,2024-11-10,3,GB-NIR,ECDC,soca_simplex,AE,1.58100138210132,-0.6415528047189386,6,3,0.9596233276746015
2024-10-30,ARI incidence,2024-11-10,3,GB-NIR,ISI,FluBcast,AE,26.9768212891623,-4.734362634548179,6,6,0.0
2024-10-30,ARI incidence,2024-11-10,3,GB-NIR,respicast,hubEnsemble,AE,8.2733526920704,-3.029186261213749,6,4,0.7067416937071778
2024-10-30,ARI incidence,2024-11-10,3,GB-NIR,respicast,quantileBaseline,AE,1.01345766469888,0.0,6,2,0.9810689117387378
2024-10-30,ARI incidence,2024-11-10,3,GB-NIR,safinea,syndromic,AE,17.0591638606554,-4.073189206723264,6,5,0.37475519432370774
2024-10-30,ARI incidence,2024-11-10,3,GB-SCT,ISI,SEIR_BRW,AE,34.9676414424393,-2.9919780929810984,4,2,0.10556588211692611
2024-10-30,ARI incidence,2024-11-10,3,GB-SCT,respicast,hubEnsemble,AE,36.7717951979552,-3.0645572136275905,4,3,0.052782941058464504
2024-10-30,ARI incidence,2024-11-10,3,GB-SCT,respicast,quantileBaseline,AE,4.39532696960629,0.0,4,1,1.0
2024-10-30,ARI incidence,2024-11-10,3,GB-SCT,safinea,syndromic,AE,38.5759489534712,-3.133659250012104,4,4,0.0
2024-10-30,ARI incidence,2024-11-10,3,GB-WLS,respicast,quantileBaseline,AE,16.7892256708335,0.0,1,1,0.0
2024-10-30,ARI incidence,2024-11-10,3,HU,ECDC,SARIMA,AE,350.97850180141,0.3083055095003341,6,4,0.20591356365079833
2024-10-30,ARI incidence,2024-11-10,3,HU,ECDC,soca_simplex,AE,410.479699129553,0.08237730133303607,6,5,0.05939497875017495
2024-10-30,ARI incidence,2024-11-10,3,HU,ISI,FluBcast,AE,161.391331596031,1.429125081648607,6,2,0.6727620497512156
2024-10-30,ARI incidence,2024-11-10,3,HU,respicast,hubEnsemble,AE,256.18491669872,0.7625026373429107,6,3,0.4393378067010083
2024-10-30,ARI incidence,2024-11-10,3,HU,respicast,quantileBaseline,AE,434.599999999999,0.0,6,6,0.0
2024-10-30,ARI incidence,2024-11-10,3,HU,safinea,syndromic,AE,28.5,3.9306543501291755,6,1,1.0
2024-10-30,ARI incidence,2024-11-10,3,LT,ISI,SEIR_BRW,AE,620.439341466603,-2.3393311901616443,5,5,0.0
2024-10-30,ARI incidence,2024-11-10,3,LT,fjordhest,ensemble,AE,162.13,-0.40319208805567275,5,2,0.9205968739160969
2024-10-30,ARI incidence,2024-11-10,3,LT,respicast,hubEnsemble,AE,371.5,-1.5994032317351772,5,3,0.5000395122113964
2024-10-30,ARI incidence,2024-11-10,3,LT,respicast,quantileBaseline,AE,122.6,0.0,5,1,1.0
2024-10-30,ARI incidence,2024-11-10,3,LT,safinea,syndromic,AE,371.5,-1.5994032317351772,5,3,0.5000395122113964
2024-10-30,ARI incidence,2024-11-10,3,LU,ECDC,SARIMA,AE,8327.5309804557,0.5509204265868656,4,1,1.0
2024-10-30,ARI incidence,2024-11-10,3,LU,ECDC,soca_simplex,AE,13645.729575874,-0.1615683833103092,4,4,0.0
2024-10-30,ARI incidence,2024-11-10,3,LU,fjordhest,ensemble,AE,11226.56,0.11996521748643012,4,2,0.4548851518930015
2024-10-30,ARI incidence,2024-11-10,3,LU,respicast,quantileBaseline,AE,12200.0,0.0,4,3,0.27184572932637674
2024-10-30,ARI incidence,2024-11-10,3,LV,ECDC,SARIMA,AE,366.56515018457,-1.2862246242890927,6,6,0.0
2024-10-30,ARI incidence,2024-11-10,3,LV,ECDC,soca_simplex,AE,276.251895816865,-0.8781393559781338,6,5,0.29319196802681635
2024-10-30,ARI incidence,2024-11-10,3,LV,ISI,FluBcast,AE,58.5306055293609,1.3605818999706027,6,1,1.0
2024-10-30,ARI incidence,2024-11-10,3,LV,respicast,hubEnsemble,AE,206.766667,-0.4601586172600354,6,3,0.518768060132465
2024-10-30,ARI incidence,2024-11-10,3,LV,respicast,quantileBaseline,AE,150.3,0.0,6,2,0.7020808345591274
2024-10-30,ARI incidence,2024-11-10,3,LV,safinea,syndromic,AE,206.766667,-0.4601586172600354,6,3,0.518768060132465
2024-10-30,ARI incidence,2024-11-10,3,RO,ECDC,SARIMA,AE,29.426654273959,1.7488469996628353,8,1,1.0
2024-10-30,ARI incidence,2024-11-10,3,RO,ECDC,soca_simplex,AE,102.829613902204,-0.056213380042180176,8,4,0.7742495657600154
2024-10-30,ARI incidence,2024-11-10,3,RO,ISI,FluBcast,AE,90.5466296185937,0.1273095796768168,8,2,0.8120258223282989
2024-10-30,ARI incidence,2024-11-10,3,RO,ISI,SEIR_BRW,AE,354.577566498623,-1.8420588362394248,8,8,0.0
2024-10-30,ARI incidence,2024-11-10,3,RO,fjordhest,ensemble,AE,134.75,-0.44624284688075555,8,6,0.6760785783886483
2024-10-30,ARI incidence,2024-11-10,3,RO,respicast,hubEnsemble,AE,118.7898069511,-0.2643686213884508,8,5,0.7251640720743381
2024-10-30,ARI incidence,2024-11-10,3,RO,respicast,quantileBaseline,AE,98.9000000000001,0.0,8,3,0.7863350736102556
2024-10-30,ARI incidence,2024-11-10,3,RO,safinea,syndromic,AE,186.5,-0.9151332043834877,8,7,0.5169217129013906
2024-10-30,ARI incidence,2024-11-10,3,SI,ECDC,SARIMA,AE,16.21241028231,3.085309974143511,7,1,1.0
2024-10-30,ARI incidence,2024-11-10,3,SI,ECDC,soca_simplex,AE,40.7937992915363,1.7540586875148498,7,2,0.8484385331083986
2024-10-30,ARI incidence,2024-11-10,3,SI,ISI,SEIR_BRW,AE,163.848394697267,-0.2518810681220944,7,6,0.08972083084816845
2024-10-30,ARI incidence,2024-11-10,3,SI,fjordhest,ensemble,AE,75.95,0.8573586002000144,7,3,0.6316759511521717
2024-10-30,ARI incidence,2024-11-10,3,SI,respicast,hubEnsemble,AE,75.95,0.8573586002000144,7,3,0.6316759511521717
2024-10-30,ARI incidence,2024-11-10,3,SI,respicast,quantileBaseline,AE,137.6,0.0,7,5,0.2515605544851987
2024-10-30,ARI incidence,2024-11-10,3,SI,safinea,syndromic,AE,178.4,-0.374635145218207,7,7,0.0
2024-10-30,ARI incidence,2024-11-17,4,BE,ECDC,SARIMA,AE,176.79043850213,-0.06203226358404767,8,2,0.9841746806297792
2024-10-30,ARI incidence,2024-11-17,4,BE,ECDC,soca_simplex,AE,349.95724430031,-1.0471706860717707,8,6,0.6158603661854469
2024-10-30,ARI incidence,2024-11-17,4,BE,ISI,FluBcast,AE,312.310704978446,-0.8829740341902936,8,5,0.6959320592424524
2024-10-30,ARI incidence,2024-11-17,4,BE,ISI,SEIR_BRW,AE,639.510401067857,-1.9169598366172822,8,8,0.0
2024-10-30,ARI incidence,2024-11-17,4,BE,fjordhest,ensemble,AE,218.13,-0.3651802144846258,8,3,0.8962481742630646
2024-10-30,ARI incidence,2024-11-17,4,BE,respicast,hubEnsemble,AE,284.04362215016,-0.746104522570217,8,4,0.7560542702242451
2024-10-30,ARI incidence,2024-11-17,4,BE,respicast,quantileBaseline,AE,169.35,0.0,8,1,1.0
2024-10-30,ARI incidence,2024-11-17,4,BE,safinea,syndromic,AE,396.3,-1.226584980473827,8,7,0.5172923974785257
2024-10-30,ARI incidence,2024-11-17,4,BG,ECDC,SARIMA,AE,339.907212064512,-0.06892453888327334,8,8,0.0
2024-10-30,ARI incidence,2024-11-17,4,BG,ECDC,soca_simplex,AE,87.6583956983382,1.8862522536772564,8,3,0.8688136270363944
2024-10-30,ARI incidence,2024-11-17,4,BG,ISI,FluBcast,AE,297.97680356961,0.12101640765632647,8,6,0.14441974718601144
2024-10-30,ARI incidence,2024-11-17,4,BG,ISI,SEIR_BRW,AE,49.570126507258,2.708673588248067,8,1,1.0
2024-10-30,ARI incidence,2024-11-17,4,BG,fjordhest,ensemble,AE,295.25,0.13427937443396115,8,5,0.15381160136260194
2024-10-30,ARI incidence,2024-11-17,4,BG,respicast,hubEnsemble,AE,175.125,0.8878313834003003,8,4,0.5675548190760399
2024-10-30,ARI incidence,2024-11-17,4,BG,respicast,quantileBaseline,AE,324.05,0.0,8,7,0.054616557282293796
2024-10-30,ARI incidence,2024-11-17,4,BG,safinea,syndromic,AE,55.0,2.5587129103064585,8,2,0.9812980367894778
2024-10-30,ARI incidence,2024-11-17,4,CZ,ISI,SEIR_BRW,AE,769.180838707958,-2.331206271496445,5,5,0.0
2024-10-30,ARI incidence,2024-11-17,4,CZ,fjordhest,ensemble,AE,137.88,0.14870334840706304,5,1,1.0
2024-10-30,ARI incidence,2024-11-17,4,CZ,respicast,hubEnsemble,AE,457.0,-1.5800776130584622,5,3,0.4945040772429164
2024-10-30,ARI incidence,2024-11-17,4,CZ,respicast,quantileBaseline,AE,152.85,0.0,5,2,0.976287058273773
2024-10-30,ARI incidence,2024-11-17,4,CZ,safinea,syndromic,AE,457.0,-1.5800776130584622,5,3,0.4945040772429164
2024-10-30,ARI incidence,2024-11-17,4,DE,ECDC,SARIMA,AE,231.67291815769,-0.010455546334165353,7,2,0.9978683234808242
2024-10-30,ARI incidence,2024-11-17,4,DE,ECDC,soca_simplex,AE,781.387124493097,-1.7644036221699573,7,6,0.29740795695540545
2024-10-30,ARI incidence,2024-11-17,4,DE,ISI,SEIR_BRW,AE,1014.78987906514,-2.141475269687321,7,7,0.0
2024-10-30,ARI incidence,2024-11-17,4,DE,fjordhest,ensemble,AE,269.22,-0.22715172867840155,7,3,0.9500248397103186
2024-10-30,ARI incidence,2024-11-17,4,DE,respicast,hubEnsemble,AE,674.0,-1.5511147302374833,7,4,0.4342434684187019
2024-10-30,ARI incidence,2024-11-17,4,DE,respicast,quantileBaseline,AE,230.0,0.0,7,1,1.0
2024-10-30,ARI incidence,2024-11-17,4,DE,safinea,syndromic,AE,674.0,-1.5511147302374833,7,4,0.4342434684187019
2024-10-30,ARI incidence,2024-11-17,4,EE,ECDC,SARIMA,AE,18.832663880508,-3.09766165475275,7,5,0.39517585889061796
2024-10-30,ARI incidence,2024-11-17,4,EE,ECDC,soca_simplex,AE,24.022147345507,-3.4487896908007145,7,6,0.20646736925429077
2024-10-30,ARI incidence,2024-11-17,4,EE,ISI,FluBcast,AE,15.9002438076395,-2.8534734584945936,7,3,0.5018093160858361
2024-10-30,ARI incidence,2024-11-17,4,EE,ISI,SEIR_BRW,AE,10.3525222468853,-2.2344068741047387,7,2,0.7035446455678069
2024-10-30,ARI incidence,2024-11-17,4,EE,respicast,hubEnsemble,AE,15.90024380764,-2.853473458494639,7,4,0.5018093160858179
2024-10-30,ARI incidence,2024-11-17,4,EE,respicast,quantileBaseline,AE,2.19999999999999,0.0,7,1,1.0
2024-10-30,ARI incidence,2024-11-17,4,EE,safinea,syndromic,AE,29.7,-3.7548875021634753,7,7,0.0
2024-10-30,ARI incidence,2024-11-17,4,ES,ECDC,SARIMA,AE,1.31935152247797,1.365705744950435,8,1,1.0
2024-10-30,ARI incidence,2024-11-17,4,ES,ECDC,soca_simplex,AE,40.6977354872184,-3.581341870479062,8,6,0.7738962357950363
2024-10-30,ARI incidence,2024-11-17,4,ES,ISI,FluBcast,AE,12.4799724717179,-1.876008100436104,8,3,0.9359176747896146
2024-10-30,ARI incidence,2024-11-17,4,ES,ISI,SEIR_BRW,AE,175.480025508621,-5.689628264598647,8,8,0.0
2024-10-30,ARI incidence,2024-11-17,4,ES,fjordhest,ensemble,AE,31.19,-3.197476901236459,8,5,0.8284879829995452
2024-10-30,ARI incidence,2024-11-17,4,ES,respicast,hubEnsemble,AE,14.935324238761,-2.1351219067338545,8,4,0.9218194762075486
2024-10-30,ARI incidence,2024-11-17,4,ES,respicast,quantileBaseline,AE,3.39999999999998,0.0,8,2,0.9880532818925153
2024-10-30,ARI incidence,2024-11-17,4,ES,safinea,syndromic,AE,44.5,-3.710198684603429,8,7,0.7520643008021566
2024-10-30,ARI incidence,2024-11-17,4,FR,ISI,SEIR_BRW,AE,48.6040400826574,0.633488284457861,5,1,1.0
2024-10-30,ARI incidence,2024-11-17,4,FR,fjordhest,ensemble,AE,109.43,-0.5373718755020288,5,5,0.0
2024-10-30,ARI incidence,2024-11-17,4,FR,respicast,hubEnsemble,AE,65.1,0.21190698010302908,5,2,0.7288006643913352
2024-10-30,ARI incidence,2024-11-17,4,FR,respicast,quantileBaseline,AE,75.4,0.0,5,4,0.5594650712663463
2024-10-30,ARI incidence,2024-11-17,4,FR,safinea,syndromic,AE,65.1,0.21190698010302908,5,2,0.7288006643913352
2024-10-30,ARI incidence,2024-11-17,4,GB-ENG,ECDC,SARIMA,AE,29.699789414113,-0.17690490866224953,6,5,0.7008061603481808
2024-10-30,ARI incidence,2024-11-17,4,GB-ENG,ECDC,soca_simplex,AE,18.8487280403732,0.4790806229088404,6,2,0.8215424916669207
2024-10-30,ARI incidence,2024-11-17,4,GB-ENG,ISI,FluBcast,AE,92.6840674186967,-1.8187735649339254,6,6,0.0
2024-10-30,ARI incidence,2024-11-17,4,GB-ENG,respicast,hubEnsemble,AE,2.81003153223804,3.224889568414138,6,1,1.0
2024-10-30,ARI incidence,2024-11-17,4,GB-ENG,respicast,quantileBaseline,AE,26.2723962744186,0.0,6,4,0.7389416808674146
2024-10-30,ARI incidence,2024-11-17,4,GB-ENG,safinea,syndromic,AE,24.4687911048491,0.10260496702068037,6,3,0.7590098257079118
2024-10-30,ARI incidence,2024-11-17,4,GB-NIR,ECDC,SARIMA,AE,10.6291199078474,0.025142139606665666,6,3,0.767507797428279
2024-10-30,ARI incidence,2024-11-17,4,GB-NIR,ECDC,soca_simplex,AE,4.46104070559011,1.2777120687108319,6,2,0.9867203207989794
2024-10-30,ARI incidence,2024-11-17,4,GB-NIR,ISI,FluBcast,AE,32.2248244328217,-1.5750082123896882,6,6,0.0
2024-10-30,ARI incidence,2024-11-17,4,GB-NIR,respicast,hubEnsemble,AE,4.08738453014456,1.403914406406869,6,1,1.0
2024-10-30,ARI incidence,2024-11-17,4,GB-NIR,respicast,quantileBaseline,AE,10.8159792286083,0.0,6,4,0.7608668478107156
2024-10-30,ARI incidence,2024-11-17,4,GB-NIR,safinea,syndromic,AE,12.6358097658786,-0.22435383622565633,6,5,0.6961903689425314
2024-10-30,ARI incidence,2024-11-17,4,GB-SCT,ISI,SEIR_BRW,AE,7.02543664309266,1.9377638862286624,4,1,1.0
2024-10-30,ARI incidence,2024-11-17,4,GB-SCT,respicast,hubEnsemble,AE,11.0471268660442,1.2847524828239871,4,2,0.7978014836011258
2024-10-30,ARI incidence,2024-11-17,4,GB-SCT,respicast,quantileBaseline,AE,26.9152473824455,0.0,4,4,0.0
2024-10-30,ARI incidence,2024-11-17,4,GB-SCT,safinea,syndromic,AE,15.0688170889962,0.8368575164931102,4,3,0.5956029672022285
2024-10-30,ARI incidence,2024-11-17,4,HU,ECDC,SARIMA,AE,160.10008543458,0.5942433953804187,6,4,0.493131342237711
2024-10-30,ARI incidence,2024-11-17,4,HU,ECDC,soca_simplex,AE,70.7156689381227,1.7731156500606293,6,2,0.8127708244008546
2024-10-30,ARI incidence,2024-11-17,4,HU,ISI,FluBcast,AE,107.432967742684,1.1697806948598424,6,3,0.6814694316487461
2024-10-30,ARI incidence,2024-11-17,4,HU,respicast,hubEnsemble,AE,18.35864940228,3.7186856406282525,6,1,1.0
2024-10-30,ARI incidence,2024-11-17,4,HU,respicast,quantileBaseline,AE,241.7,0.0,6,5,0.20132930941601251
2024-10-30,ARI incidence,2024-11-17,4,HU,safinea,syndromic,AE,298.0,-0.3020948575839413,6,6,0.0
2024-10-30,ARI incidence,2024-11-17,4,LT,ISI,SEIR_BRW,AE,745.111773585665,-3.3144192354724438,5,5,0.0
2024-10-30,ARI incidence,2024-11-17,4,LT,fjordhest,ensemble,AE,137.39,-0.8752393768991429,5,2,0.9067608143233957
2024-10-30,ARI incidence,2024-11-17,4,LT,respicast,hubEnsemble,AE,382.5,-2.352422124008627,5,3,0.5410405902684678
2024-10-30,ARI incidence,2024-11-17,4,LT,respicast,quantileBaseline,AE,74.8999999999999,0.0,5,1,1.0
2024-10-30,ARI incidence,2024-11-17,4,LT,safinea,syndromic,AE,382.5,-2.352422124008627,5,3,0.5410405902684678
2024-10-30,ARI incidence,2024-11-17,4,LU,ECDC,SARIMA,AE,2984.090663926,1.3487080497159576,4,1,1.0
2024-10-30,ARI incidence,2024-11-17,4,LU,ECDC,soca_simplex,AE,8336.66985137901,-0.1334717842565543,4,4,0.0
2024-10-30,ARI incidence,2024-11-17,4,LU,fjordhest,ensemble,AE,6757.84,0.16943722519258542,4,2,0.2949661828600216
2024-10-30,ARI incidence,2024-11-17,4,LU,respicast,quantileBaseline,AE,7600.0,0.0,4,3,0.13762894962971114
2024-10-30,ARI incidence,2024-11-17,4,LV,ECDC,SARIMA,AE,388.50651606057,-3.6383208616257083,6,6,0.0
2024-10-30,ARI incidence,2024-11-17,4,LV,ECDC,soca_simplex,AE,157.740586878489,-2.3379359811888727,6,3,0.6458486448172188
2024-10-30,ARI incidence,2024-11-17,4,LV,ISI,FluBcast,AE,259.421477420681,-3.0556799905923726,6,5,0.36127255685985504
2024-10-30,ARI incidence,2024-11-17,4,LV,respicast,hubEnsemble,AE,157.74058687849,-2.3379359811888816,6,4,0.645848644817216
2024-10-30,ARI incidence,2024-11-17,4,LV,respicast,quantileBaseline,AE,31.2,0.0,6,1,1.0
2024-10-30,ARI incidence,2024-11-17,4,LV,safinea,syndromic,AE,93.666667,-1.58598970065903,6,2,0.8251734457890189
2024-10-30,ARI incidence,2024-11-17,4,RO,ECDC,SARIMA,AE,746.144363716326,0.258720636377228,8,1,1.0
2024-10-30,ARI incidence,2024-11-17,4,RO,ECDC,soca_simplex,AE,912.56614991206,-0.031753714529095624,8,4,0.6808766187036001
2024-10-30,ARI incidence,2024-11-17,4,RO,ISI,FluBcast,AE,887.571917402286,0.008311404255337704,8,2,0.7288045022683539
2024-10-30,ARI incidence,2024-11-17,4,RO,ISI,SEIR_BRW,AE,1267.64105104668,-0.5058989545082347,8,8,0.0
2024-10-30,ARI incidence,2024-11-17,4,RO,fjordhest,ensemble,AE,940.8,-0.07571263424407365,8,6,0.6267365814341888
2024-10-30,ARI incidence,2024-11-17,4,RO,respicast,hubEnsemble,AE,926.68307495603,-0.05390059645253809,8,5,0.6538066000688942
2024-10-30,ARI incidence,2024-11-17,4,RO,respicast,quantileBaseline,AE,892.7,0.0,8,3,0.7189711078819663
2024-10-30,ARI incidence,2024-11-17,4,RO,safinea,syndromic,AE,1014.2,-0.18409484847434465,8,7,0.4859878446095133
2024-10-30,ARI incidence,2024-11-17,4,SI,ECDC,SARIMA,AE,76.1720583348299,-3.4645936139904037,7,4,0.7455862253223755
2024-10-30,ARI incidence,2024-11-17,4,SI,ECDC,soca_simplex,AE,279.181083925612,-5.3384610221133855,7,7,0.0
2024-10-30,ARI incidence,2024-11-17,4,SI,ISI,SEIR_BRW,AE,78.4117571785009,-3.506401723451848,7,6,0.7373605387951289
2024-10-30,ARI incidence,2024-11-17,4,SI,fjordhest,ensemble,AE,64.77,-3.230657477078159,7,3,0.7874622828524865
2024-10-30,ARI incidence,2024-11-17,4,SI,respicast,hubEnsemble,AE,76.1720583348299,-3.4645936139904037,7,4,0.7455862253223755
2024-10-30,ARI incidence,2024-11-17,4,SI,respicast,quantileBaseline,AE,6.89999999999986,0.0,7,1,1.0
2024-10-30,ARI incidence,2024-11-17,4,SI,safinea,syndromic,AE,21.5,-1.6396683928113205,7,2,0.9463789412415117
2024-11-06,ARI incidence,2024-11-03,1,BE,ISI,FluBcast,AE,329.735746204392,0.38604280235190963,5,1,1.0
2024-11-06,ARI incidence,2024-11-03,1,BE,ISI,SEIR_BRW,AE,818.583497765891,-0.9257764846150298,5,5,0.0
2024-11-06,ARI incidence,2024-11-03,1,BE,fjordhest,ensemble,AE,428.39,0.008428295108010193,5,2,0.7981902269561797
2024-11-06,ARI incidence,2024-11-03,1,BE,respicast,hubEnsemble,AE,428.39,0.008428295108010193,5,2,0.7981902269561797
2024-11-06,ARI incidence,2024-11-03,1,BE,respicast,quantileBaseline,AE,430.9,0.0,5,4,0.7930557040050513
2024-11-06,ARI incidence,2024-11-03,1,BG,ISI,FluBcast,AE,114.180965390115,-0.6315856409251963,5,3,0.7418016146312227
2024-11-06,ARI incidence,2024-11-03,1,BG,ISI,SEIR_BRW,AE,230.482411060771,-1.6449201331907313,5,5,0.0
2024-11-06,ARI incidence,2024-11-03,1,BG,fjordhest,ensemble,AE,109.67,-0.5734324090530611,5,2,0.7705737540542253
2024-11-06,ARI incidence,2024-11-03,1,BG,respicast,hubEnsemble,AE,114.180965390115,-0.6315856409251963,5,3,0.7418016146312227
2024-11-06,ARI incidence,2024-11-03,1,BG,respicast,quantileBaseline,AE,73.7,0.0,5,1,1.0
2024-11-06,ARI incidence,2024-11-03,1,CZ,fjordhest,ensemble,AE,353.96,-0.08244297975349607,3,2,0.0
2024-11-06,ARI incidence,2024-11-03,1,CZ,respicast,hubEnsemble,AE,353.96,-0.08244297975349607,3,2,0.0
2024-11-06,ARI incidence,2024-11-03,1,CZ,respicast,quantileBaseline,AE,334.3,0.0,3,1,1.0
2024-11-06,ARI incidence,2024-11-03,1,DE,ISI,SEIR_BRW,AE,870.323205279031,-0.7887001410292942,4,4,0.0
2024-11-06,ARI incidence,2024-11-03,1,DE,fjordhest,ensemble,AE,540.22,-0.10069593015291407,4,2,0.9006338494386085
2024-11-06,ARI incidence,2024-11-03,1,DE,respicast,hubEnsemble,AE,705.27160263952,-0.48532782951301284,4,3,0.45031692471929197
2024-11-06,ARI incidence,2024-11-03,1,DE,respicast,quantileBaseline,AE,503.8,0.0,4,1,1.0
2024-11-06,ARI incidence,2024-11-03,1,EE,ISI,FluBcast,AE,23.1636292869792,-0.2558046606781185,4,2,0.8557275428916606
2024-11-06,ARI incidence,2024-11-03,1,EE,ISI,SEIR_BRW,AE,45.4869563214894,-1.2293962500826001,4,4,0.0
2024-11-06,ARI incidence,2024-11-03,1,EE,respicast,hubEnsemble,AE,34.325292804234,-0.8232153745998748,4,3,0.42786377144584176
2024-11-06,ARI incidence,2024-11-03,1,EE,respicast,quantileBaseline,AE,19.4,0.0,4,1,1.0
2024-11-06,ARI incidence,2024-11-03,1,ES,ISI,FluBcast,AE,81.4016389145536,0.08764229120506137,5,1,1.0
2024-11-06,ARI incidence,2024-11-03,1,ES,ISI,SEIR_BRW,AE,172.702595598459,-0.9975177278588326,5,5,0.0
2024-11-06,ARI incidence,2024-11-03,1,ES,fjordhest,ensemble,AE,89.89,-0.055460496306743205,5,3,0.9070287826793086
2024-11-06,ARI incidence,2024-11-03,1,ES,respicast,hubEnsemble,AE,89.89,-0.055460496306743205,5,3,0.9070287826793086
2024-11-06,ARI incidence,2024-11-03,1,ES,respicast,quantileBaseline,AE,86.5,0.0,5,2,0.9441587331543795
2024-11-06,ARI incidence,2024-11-03,1,FR,fjordhest,ensemble,AE,144.04,-0.03282217066562067,3,2,0.0
2024-11-06,ARI incidence,2024-11-03,1,FR,respicast,hubEnsemble,AE,144.04,-0.03282217066562067,3,2,0.0
2024-11-06,ARI incidence,2024-11-03,1,FR,respicast,quantileBaseline,AE,140.8,0.0,3,1,1.0
2024-11-06,ARI incidence,2024-11-03,1,GB-ENG,ECDC,SARIMA,AE,9.39968599138922,0.2630436962075695,6,1,1.0
2024-11-06,ARI incidence,2024-11-03,1,GB-ENG,ECDC,soca_simplex,AE,9.79109699318002,0.20418575047630133,6,2,0.9719403230982548
2024-11-06,ARI incidence,2024-11-03,1,GB-ENG,ISI,FluBcast,AE,17.4869780383822,-0.6325528317911241,6,5,0.4202339719363259
2024-11-06,ARI incidence,2024-11-03,1,GB-ENG,ISI,SEIR_BRW,AE,23.3489200884667,-1.0496276615202367,6,6,0.0
2024-11-06,ARI incidence,2024-11-03,1,GB-ENG,respicast,hubEnsemble,AE,13.6390375157812,-0.2740136755314301,6,4,0.6960871475172841
2024-11-06,ARI incidence,2024-11-03,1,GB-ENG,respicast,quantileBaseline,AE,11.2796958261217,0.0,6,3,0.8652248702940355
2024-11-06,ARI incidence,2024-11-03,1,GB-NIR,ECDC,SARIMA,AE,8.02105501047437,-0.08762972708593375,6,3,0.7763773014782281
2024-11-06,ARI incidence,2024-11-03,1,GB-NIR,ECDC,soca_simplex,AE,22.1406361825967,-1.5524624916288894,6,6,0.0
2024-11-06,ARI incidence,2024-11-03,1,GB-NIR,ISI,FluBcast,AE,20.9711551893733,-1.474172148952481,6,5,0.06430491716294916
2024-11-06,ARI incidence,2024-11-03,1,GB-NIR,ISI,SEIR_BRW,AE,3.95414213487204,0.93279754910094,6,1,1.0
2024-11-06,ARI incidence,2024-11-03,1,GB-NIR,respicast,hubEnsemble,AE,14.4961050999234,-0.9414311353227823,6,4,0.4203411093206126
2024-11-06,ARI incidence,2024-11-03,1,GB-NIR,respicast,quantileBaseline,AE,7.54835502776207,0.0,6,2,0.8023691161442021
2024-11-06,ARI incidence,2024-11-03,1,GB-SCT,ISI,FluBcast,AE,0.567239154476169,2.344027031526435,4,1,1.0
2024-11-06,ARI incidence,2024-11-03,1,GB-SCT,ISI,SEIR_BRW,AE,9.50045682257857,-1.721940829359506,4,4,0.0
2024-11-06,ARI incidence,2024-11-03,1,GB-SCT,respicast,hubEnsemble,AE,4.46660883405127,-0.6331238585922889,4,3,0.5634977424205755
2024-11-06,ARI incidence,2024-11-03,1,GB-SCT,respicast,quantileBaseline,AE,2.8799745378256,0.0,4,2,0.7411083587935563
2024-11-06,ARI incidence,2024-11-03,1,GB-WLS,respicast,quantileBaseline,AE,53.7662450171797,0.0,1,1,0.0
2024-11-06,ARI incidence,2024-11-03,1,HU,ISI,FluBcast,AE,667.604835027327,0.28266298503444437,4,3,0.6494170670381941
2024-11-06,ARI incidence,2024-11-03,1,HU,ISI,SEIR_BRW,AE,589.600203941861,0.4619203648148281,4,1,1.0
2024-11-06,ARI incidence,2024-11-03,1,HU,respicast,hubEnsemble,AE,628.60251948459,0.36950933369919015,4,2,0.8247085335191152
2024-11-06,ARI incidence,2024-11-03,1,HU,respicast,quantileBaseline,AE,812.1,0.0,4,4,0.0
2024-11-06,ARI incidence,2024-11-03,1,LT,fjordhest,ensemble,AE,306.7,-0.07729709513078226,3,2,0.0
2024-11-06,ARI incidence,2024-11-03,1,LT,respicast,hubEnsemble,AE,306.7,-0.07729709513078226,3,2,0.0
2024-11-06,ARI incidence,2024-11-03,1,LT,respicast,quantileBaseline,AE,290.7,0.0,3,1,1.0
2024-11-06,ARI incidence,2024-11-03,1,LU,fjordhest,ensemble,AE,2975.32,0.35295457783783946,3,1,1.0
2024-11-06,ARI incidence,2024-11-03,1,LU,respicast,hubEnsemble,AE,2975.32,0.35295457783783946,3,1,1.0
2024-11-06,ARI incidence,2024-11-03,1,LU,respicast,quantileBaseline,AE,3800.0,0.0,3,3,0.0
2024-11-06,ARI incidence,2024-11-03,1,LV,ISI,FluBcast,AE,122.05292508357,-3.0934198186110407,4,4,0.0
2024-11-06,ARI incidence,2024-11-03,1,LV,ISI,SEIR_BRW,AE,37.7050965940286,-1.3987443986114059,4,2,0.7827892228830341
2024-11-06,ARI incidence,2024-11-03,1,LV,respicast,hubEnsemble,AE,79.8790108388,-2.481801320645581,4,3,0.39139461144151055
2024-11-06,ARI incidence,2024-11-03,1,LV,respicast,quantileBaseline,AE,14.3000000000002,0.0,4,1,1.0
2024-11-06,ARI incidence,2024-11-03,1,RO,ISI,FluBcast,AE,189.233004377566,0.0660651472621352,5,1,1.0
2024-11-06,ARI incidence,2024-11-03,1,RO,ISI,SEIR_BRW,AE,321.990732238237,-0.7007902840554927,5,5,0.0
2024-11-06,ARI incidence,2024-11-03,1,RO,fjordhest,ensemble,AE,192.42,0.0419701206140458,5,2,0.9759938975019312
2024-11-06,ARI incidence,2024-11-03,1,RO,respicast,hubEnsemble,AE,192.42,0.0419701206140458,5,2,0.9759938975019312
2024-11-06,ARI incidence,2024-11-03,1,RO,respicast,quantileBaseline,AE,198.1,0.0,5,4,0.9332091941816006
2024-11-06,ARI incidence,2024-11-03,1,SI,ISI,SEIR_BRW,AE,685.558431290241,-0.36639585735758423,4,4,0.0
2024-11-06,ARI incidence,2024-11-03,1,SI,fjordhest,ensemble,AE,516.37,0.042478591632709756,4,1,1.0
2024-11-06,ARI incidence,2024-11-03,1,SI,respicast,hubEnsemble,AE,600.96421564512,-0.1763953111646305,4,3,0.5000000000000027
2024-11-06,ARI incidence,2024-11-03,1,SI,respicast,quantileBaseline,AE,531.8,0.0,4,2,0.9087999109494079
2024-11-06,ARI incidence,2024-11-10,2,BE,ISI,FluBcast,AE,196.999722214044,-1.3798283900397177,5,4,0.5636197300226853
2024-11-06,ARI incidence,2024-11-10,2,BE,ISI,SEIR_BRW,AE,360.616631010906,-2.2521007275633136,5,5,0.0
2024-11-06,ARI incidence,2024-11-10,2,BE,fjordhest,ensemble,AE,70.3199999999999,0.10635822972968852,5,1,1.0
2024-11-06,ARI incidence,2024-11-10,2,BE,respicast,hubEnsemble,AE,70.3199999999999,0.10635822972968852,5,1,1.0
2024-11-06,ARI incidence,2024-11-10,2,BE,respicast,quantileBaseline,AE,75.6999999999998,0.0,5,3,0.9814672323916918
2024-11-06,ARI incidence,2024-11-10,2,BG,ISI,FluBcast,AE,232.334411249736,0.35085577752188474,5,2,0.2425900204147627
2024-11-06,ARI incidence,2024-11-10,2,BG,ISI,SEIR_BRW,AE,32.6222582656108,3.183130065567524,5,1,1.0
2024-11-06,ARI incidence,2024-11-10,2,BG,fjordhest,ensemble,AE,278.33,0.09026220732204314,5,4,0.06815137251176008
2024-11-06,ARI incidence,2024-11-10,2,BG,respicast,hubEnsemble,AE,232.334411249736,0.35085577752188474,5,2,0.2425900204147627
2024-11-06,ARI incidence,2024-11-10,2,BG,respicast,quantileBaseline,AE,296.3,0.0,5,5,0.0
2024-11-06,ARI incidence,2024-11-10,2,CZ,fjordhest,ensemble,AE,50.4000000000001,0.21007214970057705,3,1,1.0
2024-11-06,ARI incidence,2024-11-10,2,CZ,respicast,hubEnsemble,AE,50.4000000000001,0.21007214970057705,3,1,1.0
2024-11-06,ARI incidence,2024-11-10,2,CZ,respicast,quantileBaseline,AE,58.3,0.0,3,3,0.0
2024-11-06,ARI incidence,2024-11-10,2,DE,ISI,SEIR_BRW,AE,610.069835795407,-2.7410779360416764,4,4,0.0
2024-11-06,ARI incidence,2024-11-10,2,DE,fjordhest,ensemble,AE,120.8,-0.4047239906703369,4,2,0.9430438122037168
2024-11-06,ARI incidence,2024-11-10,2,DE,respicast,hubEnsemble,AE,365.4349178977,-2.001718028404671,4,3,0.4715219061018651
2024-11-06,ARI incidence,2024-11-10,2,DE,respicast,quantileBaseline,AE,91.25,0.0,4,1,1.0
2024-11-06,ARI incidence,2024-11-10,2,EE,ISI,FluBcast,AE,19.6150083068794,-0.6791761971630065,4,2,0.7592439243255156
2024-11-06,ARI incidence,2024-11-10,2,EE,ISI,SEIR_BRW,AE,42.8411628034563,-1.8062158893106788,4,4,0.0
2024-11-06,ARI incidence,2024-11-10,2,EE,respicast,hubEnsemble,AE,31.228085555168,-1.3500623780965468,4,3,0.37962196216275285
2024-11-06,ARI incidence,2024-11-10,2,EE,respicast,quantileBaseline,AE,12.25,0.0,4,1,1.0
2024-11-06,ARI incidence,2024-11-10,2,ES,ISI,FluBcast,AE,2.63726330840586,-5.72096971416199,5,4,0.9804392419013895
2024-11-06,ARI incidence,2024-11-10,2,ES,ISI,SEIR_BRW,AE,132.318048884549,-11.369794150966332,5,5,0.0
2024-11-06,ARI incidence,2024-11-10,2,ES,fjordhest,ensemble,AE,0.899999999999977,-4.169925001441946,5,2,0.9935736558664905
2024-11-06,ARI incidence,2024-11-10,2,ES,respicast,hubEnsemble,AE,0.899999999999977,-4.169925001441946,5,2,0.9935736558664905
2024-11-06,ARI incidence,2024-11-10,2,ES,respicast,quantileBaseline,AE,0.0500000000000114,0.0,5,1,1.0
2024-11-06,ARI incidence,2024-11-10,2,FR,fjordhest,ensemble,AE,111.66,0.05127640321454461,3,1,1.0
2024-11-06,ARI incidence,2024-11-10,2,FR,respicast,hubEnsemble,AE,111.66,0.05127640321454461,3,1,1.0
2024-11-06,ARI incidence,2024-11-10,2,FR,respicast,quantileBaseline,AE,115.7,0.0,3,3,0.0
2024-11-06,ARI incidence,2024-11-10,2,GB-ENG,ECDC,SARIMA,AE,17.8281916875988,-0.18855691464331,6,5,0.41281353012894245
2024-11-06,ARI incidence,2024-11-10,2,GB-ENG,ECDC,soca_simplex,AE,28.6269909500695,-0.8717725699888602,6,6,0.0
2024-11-06,ARI incidence,2024-11-10,2,GB-ENG,ISI,FluBcast,AE,2.46796641640731,2.6642087954414975,6,1,1.0
2024-11-06,ARI incidence,2024-11-10,2,GB-ENG,ISI,SEIR_BRW,AE,4.14266015618335,1.9169740847141137,6,2,0.9359802680095737
2024-11-06,ARI incidence,2024-11-10,2,GB-ENG,respicast,hubEnsemble,AE,10.1480790520028,0.6243968003351857,6,3,0.706406765064481
2024-11-06,ARI incidence,2024-11-10,2,GB-ENG,respicast,quantileBaseline,AE,15.6439351780631,0.0,6,4,0.4963126876271487
2024-11-06,ARI incidence,2024-11-10,2,GB-NIR,ECDC,SARIMA,AE,0.123400127340602,1.1589394235920962,6,1,1.0
2024-11-06,ARI incidence,2024-11-10,2,GB-NIR,ECDC,soca_simplex,AE,15.0429559091467,-5.770660964338439,6,5,0.4276855528089618
2024-11-06,ARI incidence,2024-11-10,2,GB-NIR,ISI,FluBcast,AE,26.1922087255376,-6.570710606728353,6,6,0.0
2024-11-06,ARI incidence,2024-11-10,2,GB-NIR,ISI,SEIR_BRW,AE,9.24548227232714,-5.068393364973724,6,4,0.6500767531962527
2024-11-06,ARI incidence,2024-11-10,2,GB-NIR,respicast,hubEnsemble,AE,4.6844411998336,-4.087521749201812,6,3,0.8250383765981367
2024-11-06,ARI incidence,2024-11-10,2,GB-NIR,respicast,quantileBaseline,AE,0.275544113482084,0.0,6,2,0.9941637537608066
2024-11-06,ARI incidence,2024-11-10,2,GB-SCT,ISI,FluBcast,AE,8.57853248600611,0.6886439774254753,4,3,0.4588436141088939
2024-11-06,ARI incidence,2024-11-10,2,GB-SCT,ISI,SEIR_BRW,AE,3.80052998450216,1.863174230398813,4,2,0.8765887497607217
2024-11-06,ARI incidence,2024-11-10,2,GB-SCT,respicast,hubEnsemble,AE,2.38900125075179,2.5329672379220374,4,1,1.0
2024-11-06,ARI incidence,2024-11-10,2,GB-SCT,respicast,quantileBaseline,AE,13.8266030173136,0.0,4,4,0.0
2024-11-06,ARI incidence,2024-11-10,2,GB-WLS,respicast,quantileBaseline,AE,13.6116364320907,0.0,1,1,0.0
2024-11-06,ARI incidence,2024-11-10,2,HU,ISI,FluBcast,AE,217.594481236074,0.9562846121442166,4,3,0.555826482039029
2024-11-06,ARI incidence,2024-11-10,2,HU,ISI,SEIR_BRW,AE,54.0895817749845,2.964503931072488,4,1,1.0
2024-11-06,ARI incidence,2024-11-10,2,HU,respicast,hubEnsemble,AE,135.84203150553,1.6359966391438008,4,2,0.7779132410195124
2024-11-06,ARI incidence,2024-11-10,2,HU,respicast,quantileBaseline,AE,422.2,0.0,4,4,0.0
2024-11-06,ARI incidence,2024-11-10,2,LT,fjordhest,ensemble,AE,149.89,-0.22438296581581887,3,2,0.0
2024-11-06,ARI incidence,2024-11-10,2,LT,respicast,hubEnsemble,AE,149.89,-0.22438296581581887,3,2,0.0
2024-11-06,ARI incidence,2024-11-10,2,LT,respicast,quantileBaseline,AE,128.3,0.0,3,1,1.0
2024-11-06,ARI incidence,2024-11-10,2,LU,fjordhest,ensemble,AE,11078.29,0.11529919582835743,3,1,1.0
2024-11-06,ARI incidence,2024-11-10,2,LU,respicast,hubEnsemble,AE,11078.29,0.11529919582835743,3,1,1.0
2024-11-06,ARI incidence,2024-11-10,2,LU,respicast,quantileBaseline,AE,12000.0,0.0,3,3,0.0
2024-11-06,ARI incidence,2024-11-10,2,LV,ISI,FluBcast,AE,60.1756729604165,1.3186717010169553,4,3,0.6714105539719534
2024-11-06,ARI incidence,2024-11-10,2,LV,ISI,SEIR_BRW,AE,27.842558601707,2.4305602775995783,4,2,0.912822360297329
2024-11-06,ARI incidence,2024-11-10,2,LV,respicast,hubEnsemble,AE,16.1665571793501,3.214839595824686,4,1,1.0
2024-11-06,ARI incidence,2024-11-10,2,LV,respicast,quantileBaseline,AE,150.1,0.0,4,4,0.0
2024-11-06,ARI incidence,2024-11-10,2,RO,ISI,FluBcast,AE,86.7729433981821,0.10849238626035673,5,1,1.0
2024-11-06,ARI incidence,2024-11-10,2,RO,ISI,SEIR_BRW,AE,274.051696206818,-1.5506385055061183,5,5,0.0
2024-11-06,ARI incidence,2024-11-10,2,RO,fjordhest,ensemble,AE,91.33,0.034648820178576616,5,2,0.9756669855310584
2024-11-06,ARI incidence,2024-11-10,2,RO,respicast,hubEnsemble,AE,91.33,0.034648820178576616,5,2,0.9756669855310584
2024-11-06,ARI incidence,2024-11-10,2,RO,respicast,quantileBaseline,AE,93.5499999999998,0.0,5,4,0.9638129980033422
2024-11-06,ARI incidence,2024-11-10,2,SI,ISI,SEIR_BRW,AE,203.44023396796,-0.6718465012831775,4,4,0.0
2024-11-06,ARI incidence,2024-11-10,2,SI,fjordhest,ensemble,AE,63.8900000000001,0.9990964802955713,4,1,1.0
2024-11-06,ARI incidence,2024-11-10,2,SI,respicast,hubEnsemble,AE,133.66511698398,-0.06586448474019446,4,3,0.5000000000000004
2024-11-06,ARI incidence,2024-11-10,2,SI,respicast,quantileBaseline,AE,127.7,0.0,4,2,0.5427453026366807
2024-11-06,ARI incidence,2024-11-17,3,BE,ISI,FluBcast,AE,33.1053587824772,2.3446121079836098,5,1,1.0
2024-11-06,ARI incidence,2024-11-17,3,BE,ISI,SEIR_BRW,AE,723.40588647213,-2.105056558622692,5,5,0.0
2024-11-06,ARI incidence,2024-11-17,3,BE,fjordhest,ensemble,AE,167.75,0.003436012439037243,5,2,0.8049477932920591
2024-11-06,ARI incidence,2024-11-17,3,BE,respicast,hubEnsemble,AE,167.75,0.003436012439037243,5,2,0.8049477932920591
2024-11-06,ARI incidence,2024-11-17,3,BE,respicast,quantileBaseline,AE,168.15,0.0,5,4,0.8043683355284402
2024-11-06,ARI incidence,2024-11-17,3,BG,ISI,FluBcast,AE,229.555180956743,0.5051456104703025,5,2,0.3306173389232053
2024-11-06,ARI incidence,2024-11-17,3,BG,ISI,SEIR_BRW,AE,34.6936129099616,3.2312446114883975,5,1,1.0
2024-11-06,ARI incidence,2024-11-17,3,BG,fjordhest,ensemble,AE,279.15,0.22294604774521012,5,4,0.16025069207970113
2024-11-06,ARI incidence,2024-11-17,3,BG,respicast,hubEnsemble,AE,229.555180956743,0.5051456104703025,5,2,0.3306173389232053
2024-11-06,ARI incidence,2024-11-17,3,BG,respicast,quantileBaseline,AE,325.8,0.0,5,5,0.0
2024-11-06,ARI incidence,2024-11-17,3,CZ,fjordhest,ensemble,AE,149.3,0.03531748744547277,3,1,1.0
2024-11-06,ARI incidence,2024-11-17,3,CZ,respicast,hubEnsemble,AE,149.3,0.03531748744547277,3,1,1.0
2024-11-06,ARI incidence,2024-11-17,3,CZ,respicast,quantileBaseline,AE,153.0,0.0,3,3,0.0
2024-11-06,ARI incidence,2024-11-17,3,DE,ISI,SEIR_BRW,AE,930.975113826418,-2.0488176017455393,4,4,0.0
2024-11-06,ARI incidence,2024-11-17,3,DE,fjordhest,ensemble,AE,272.64,-0.2770722392340765,4,2,0.9325188677802125
2024-11-06,ARI incidence,2024-11-17,3,DE,respicast,hubEnsemble,AE,601.80755691321,-1.419377221301988,4,3,0.46625943389010494
2024-11-06,ARI incidence,2024-11-17,3,DE,respicast,quantileBaseline,AE,225.0,0.0,4,1,1.0
2024-11-06,ARI incidence,2024-11-17,3,EE,ISI,FluBcast,AE,15.1788530936939,-1.9605167564912702,4,2,0.6556743237480445
2024-11-06,ARI incidence,2024-11-17,3,EE,ISI,SEIR_BRW,AE,36.6563521154338,-3.232517193046973,4,4,0.0
2024-11-06,ARI incidence,2024-11-17,3,EE,respicast,hubEnsemble,AE,25.917602604564,-2.7323862450583185,4,3,0.3278371618740177
2024-11-06,ARI incidence,2024-11-17,3,EE,respicast,quantileBaseline,AE,3.89999999999998,0.0,4,1,1.0
2024-11-06,ARI incidence,2024-11-17,3,ES,ISI,FluBcast,AE,7.27813796498663,-1.726065875535694,5,4,0.9714924112759483
2024-11-06,ARI incidence,2024-11-17,3,ES,ISI,SEIR_BRW,AE,180.332847858237,-6.357014875473385,5,5,0.0
2024-11-06,ARI incidence,2024-11-17,3,ES,fjordhest,ensemble,AE,5.95999999999998,-1.4378088069375432,5,2,0.978892158042674
2024-11-06,ARI incidence,2024-11-17,3,ES,respicast,hubEnsemble,AE,5.95999999999998,-1.4378088069375432,5,2,0.978892158042674
2024-11-06,ARI incidence,2024-11-17,3,ES,respicast,quantileBaseline,AE,2.19999999999993,0.0,5,1,1.0
2024-11-06,ARI incidence,2024-11-17,3,FR,fjordhest,ensemble,AE,63.77,0.31262254910731896,3,1,1.0
2024-11-06,ARI incidence,2024-11-17,3,FR,respicast,hubEnsemble,AE,63.77,0.31262254910731896,3,1,1.0
2024-11-06,ARI incidence,2024-11-17,3,FR,respicast,quantileBaseline,AE,79.2000000000001,0.0,3,3,0.0
2024-11-06,ARI incidence,2024-11-17,3,GB-ENG,ECDC,SARIMA,AE,32.5445245339479,-0.12366512524947373,6,5,0.180331469154759
2024-11-06,ARI incidence,2024-11-17,3,GB-ENG,ECDC,soca_simplex,AE,39.3041086829157,-0.3959304217421106,6,6,0.0
2024-11-06,ARI incidence,2024-11-17,3,GB-ENG,ISI,FluBcast,AE,7.87413000676111,1.9235572741812303,6,2,0.8384856383567902
2024-11-06,ARI incidence,2024-11-17,3,GB-ENG,ISI,SEIR_BRW,AE,1.81989042278065,4.036826219574351,6,1,1.0
2024-11-06,ARI incidence,2024-11-17,3,GB-ENG,respicast,hubEnsemble,AE,20.2093272703549,0.5637284138025854,6,3,0.5094085537557641
2024-11-06,ARI incidence,2024-11-17,3,GB-ENG,respicast,quantileBaseline,AE,29.8710864601563,0.0,6,4,0.2516531666018907
2024-11-06,ARI incidence,2024-11-17,3,GB-NIR,ECDC,SARIMA,AE,9.92380198466742,-0.02318515245494071,6,4,0.7514070318477056
2024-11-06,ARI incidence,2024-11-17,3,GB-NIR,ECDC,soca_simplex,AE,1.93516732016255,2.3352494847902765,6,1,1.0
2024-11-06,ARI incidence,2024-11-17,3,GB-NIR,ISI,FluBcast,AE,34.0705681075687,-1.802746302512792,6,6,0.0
2024-11-06,ARI incidence,2024-11-17,3,GB-NIR,ISI,SEIR_BRW,AE,26.6020076791078,-1.4457554301670696,6,5,0.23240912655391008
2024-11-06,ARI incidence,2024-11-17,3,GB-NIR,respicast,hubEnsemble,AE,3.99431733225242,1.2897588425548576,6,2,0.9359226908134018
2024-11-06,ARI incidence,2024-11-17,3,GB-NIR,respicast,quantileBaseline,AE,9.76559397486722,0.0,6,3,0.7563302008738781
2024-11-06,ARI incidence,2024-11-17,3,GB-SCT,ISI,FluBcast,AE,34.6779769150445,0.3633360165264685,4,3,0.537670783915275
2024-11-06,ARI incidence,2024-11-17,3,GB-SCT,ISI,SEIR_BRW,AE,26.1379898697263,0.7712075562958048,4,1,1.0
2024-11-06,ARI incidence,2024-11-17,3,GB-SCT,respicast,hubEnsemble,AE,30.4079833923858,0.5529056095155623,4,2,0.7688353919576161
2024-11-06,ARI incidence,2024-11-17,3,GB-SCT,respicast,quantileBaseline,AE,44.6096476153471,0.0,4,4,0.0
2024-11-06,ARI incidence,2024-11-17,3,HU,ISI,FluBcast,AE,31.5441605748747,2.799433189645167,4,1,1.0
2024-11-06,ARI incidence,2024-11-17,3,HU,ISI,SEIR_BRW,AE,272.526811216943,-0.3115201150215716,4,4,0.0
2024-11-06,ARI incidence,2024-11-17,3,HU,respicast,hubEnsemble,AE,152.03548589591,0.5304699586284979,4,2,0.49999999999999517
2024-11-06,ARI incidence,2024-11-17,3,HU,respicast,quantileBaseline,AE,219.6,0.0,4,3,0.21962913544160162
2024-11-06,ARI incidence,2024-11-17,3,LT,fjordhest,ensemble,AE,89.6199999999999,-0.06284307876559589,3,2,0.0
2024-11-06,ARI incidence,2024-11-17,3,LT,respicast,hubEnsemble,AE,89.6199999999999,-0.06284307876559589,3,2,0.0
2024-11-06,ARI incidence,2024-11-17,3,LT,respicast,quantileBaseline,AE,85.8,0.0,3,1,1.0
2024-11-06,ARI incidence,2024-11-17,3,LU,fjordhest,ensemble,AE,6059.32,0.2883693726990306,3,1,1.0
2024-11-06,ARI incidence,2024-11-17,3,LU,respicast,hubEnsemble,AE,6059.32,0.2883693726990306,3,1,1.0
2024-11-06,ARI incidence,2024-11-17,3,LU,respicast,quantileBaseline,AE,7400.0,0.0,3,3,0.0
2024-11-06,ARI incidence,2024-11-17,3,LV,ISI,FluBcast,AE,249.550955386619,-2.974505930099423,4,4,0.0
2024-11-06,ARI incidence,2024-11-17,3,LV,ISI,SEIR_BRW,AE,178.377297016026,-2.4901035108243685,4,2,0.3267830402499955
2024-11-06,ARI incidence,2024-11-17,3,LV,respicast,hubEnsemble,AE,213.96412620132,-2.7525404337883366,4,3,0.16339152012500924
2024-11-06,ARI incidence,2024-11-17,3,LV,respicast,quantileBaseline,AE,31.75,0.0,4,1,1.0
2024-11-06,ARI incidence,2024-11-17,3,RO,ISI,FluBcast,AE,886.38369470617,0.014439843453803764,5,1,1.0
2024-11-06,ARI incidence,2024-11-17,3,RO,ISI,SEIR_BRW,AE,1083.12967962814,-0.27476289112823377,5,5,0.0
2024-11-06,ARI incidence,2024-11-17,3,RO,fjordhest,ensemble,AE,901.09,-0.009300021947220065,5,3,0.9252523231939772
2024-11-06,ARI incidence,2024-11-17,3,RO,respicast,hubEnsemble,AE,901.09,-0.009300021947220065,5,3,0.9252523231939772
2024-11-06,ARI incidence,2024-11-17,3,RO,respicast,quantileBaseline,AE,895.3,0.0,5,2,0.9546811321340753
2024-11-06,ARI incidence,2024-11-17,3,SI,ISI,SEIR_BRW,AE,6.78264383671558,-3.2764209102967676,4,2,0.9410482279829857
2024-11-06,ARI incidence,2024-11-17,3,SI,fjordhest,ensemble,AE,103.88,-7.213347281733348,4,4,0.0
2024-11-06,ARI incidence,2024-11-17,3,SI,respicast,hubEnsemble,AE,48.54867808164,-6.115933281157036,4,3,0.5362601465241328
2024-11-06,ARI incidence,2024-11-17,3,SI,respicast,quantileBaseline,AE,0.700000000000045,0.0,4,1,1.0
2024-11-13,ARI incidence,2024-11-10,1,BE,ECDC,SARIMA,AE,575.02225648425,0.03366974500730463,8,6,0.4761328270093755
2024-11-13,ARI incidence,2024-11-10,1,BE,ECDC,soca_simplex,AE,218.809647303247,1.4276111944141845,8,2,0.9360551483294695
2024-11-13,ARI incidence,2024-11-10,1,BE,ISI,FluABCaster,AE,169.283974376842,1.797842138338188,8,1,1.0
2024-11-13,ARI incidence,2024-11-10,1,BE,ISI,GLEAM,AE,943.79,-0.6811783430904513,8,8,0.0
2024-11-13,ARI incidence,2024-11-10,1,BE,ISI,SEIR_BRW,AE,352.961205281544,0.7377779197553641,8,3,0.7628459626806422
2024-11-13,ARI incidence,2024-11-10,1,BE,fjordhest,ensemble,AE,550.5,0.09654497848866364,8,5,0.5077946290780162
2024-11-13,ARI incidence,2024-11-10,1,BE,respicast,hubEnsemble,AE,451.730602640772,0.3818248893340535,8,4,0.6353202958793291
2024-11-13,ARI incidence,2024-11-10,1,BE,respicast,quantileBaseline,AE,588.6,0.0,8,7,0.45860198403778524
2024-11-13,ARI incidence,2024-11-10,1,BG,ECDC,SARIMA,AE,367.280374300223,0.02499875628564599,8,6,0.26732532931404246
2024-11-13,ARI incidence,2024-11-10,1,BG,ECDC,soca_simplex,AE,339.151863333411,0.13994914457904006,8,5,0.4785159153677293
2024-11-13,ARI incidence,2024-11-10,1,BG,ISI,FluABCaster,AE,269.695307207051,0.4705501453265192,8,1,1.0
2024-11-13,ARI incidence,2024-11-10,1,BG,ISI,FluBcast,AE,402.885481506115,-0.10848925334261661,8,8,0.0
2024-11-13,ARI incidence,2024-11-10,1,BG,ISI,SEIR_BRW,AE,329.976210289351,0.179518546928623,8,3,0.547407281358865
2024-11-13,ARI incidence,2024-11-10,1,BG,fjordhest,ensemble,AE,311.11,0.26445579559485527,8,2,0.6890559456739139
2024-11-13,ARI incidence,2024-11-10,1,BG,respicast,hubEnsemble,AE,334.564036811381,0.159598189180246,8,4,0.5129615983632969
2024-11-13,ARI incidence,2024-11-10,1,BG,respicast,quantileBaseline,AE,373.7,0.0,8,7,0.21912638570907042
2024-11-13,ARI incidence,2024-11-10,1,CY,respicast,quantileBaseline,AE,2100.0,0.0,1,1,0.0
2024-11-13,ARI incidence,2024-11-10,1,CZ,ECDC,SARIMA,AE,447.937202960179,-0.20204360865301138,8,7,0.5528438979586323
2024-11-13,ARI incidence,2024-11-10,1,CZ,ECDC,soca_simplex,AE,154.01603394243,1.3381723325854527,8,2,0.9918671790748398
2024-11-13,ARI incidence,2024-11-10,1,CZ,ISI,FluABCaster,AE,242.907170933601,0.6808478032337199,8,3,0.8590925349264369
2024-11-13,ARI incidence,2024-11-10,1,CZ,ISI,GLEAM,AE,818.06,-1.0709537763801784,8,8,0.0
2024-11-13,ARI incidence,2024-11-10,1,CZ,ISI,SEIR_BRW,AE,148.571201432278,1.3900983884865397,8,1,1.0
2024-11-13,ARI incidence,2024-11-10,1,CZ,fjordhest,ensemble,AE,376.61,0.04818157619616127,8,5,0.6593836983447979
2024-11-13,ARI incidence,2024-11-10,1,CZ,respicast,hubEnsemble,AE,309.7585854668,0.33010861448095874,8,4,0.7592381166356181
2024-11-13,ARI incidence,2024-11-10,1,CZ,respicast,quantileBaseline,AE,389.4,0.0,8,6,0.6402795699002857
2024-11-13,ARI incidence,2024-11-10,1,DE,ECDC,SARIMA,AE,402.11191919553,-0.014466228970204553,7,6,0.7117086677728748
2024-11-13,ARI incidence,2024-11-10,1,DE,ECDC,soca_simplex,AE,122.302975884126,1.7026713633854016,7,1,1.0
2024-11-13,ARI incidence,2024-11-10,1,DE,ISI,GLEAM,AE,1092.88,-1.4569322229041715,7,7,0.0
2024-11-13,ARI incidence,2024-11-10,1,DE,ISI,SEIR_BRW,AE,249.454967797352,0.6743514710937915,7,2,0.8689934041772189
2024-11-13,ARI incidence,2024-11-10,1,DE,fjordhest,ensemble,AE,321.28,0.3092996970279402,7,3,0.7949910010520518
2024-11-13,ARI incidence,2024-11-10,1,DE,respicast,hubEnsemble,AE,321.28,0.3092996970279402,7,3,0.7949910010520518
2024-11-13,ARI incidence,2024-11-10,1,DE,respicast,quantileBaseline,AE,398.1,0.0,7,5,0.7158422080235154
2024-11-13,ARI incidence,2024-11-10,1,EE,ECDC,SARIMA,AE,32.643680337582,-2.1608353507487714,7,6,0.87558975855928
2024-11-13,ARI incidence,2024-11-10,1,EE,ECDC,soca_simplex,AE,3.13554381369502,1.2191807851496723,7,2,0.9999999999999999
2024-11-13,ARI incidence,2024-11-10,1,EE,ISI,FluABCaster,AE,240.319687033506,-5.04091456493738,7,7,0.0
2024-11-13,ARI incidence,2024-11-10,1,EE,ISI,FluBcast,AE,4.38154874996374,0.736455553309431,7,3,0.9947466769095352
2024-11-13,ARI incidence,2024-11-10,1,EE,ISI,SEIR_BRW,AE,8.35184838385899,-0.19419905803964774,7,5,0.9780073638171934
2024-11-13,ARI incidence,2024-11-10,1,EE,respicast,hubEnsemble,AE,3.13554381369499,1.219180785149686,7,1,1.0
2024-11-13,ARI incidence,2024-11-10,1,EE,respicast,quantileBaseline,AE,7.29999999999998,0.0,7,4,0.9824420969725385
2024-11-13,ARI incidence,2024-11-10,1,ES,ECDC,SARIMA,AE,93.376064733295,-0.12039465715861039,8,6,0.18803795655957548
2024-11-13,ARI incidence,2024-11-10,1,ES,ECDC,soca_simplex,AE,29.7391607399487,1.5302941972685864,8,2,0.7572943860070473
2024-11-13,ARI incidence,2024-11-10,1,ES,ISI,FluABCaster,AE,2.60721622891901,5.042075988811869,8,1,1.0
2024-11-13,ARI incidence,2024-11-10,1,ES,ISI,FluBcast,AE,114.396737965394,-0.41331587763077876,8,8,0.0
2024-11-13,ARI incidence,2024-11-10,1,ES,ISI,SEIR_BRW,AE,33.8453186136467,1.3437018331598856,8,3,0.7205632343757024
2024-11-13,ARI incidence,2024-11-10,1,ES,fjordhest,ensemble,AE,97.87,-0.18820856826126298,8,7,0.14783798793193695
2024-11-13,ARI incidence,2024-11-10,1,ES,respicast,hubEnsemble,AE,63.610691673471,0.4333888575534485,8,4,0.4543005954676375
2024-11-13,ARI incidence,2024-11-10,1,ES,respicast,quantileBaseline,AE,85.9,0.0,8,5,0.25491421309208445
2024-11-13,ARI incidence,2024-11-10,1,FR,ECDC,soca_simplex,AE,33.7908013772308,0.07929350862252742,7,2,0.8770757041019817
2024-11-13,ARI incidence,2024-11-10,1,FR,ISI,FluABCaster,AE,186.242371892173,-2.3831853575704596,7,7,0.0
2024-11-13,ARI incidence,2024-11-10,1,FR,ISI,FluBcast,AE,39.5289429248857,-0.14698530115571448,7,6,0.8440633545332183
2024-11-13,ARI incidence,2024-11-10,1,FR,ISI,SEIR_BRW,AE,12.4243424997912,1.522754568333176,7,1,1.0
2024-11-13,ARI incidence,2024-11-10,1,FR,fjordhest,ensemble,AE,34.3,0.05771549785628775,7,3,0.8741462115484807
2024-11-13,ARI incidence,2024-11-10,1,FR,respicast,hubEnsemble,AE,34.3,0.05771549785628775,7,3,0.8741462115484807
2024-11-13,ARI incidence,2024-11-10,1,FR,respicast,quantileBaseline,AE,35.7,0.0,7,5,0.8660918111799227
2024-11-13,ARI incidence,2024-11-10,1,GB-ENG,ECDC,SARIMA,AE,20.7515340089828,0.3756550011028495,8,2,0.980069031119572
2024-11-13,ARI incidence,2024-11-10,1,GB-ENG,ECDC,soca_simplex,AE,23.6886394935314,0.1846776465407245,8,5,0.8846510138490112
2024-11-13,ARI incidence,2024-11-10,1,GB-ENG,ISI,FluABCaster,AE,20.1380297706262,0.41895044701450335,8,1,1.0
2024-11-13,ARI incidence,2024-11-10,1,GB-ENG,ISI,FluBcast,AE,21.9935695783229,0.2917912153431853,8,4,0.9397189068120146
2024-11-13,ARI incidence,2024-11-10,1,GB-ENG,ISI,GLEAM,AE,50.9194856063762,-0.9193448556799347,8,8,0.0
2024-11-13,ARI incidence,2024-11-10,1,GB-ENG,ISI,SEIR_BRW,AE,25.6030940556872,0.07255482333828932,8,6,0.8224559515890798
2024-11-13,ARI incidence,2024-11-10,1,GB-ENG,respicast,hubEnsemble,AE,21.3725517936528,0.3331138193268633,8,3,0.959893968965795
2024-11-13,ARI incidence,2024-11-10,1,GB-ENG,respicast,quantileBaseline,AE,26.9236310041848,0.0,8,7,0.7795555457231588
2024-11-13,ARI incidence,2024-11-10,1,GB-NIR,ECDC,soca_simplex,AE,14.471392925878,-5.7147766762957195,7,3,0.6885139419549914
2024-11-13,ARI incidence,2024-11-10,1,GB-NIR,ISI,FluABCaster,AE,45.8501322715969,-7.378498778742269,7,7,0.0
2024-11-13,ARI incidence,2024-11-10,1,GB-NIR,ISI,FluBcast,AE,24.6467281060799,-6.482969022092201,7,5,0.4652462045724841
2024-11-13,ARI incidence,2024-11-10,1,GB-NIR,ISI,GLEAM,AE,37.1591638606554,-7.075290922120042,7,6,0.19069768399857773
2024-11-13,ARI incidence,2024-11-10,1,GB-NIR,ISI,SEIR_BRW,AE,6.01072208832313,-4.447183105213618,7,2,0.874158424538174
2024-11-13,ARI incidence,2024-11-10,1,GB-NIR,respicast,hubEnsemble,AE,24.6467281060794,-6.482969022092171,7,4,0.4652462045724951
2024-11-13,ARI incidence,2024-11-10,1,GB-NIR,respicast,quantileBaseline,AE,0.275544113482084,0.0,7,1,1.0
2024-11-13,ARI incidence,2024-11-10,1,GB-SCT,ECDC,SARIMA,AE,7.1227319831992,0.16758029922688916,8,2,0.850878362631934
2024-11-13,ARI incidence,2024-11-10,1,GB-SCT,ECDC,soca_simplex,AE,12.1970418068724,-0.6084483787273602,8,4,0.7266974535521877
2024-11-13,ARI incidence,2024-11-10,1,GB-SCT,ISI,FluABCaster,AE,41.8915258843737,-2.388575525446126,8,8,0.0
2024-11-13,ARI incidence,2024-11-10,1,GB-SCT,ISI,FluBcast,AE,17.8083598857086,-1.154471743848426,8,6,0.5893746245608193
2024-11-13,ARI incidence,2024-11-10,1,GB-SCT,ISI,GLEAM,AE,33.9659489534712,-2.086006251922233,8,7,0.19395846577387157
2024-11-13,ARI incidence,2024-11-10,1,GB-SCT,ISI,SEIR_BRW,AE,1.02928819198746,2.958364023070749,8,1,1.0
2024-11-13,ARI incidence,2024-11-10,1,GB-SCT,respicast,hubEnsemble,AE,15.0027008462902,-0.9071393344565414,8,5,0.6580360390565109
2024-11-13,ARI incidence,2024-11-10,1,GB-SCT,respicast,quantileBaseline,AE,8.00006102087218,0.0,8,3,0.82940795163101
2024-11-13,ARI incidence,2024-11-10,1,GB-WLS,ECDC,soca_simplex,AE,83.5834123705802,0.06791167396576143,7,2,0.47993541097699693
2024-11-13,ARI incidence,2024-11-10,1,GB-WLS,ISI,FluABCaster,AE,56.6138702613315,0.6299727800367344,7,1,1.0
2024-11-13,ARI incidence,2024-11-10,1,GB-WLS,ISI,FluBcast,AE,88.1744847138605,-0.009232906461310676,7,4,0.39140390600331265
2024-11-13,ARI incidence,2024-11-10,1,GB-WLS,ISI,GLEAM,AE,97.2327642280361,-0.15031420310849747,7,6,0.21672943827552305
2024-11-13,ARI incidence,2024-11-10,1,GB-WLS,ISI,SEIR_BRW,AE,108.471933045252,-0.30812155740639285,7,7,0.0
2024-11-13,ARI incidence,2024-11-10,1,GB-WLS,respicast,hubEnsemble,AE,88.1744847138605,-0.009232906461310676,7,4,0.39140390600331265
2024-11-13,ARI incidence,2024-11-10,1,GB-WLS,respicast,quantileBaseline,AE,87.6119907357451,0.0,7,3,0.4022507048985813
2024-11-13,ARI incidence,2024-11-10,1,HU,ECDC,SARIMA,AE,384.18238455205,0.1168714690008975,6,4,0.7263896001387412
2024-11-13,ARI incidence,2024-11-10,1,HU,ECDC,soca_simplex,AE,126.133039871304,1.723716608003065,6,1,1.0
2024-11-13,ARI incidence,2024-11-10,1,HU,ISI,GLEAM,AE,1069.26,-1.3598779552486011,6,6,0.0
2024-11-13,ARI incidence,2024-11-10,1,HU,ISI,SEIR_BRW,AE,296.428302978202,0.490979636617116,6,2,0.8194354839738013
2024-11-13,ARI incidence,2024-11-10,1,HU,respicast,hubEnsemble,AE,340.30534376513,0.2918330334681673,6,3,0.7729125420562671
2024-11-13,ARI incidence,2024-11-10,1,HU,respicast,quantileBaseline,AE,416.6,0.0,6,5,0.6920171170919981
2024-11-13,ARI incidence,2024-11-10,1,LT,ECDC,SARIMA,AE,224.374659662955,-0.4522139357783938,8,7,0.6296855606611318
2024-11-13,ARI incidence,2024-11-10,1,LT,ECDC,soca_simplex,AE,82.733556841572,0.9871513025886877,8,3,0.8689175546078175
2024-11-13,ARI incidence,2024-11-10,1,LT,ISI,FluABCaster,AE,19.7887568286252,3.0509429276390043,8,2,0.9752313979465134
2024-11-13,ARI incidence,2024-11-10,1,LT,ISI,GLEAM,AE,597.19,-1.864494192773773,8,8,0.0
2024-11-13,ARI incidence,2024-11-10,1,LT,ISI,SEIR_BRW,AE,5.12411247097441,5.000249862362364,8,1,1.0
2024-11-13,ARI incidence,2024-11-10,1,LT,fjordhest,ensemble,AE,158.13,0.05258471694211982,8,5,0.7415728709390903
2024-11-13,ARI incidence,2024-11-10,1,LT,respicast,hubEnsemble,AE,120.431778420786,0.4454796875234907,8,4,0.8052452127734538
2024-11-13,ARI incidence,2024-11-10,1,LT,respicast,quantileBaseline,AE,164.0,0.0,8,6,0.7316584338407154
2024-11-13,ARI incidence,2024-11-10,1,LU,ECDC,SARIMA,AE,7362.5239869532,0.15542348050890603,5,1,1.0
2024-11-13,ARI incidence,2024-11-10,1,LU,ECDC,soca_simplex,AE,7580.13501144808,0.11340036494755218,5,2,0.740158498745301
2024-11-13,ARI incidence,2024-11-10,1,LU,fjordhest,ensemble,AE,8152.68,0.0083495206762576,5,4,0.056503110850716805
2024-11-13,ARI incidence,2024-11-10,1,LU,respicast,hubEnsemble,AE,7757.6019934766,0.08001314994377982,5,3,0.5282515554253584
2024-11-13,ARI incidence,2024-11-10,1,LU,respicast,quantileBaseline,AE,8200.0,0.0,5,5,0.0
2024-11-13,ARI incidence,2024-11-10,1,LV,ECDC,SARIMA,AE,150.77614237464,-0.1466814626520314,7,5,0.8005327881995427
2024-11-13,ARI incidence,2024-11-10,1,LV,ECDC,soca_simplex,AE,415.526534908675,-1.609213904954471,7,7,0.0
2024-11-13,ARI incidence,2024-11-10,1,LV,ISI,FluABCaster,AE,159.497386383474,-0.22780607999756058,7,6,0.774162131234179
2024-11-13,ARI incidence,2024-11-10,1,LV,ISI,FluBcast,AE,106.041465062848,0.3610981957018805,7,2,0.9357982192149543
2024-11-13,ARI incidence,2024-11-10,1,LV,ISI,SEIR_BRW,AE,84.8087973760523,0.6834408722165393,7,1,1.0
2024-11-13,ARI incidence,2024-11-10,1,LV,respicast,hubEnsemble,AE,132.76942572316,0.036803743682914676,7,3,0.8549801752245697
2024-11-13,ARI incidence,2024-11-10,1,LV,respicast,quantileBaseline,AE,136.2,0.0,7,4,0.8446070567385932
2024-11-13,ARI incidence,2024-11-10,1,RO,ECDC,SARIMA,AE,74.345232749694,0.4925707113751538,9,5,0.8804401889061128
2024-11-13,ARI incidence,2024-11-10,1,RO,ECDC,soca_simplex,AE,10.7067426506815,3.288291315729266,9,1,1.0
2024-11-13,ARI incidence,2024-11-10,1,RO,ISI,FluABCaster,AE,145.583754267504,-0.47696652218413627,9,7,0.7466019384695372
2024-11-13,ARI incidence,2024-11-10,1,RO,ISI,FluBcast,AE,183.523313039022,-0.8110804892463016,9,8,0.6753235899001309
2024-11-13,ARI incidence,2024-11-10,1,RO,ISI,GLEAM,AE,542.98,-2.3760162075272686,9,9,0.0
2024-11-13,ARI incidence,2024-11-10,1,RO,ISI,SEIR_BRW,AE,31.1065614565912,1.7495920194140429,9,2,0.961674161674965
2024-11-13,ARI incidence,2024-11-10,1,RO,fjordhest,ensemble,AE,56.87,0.8791431421820718,9,3,0.9132715072344454
2024-11-13,ARI incidence,2024-11-10,1,RO,respicast,hubEnsemble,AE,56.87,0.8791431421820718,9,3,0.9132715072344454
2024-11-13,ARI incidence,2024-11-10,1,RO,respicast,quantileBaseline,AE,104.6,0.0,9,6,0.8235995213870033
2024-11-13,ARI incidence,2024-11-10,1,SI,ECDC,SARIMA,AE,416.126606560471,-0.07955942402057499,7,6,0.6814381406313498
2024-11-13,ARI incidence,2024-11-10,1,SI,ECDC,soca_simplex,AE,197.29546327766,0.9971053289340628,7,1,1.0
2024-11-13,ARI incidence,2024-11-10,1,SI,ISI,GLEAM,AE,884.23,-1.1669585713866064,7,7,0.0
2024-11-13,ARI incidence,2024-11-10,1,SI,ISI,SEIR_BRW,AE,275.528927982092,0.5152593148917618,7,2,0.8861121977099631
2024-11-13,ARI incidence,2024-11-10,1,SI,fjordhest,ensemble,AE,377.58,0.06068076249570861,7,3,0.737552085264842
2024-11-13,ARI incidence,2024-11-10,1,SI,respicast,hubEnsemble,AE,377.58,0.06068076249570861,7,3,0.737552085264842
2024-11-13,ARI incidence,2024-11-10,1,SI,respicast,quantileBaseline,AE,393.8,0.0,7,5,0.7139399371882689
2024-11-13,ARI incidence,2024-11-17,2,BE,ECDC,SARIMA,AE,332.342492771736,0.011920921072572038,8,6,0.6054937224755904
2024-11-13,ARI incidence,2024-11-17,2,BE,ECDC,soca_simplex,AE,17.4264603066152,4.265240224972354,8,1,1.0
2024-11-13,ARI incidence,2024-11-17,2,BE,ISI,FluABCaster,AE,63.1184784569756,2.4084573534711753,8,2,0.9427600181166613
2024-11-13,ARI incidence,2024-11-17,2,BE,ISI,GLEAM,AE,815.68,-1.2834115919303681,8,8,0.0
2024-11-13,ARI incidence,2024-11-17,2,BE,ISI,SEIR_BRW,AE,210.771433742241,0.6689123375514944,8,3,0.757790020561774
2024-11-13,ARI incidence,2024-11-17,2,BE,fjordhest,ensemble,AE,290.81,0.2045148068916225,8,5,0.6575229221051828
2024-11-13,ARI incidence,2024-11-17,2,BE,respicast,hubEnsemble,AE,250.790716871121,0.4181077394066722,8,4,0.707656471333478
2024-11-13,ARI incidence,2024-11-17,2,BE,respicast,quantileBaseline,AE,335.1,0.0,8,7,0.6020392971694111
2024-11-13,ARI incidence,2024-11-17,2,BG,ECDC,SARIMA,AE,388.07247260922,0.05731480951884058,8,6,0.40371947107190886
2024-11-13,ARI incidence,2024-11-17,2,BG,ECDC,soca_simplex,AE,372.342322377494,0.11701130088905089,8,3,0.48853791058193624
2024-11-13,ARI incidence,2024-11-17,2,BG,ISI,FluABCaster,AE,277.488236982213,0.5412142952683353,8,1,1.0
2024-11-13,ARI incidence,2024-11-17,2,BG,ISI,FluBcast,AE,462.944964582894,-0.19719978380384587,8,8,0.0
2024-11-13,ARI incidence,2024-11-17,2,BG,ISI,SEIR_BRW,AE,374.224681193034,0.10973619906941404,8,5,0.4783880560045762
2024-11-13,ARI incidence,2024-11-17,2,BG,fjordhest,ensemble,AE,346.24,0.22186850639202044,8,2,0.6292840712372487
2024-11-13,ARI incidence,2024-11-17,2,BG,respicast,hubEnsemble,AE,373.283501785264,0.11336916419976176,8,4,0.4834629832932562
2024-11-13,ARI incidence,2024-11-17,2,BG,respicast,quantileBaseline,AE,403.8,0.0,8,7,0.3189151741652795
2024-11-13,ARI incidence,2024-11-17,2,CZ,ECDC,SARIMA,AE,589.917794280374,-0.2844639856030868,8,6,0.641008489768327
2024-11-13,ARI incidence,2024-11-17,2,CZ,ECDC,soca_simplex,AE,636.895435530817,-0.39500659089643453,8,7,0.5819542526061549
2024-11-13,ARI incidence,2024-11-17,2,CZ,ISI,FluABCaster,AE,363.623326583762,0.4136051897008218,8,2,0.9254767348341052
2024-11-13,ARI incidence,2024-11-17,2,CZ,ISI,GLEAM,AE,1099.84,-1.1831718151497976,8,8,0.0
2024-11-13,ARI incidence,2024-11-17,2,CZ,ISI,SEIR_BRW,AE,304.340074712081,0.6703656249690334,8,1,1.0
2024-11-13,ARI incidence,2024-11-17,2,CZ,fjordhest,ensemble,AE,454.19,0.09275399940902493,8,3,0.8116279832035393
2024-11-13,ARI incidence,2024-11-17,2,CZ,respicast,hubEnsemble,AE,522.053897140187,-0.10814881746479617,8,5,0.7263182364859332
2024-11-13,ARI incidence,2024-11-17,2,CZ,respicast,quantileBaseline,AE,484.35,0.0,8,4,0.7737147175434778
2024-11-13,ARI incidence,2024-11-17,2,DE,ECDC,SARIMA,AE,279.07488643863,-0.021220685485075014,7,6,0.8636502494634267
2024-11-13,ARI incidence,2024-11-17,2,DE,ECDC,soca_simplex,AE,116.483778049957,1.2393025646712241,7,1,1.0
2024-11-13,ARI incidence,2024-11-17,2,DE,ISI,GLEAM,AE,1308.94,-2.2508954439026936,7,7,0.0
2024-11-13,ARI incidence,2024-11-17,2,DE,ISI,SEIR_BRW,AE,209.633387068969,0.3915631139615396,7,3,0.9218842526003319
2024-11-13,ARI incidence,2024-11-17,2,DE,fjordhest,ensemble,AE,209.34,0.39358361527121594,7,2,0.9221302885248117
2024-11-13,ARI incidence,2024-11-17,2,DE,respicast,hubEnsemble,AE,209.63338706897,0.39156311396153276,7,4,0.9218842526003311
2024-11-13,ARI incidence,2024-11-17,2,DE,respicast,quantileBaseline,AE,275.0,0.0,7,5,0.8670674704595706
2024-11-13,ARI incidence,2024-11-17,2,EE,ECDC,SARIMA,AE,2.20060407020497,3.373062318497732,7,1,1.0
2024-11-13,ARI incidence,2024-11-17,2,EE,ECDC,soca_simplex,AE,60.1269673008497,-1.398978368962473,7,6,0.8141004202742275
2024-11-13,ARI incidence,2024-11-17,2,EE,ISI,FluABCaster,AE,313.800895561418,-3.7827437401397894,7,7,0.0
2024-11-13,ARI incidence,2024-11-17,2,EE,ISI,FluBcast,AE,20.7116442722142,0.1385917324827544,7,3,0.9405936364391007
2024-11-13,ARI incidence,2024-11-17,2,EE,ISI,SEIR_BRW,AE,39.3576808596731,-0.7876113883902269,7,5,0.8807540371299173
2024-11-13,ARI incidence,2024-11-17,2,EE,respicast,hubEnsemble,AE,20.711644272214,0.13859173248276835,7,2,0.9405936364391012
2024-11-13,ARI incidence,2024-11-17,2,EE,respicast,quantileBaseline,AE,22.8,0.0,7,4,0.9338916025039214
2024-11-13,ARI incidence,2024-11-17,2,ES,ECDC,SARIMA,AE,94.105518780691,-0.07723562156560186,8,6,0.37083646289013084
2024-11-13,ARI incidence,2024-11-17,2,ES,ECDC,soca_simplex,AE,50.8913562654664,0.8096230701885072,8,2,0.6630651958112084
2024-11-13,ARI incidence,2024-11-17,2,ES,ISI,FluABCaster,AE,1.06615516458032,6.386554386748046,8,1,1.0
2024-11-13,ARI incidence,2024-11-17,2,ES,ISI,FluBcast,AE,148.944024952612,-0.739654634249757,8,8,0.0
2024-11-13,ARI incidence,2024-11-17,2,ES,ISI,SEIR_BRW,AE,57.4622646240032,0.6344288586354342,8,3,0.6186304986658171
2024-11-13,ARI incidence,2024-11-17,2,ES,fjordhest,ensemble,AE,119.23,-0.41863166924760087,8,7,0.2009362522952496
2024-11-13,ARI incidence,2024-11-17,2,ES,respicast,hubEnsemble,AE,75.783891702347,0.2351524822082541,8,4,0.4947334807779746
2024-11-13,ARI incidence,2024-11-17,2,ES,respicast,quantileBaseline,AE,89.1999999999999,0.0,8,5,0.4040092343651505
2024-11-13,ARI incidence,2024-11-17,2,FR,ECDC,soca_simplex,AE,14.6102734878249,-4.103376532540901,7,5,0.9340739129658323
2024-11-13,ARI incidence,2024-11-17,2,FR,ISI,FluABCaster,AE,209.572739462655,-7.945772511433067,7,7,0.0
2024-11-13,ARI incidence,2024-11-17,2,FR,ISI,FluBcast,AE,3.23668439248692,-1.9289819495539977,7,2,0.9885652881011849
2024-11-13,ARI incidence,2024-11-17,2,FR,ISI,SEIR_BRW,AE,74.9925337480894,-6.463140316655614,7,6,0.64477979764464
2024-11-13,ARI incidence,2024-11-17,2,FR,fjordhest,ensemble,AE,6.55000000000001,-2.9459601602870737,7,4,0.9726910445183198
2024-11-13,ARI incidence,2024-11-17,2,FR,respicast,hubEnsemble,AE,3.23668439248701,-1.9289819495540375,7,3,0.9885652881011845
2024-11-13,ARI incidence,2024-11-17,2,FR,respicast,quantileBaseline,AE,0.850000000000023,0.0,7,1,1.0
2024-11-13,ARI incidence,2024-11-17,2,GB-ENG,ECDC,SARIMA,AE,30.4898763857489,0.4535024263648302,8,1,1.0
2024-11-13,ARI incidence,2024-11-17,2,GB-ENG,ECDC,soca_simplex,AE,43.885160233666,-0.0719004472701524,8,6,0.8249644085887723
2024-11-13,ARI incidence,2024-11-17,2,GB-ENG,ISI,FluABCaster,AE,52.176630677355,-0.3215710570223974,8,7,0.7166201249396065
2024-11-13,ARI incidence,2024-11-17,2,GB-ENG,ISI,FluBcast,AE,36.1848344757662,0.206447555500658,8,3,0.9255842303406406
2024-11-13,ARI incidence,2024-11-17,2,GB-ENG,ISI,GLEAM,AE,107.018791104849,-1.35795950455509,8,8,0.0
2024-11-13,ARI incidence,2024-11-17,2,GB-ENG,ISI,SEIR_BRW,AE,43.4123161569766,-0.05627166843088089,8,5,0.8311430415724618
2024-11-13,ARI incidence,2024-11-17,2,GB-ENG,respicast,hubEnsemble,AE,33.337355430758,0.32469306418146904,8,2,0.9627921151703146
2024-11-13,ARI incidence,2024-11-17,2,GB-ENG,respicast,quantileBaseline,AE,41.7516359494981,0.0,8,4,0.8528430776120952
2024-11-13,ARI incidence,2024-11-17,2,GB-NIR,ECDC,soca_simplex,AE,2.33914523847412,1.9411883783319956,7,1,1.0
2024-11-13,ARI incidence,2024-11-17,2,GB-NIR,ISI,FluABCaster,AE,63.3167028246648,-2.8173444046083023,7,7,0.0
2024-11-13,ARI incidence,2024-11-17,2,GB-NIR,ISI,FluBcast,AE,31.8736803214343,-1.8271238853011205,7,4,0.5156490969449925
2024-11-13,ARI incidence,2024-11-17,2,GB-NIR,ISI,GLEAM,AE,55.7358097658786,-2.6333628188580236,7,6,0.12432267474916071
2024-11-13,ARI incidence,2024-11-17,2,GB-NIR,ISI,SEIR_BRW,AE,24.6037161205127,-1.4536345097938863,7,3,0.6348727013119866
2024-11-13,ARI incidence,2024-11-17,2,GB-NIR,respicast,hubEnsemble,AE,31.8736803214346,-1.8271238853011342,7,5,0.5156490969449876
2024-11-13,ARI incidence,2024-11-17,2,GB-NIR,respicast,quantileBaseline,AE,8.98282868741322,0.0,7,2,0.8910470718747898
2024-11-13,ARI incidence,2024-11-17,2,GB-SCT,ECDC,SARIMA,AE,23.7669623447267,-0.005090681291143583,8,5,0.4154658881904934
2024-11-13,ARI incidence,2024-11-17,2,GB-SCT,ECDC,soca_simplex,AE,11.4276338171068,1.0513401299911516,8,3,0.7278660412175204
2024-11-13,ARI incidence,2024-11-17,2,GB-SCT,ISI,FluABCaster,AE,40.1772298709349,-0.7625112540127259,8,8,0.0
2024-11-13,ARI incidence,2024-11-17,2,GB-SCT,ISI,FluBcast,AE,0.678758413552572,5.124824856744552,8,1,1.0
2024-11-13,ARI incidence,2024-11-17,2,GB-SCT,ISI,GLEAM,AE,38.0688170889962,-0.6847428988550949,8,7,0.053379604428835124
2024-11-13,ARI incidence,2024-11-17,2,GB-SCT,ISI,SEIR_BRW,AE,31.2675778042674,-0.40080061985353177,8,6,0.22556954074237404
2024-11-13,ARI incidence,2024-11-17,2,GB-SCT,respicast,hubEnsemble,AE,6.05319611532977,1.9680978446525834,8,2,0.8639330206087581
2024-11-13,ARI incidence,2024-11-17,2,GB-SCT,respicast,quantileBaseline,AE,23.6832462330086,0.0,8,4,0.41758536544187075
2024-11-13,ARI incidence,2024-11-17,2,HU,ECDC,SARIMA,AE,497.25816563862,0.23592049140232005,6,2,0.7577501684574864
2024-11-13,ARI incidence,2024-11-17,2,HU,ECDC,soca_simplex,AE,148.216490739441,1.9822095811168736,6,1,1.0
2024-11-13,ARI incidence,2024-11-17,2,HU,ISI,GLEAM,AE,1589.05,-1.440177061557352,6,6,0.0
2024-11-13,ARI incidence,2024-11-17,2,HU,ISI,SEIR_BRW,AE,692.721457688823,-0.2423598097186484,6,5,0.6220902946456153
2024-11-13,ARI incidence,2024-11-17,2,HU,respicast,hubEnsemble,AE,594.98981166372,-0.022949410953126755,6,4,0.6899202315515519
2024-11-13,ARI incidence,2024-11-17,2,HU,respicast,quantileBaseline,AE,585.6,0.0,6,3,0.696437161927872
2024-11-13,ARI incidence,2024-11-17,2,LT,ECDC,SARIMA,AE,277.945021046728,-0.3920969493470871,8,7,0.7228130648189698
2024-11-13,ARI incidence,2024-11-17,2,LT,ECDC,soca_simplex,AE,84.5331186354932,1.3251140087369713,8,2,0.9599743607955615
2024-11-13,ARI incidence,2024-11-17,2,LT,ISI,FluABCaster,AE,51.8910511688007,2.0291449230440604,8,1,1.0
2024-11-13,ARI incidence,2024-11-17,2,LT,ISI,GLEAM,AE,867.42,-2.0340281183026026,8,8,0.0
2024-11-13,ARI incidence,2024-11-17,2,LT,ISI,SEIR_BRW,AE,95.9245577473105,1.142730475807138,8,3,0.9460062004645969
2024-11-13,ARI incidence,2024-11-17,2,LT,fjordhest,ensemble,AE,200.58,0.07852482854113917,8,5,0.8176779021219326
2024-11-13,ARI incidence,2024-11-17,2,LT,respicast,hubEnsemble,AE,148.252278873655,0.5146483078678946,8,4,0.8818420512932651
2024-11-13,ARI incidence,2024-11-17,2,LT,respicast,quantileBaseline,AE,211.8,0.0,8,6,0.8039199600941477
2024-11-13,ARI incidence,2024-11-17,2,LU,ECDC,SARIMA,AE,2284.669407088,0.695539849116936,5,1,1.0
2024-11-13,ARI incidence,2024-11-17,2,LU,ECDC,soca_simplex,AE,6878.31633501622,-0.89453019645557,5,5,0.0
2024-11-13,ARI incidence,2024-11-17,2,LU,fjordhest,ensemble,AE,3111.11,0.2500958653746165,5,3,0.8200905280970879
2024-11-13,ARI incidence,2024-11-17,2,LU,respicast,hubEnsemble,AE,2697.889703544,0.4556939022192135,5,2,0.910045264048544
2024-11-13,ARI incidence,2024-11-17,2,LU,respicast,quantileBaseline,AE,3700.0,0.0,5,4,0.6918939101942847
2024-11-13,ARI incidence,2024-11-17,2,LV,ECDC,SARIMA,AE,34.3299431022499,-1.0054711410925419,7,4,0.7771667466759555
2024-11-13,ARI incidence,2024-11-17,2,LV,ECDC,soca_simplex,AE,94.4221359255307,-2.465128793440966,7,7,0.0
2024-11-13,ARI incidence,2024-11-17,2,LV,ISI,FluABCaster,AE,68.0918438908382,-1.9934856760200033,7,6,0.3405272205627025
2024-11-13,ARI incidence,2024-11-17,2,LV,ISI,FluBcast,AE,29.1367179434671,-0.7688420514897049,7,3,0.844330245156965
2024-11-13,ARI incidence,2024-11-17,2,LV,ISI,SEIR_BRW,AE,67.0684272748372,-1.9716374467730944,7,5,0.35376297257279515
2024-11-13,ARI incidence,2024-11-17,2,LV,respicast,hubEnsemble,AE,19.4775629736901,-0.18781685406905607,7,2,0.9692511989583418
2024-11-13,ARI incidence,2024-11-17,2,LV,respicast,quantileBaseline,AE,17.0999999999999,0.0,7,1,1.0
2024-11-13,ARI incidence,2024-11-17,2,RO,ECDC,SARIMA,AE,701.042531028508,-0.014982132060382014,9,4,0.3084730806063637
2024-11-13,ARI incidence,2024-11-17,2,RO,ECDC,soca_simplex,AE,811.417227303792,-0.22592409228951127,9,8,0.18972460039840638
2024-11-13,ARI incidence,2024-11-17,2,RO,ISI,FluABCaster,AE,987.763022283663,-0.509645120634555,9,9,0.0
2024-11-13,ARI incidence,2024-11-17,2,RO,ISI,FluBcast,AE,547.975063338819,0.3404095985625593,9,2,0.4731532996313599
2024-11-13,ARI incidence,2024-11-17,2,RO,ISI,GLEAM,AE,58.28,3.573447058109232,9,1,1.0
2024-11-13,ARI incidence,2024-11-17,2,RO,ISI,SEIR_BRW,AE,806.618793900127,-0.217367179737196,9,7,0.19488707597743912
2024-11-13,ARI incidence,2024-11-17,2,RO,fjordhest,ensemble,AE,753.34,-0.11878129333863348,9,5,0.2522079657869435
2024-11-13,ARI incidence,2024-11-17,2,RO,respicast,hubEnsemble,AE,753.34,-0.11878129333863348,9,5,0.2522079657869435
2024-11-13,ARI incidence,2024-11-17,2,RO,respicast,quantileBaseline,AE,693.8,0.0,9,3,0.31626507987356256
2024-11-13,ARI incidence,2024-11-17,2,SI,ECDC,SARIMA,AE,530.463279813384,-0.024862304242696455,7,3,0.6839869272419399
2024-11-13,ARI incidence,2024-11-17,2,SI,ECDC,soca_simplex,AE,195.701683436543,1.4137344167140342,7,1,1.0
2024-11-13,ARI incidence,2024-11-17,2,SI,ISI,GLEAM,AE,1255.03,-1.2672593625118,7,7,0.0
2024-11-13,ARI incidence,2024-11-17,2,SI,ISI,SEIR_BRW,AE,571.296261900571,-0.13184850725292216,7,6,0.6454408207622676
2024-11-13,ARI incidence,2024-11-17,2,SI,fjordhest,ensemble,AE,542.08,-0.05611519690928009,7,4,0.6730208084240256
2024-11-13,ARI incidence,2024-11-17,2,SI,respicast,hubEnsemble,AE,542.08,-0.05611519690928009,7,4,0.6730208084240256
2024-11-13,ARI incidence,2024-11-17,2,SI,respicast,quantileBaseline,AE,521.4,0.0,7,2,0.6925426126434082
2024-11-20,ARI incidence,2024-11-17,1,BE,ECDC,SARIMA,AE,298.04514510713,-0.07472882021161237,10,7,0.4243019548454996
2024-11-20,ARI incidence,2024-11-17,1,BE,ECDC,soca_simplex,AE,225.270844082368,0.3291414497354516,10,4,0.5658442347276436
2024-11-20,ARI incidence,2024-11-17,1,BE,ISI,FluABCaster,AE,516.201007885604,-0.8671309052483074,10,10,0.0
2024-11-20,ARI incidence,2024-11-17,1,BE,ISI,FluBcast,AE,202.73978080541,0.4811728565081686,10,3,0.6096659962489858
2024-11-20,ARI incidence,2024-11-17,1,BE,ISI,LSTFlu,AE,2.04862115453,7.110005027157413,10,1,1.0
2024-11-20,ARI incidence,2024-11-17,1,BE,ISI,SEIR_BRW,AE,31.5008857301493,3.1673377536008895,10,2,0.9427168572281193
2024-11-20,ARI incidence,2024-11-17,1,BE,NotreDame,Rt_cocirc,AE,452.6,-0.6774345315476478,10,9,0.12370069560499833
2024-11-20,ARI incidence,2024-11-17,1,BE,fjordhest,ensemble,AE,303.07,-0.0988489980315063,10,8,0.4145288700119982
2024-11-20,ARI incidence,2024-11-17,1,BE,respicast,hubEnsemble,AE,261.65799459475,0.11311971389815106,10,5,0.49507309478656963
2024-11-20,ARI incidence,2024-11-17,1,BE,respicast,quantileBaseline,AE,283.0,0.0,10,6,0.45356398978962464
2024-11-20,ARI incidence,2024-11-17,1,BG,ECDC,SARIMA,AE,79.040524282264,-1.4767015867386069,11,3,0.7954772084465284
2024-11-20,ARI incidence,2024-11-17,1,BG,ECDC,soca_simplex,AE,143.964251333287,-2.3417477766372166,11,4,0.5332685902948124
2024-11-20,ARI incidence,2024-11-17,1,BG,ISI,FluABCaster,AE,180.089249692315,-2.664749228253409,11,9,0.3873699130206388
2024-11-20,ARI incidence,2024-11-17,1,BG,ISI,FluBcast,AE,186.104560752422,-2.7121505762464526,11,10,0.3630757686073978
2024-11-20,ARI incidence,2024-11-17,1,BG,ISI,GLEAM,AE,144.99,-2.3519905657568367,11,6,0.5291258808003558
2024-11-20,ARI incidence,2024-11-17,1,BG,ISI,LSTFlu,AE,54.0756422468081,-0.9290879651920674,11,2,0.896303324231487
2024-11-20,ARI incidence,2024-11-17,1,BG,ISI,SEIR_BRW,AE,276.003330160024,-3.2807228393216024,11,11,0.0
2024-11-20,ARI incidence,2024-11-17,1,BG,NotreDame,Rt_cocirc,AE,164.0,-2.529732980000764,11,8,0.4523498536454949
2024-11-20,ARI incidence,2024-11-17,1,BG,fjordhest,ensemble,AE,156.37,-2.461000919473167,11,7,0.48316527117266944
2024-11-20,ARI incidence,2024-11-17,1,BG,respicast,hubEnsemble,AE,143.96425133329,-2.3417477766372468,11,5,0.5332685902948002
2024-11-20,ARI incidence,2024-11-17,1,BG,respicast,quantileBaseline,AE,28.4,0.0,11,1,1.0
2024-11-20,ARI incidence,2024-11-17,1,CZ,ECDC,SARIMA,AE,184.45386156572,-0.9618236615519906,10,8,0.5802851651096248
2024-11-20,ARI incidence,2024-11-17,1,CZ,ECDC,soca_simplex,AE,233.582492759031,-1.3024958160304558,10,9,0.42022265891080907
2024-11-20,ARI incidence,2024-11-17,1,CZ,ISI,FluABCaster,AE,55.6290929214113,0.7675248442518848,10,1,1.0
2024-11-20,ARI incidence,2024-11-17,1,CZ,ISI,FluBcast,AE,112.300958079556,-0.24593390513104463,10,5,0.815361418630181
2024-11-20,ARI incidence,2024-11-17,1,CZ,ISI,LSTFlu,AE,362.563129879996,-1.936795889797457,10,10,0.0
2024-11-20,ARI incidence,2024-11-17,1,CZ,ISI,SEIR_BRW,AE,170.814441316773,-0.8509936203544283,10,7,0.6247227921128085
2024-11-20,ARI incidence,2024-11-17,1,CZ,NotreDame,Rt_cocirc,AE,79.7,0.24878470147791007,10,3,0.9215762861717529
2024-11-20,ARI incidence,2024-11-17,1,CZ,fjordhest,ensemble,AE,78.6299999999999,0.2682845713061726,10,2,0.9250623772244193
2024-11-20,ARI incidence,2024-11-17,1,CZ,respicast,hubEnsemble,AE,141.55769969816,-0.5799538925754149,10,6,0.7200421053715094
2024-11-20,ARI incidence,2024-11-17,1,CZ,respicast,quantileBaseline,AE,94.6999999999998,0.0,10,4,0.8727058508540048
2024-11-20,ARI incidence,2024-11-17,1,DE,ECDC,SARIMA,AE,63.62268384448,0.5461373651351948,9,2,0.900453236048039
2024-11-20,ARI incidence,2024-11-17,1,DE,ECDC,soca_simplex,AE,181.528414787806,-0.9664448903841298,9,6,0.5504058984407457
2024-11-20,ARI incidence,2024-11-17,1,DE,ISI,FluABCaster,AE,366.920511224714,-1.9817170532203892,9,9,0.0
2024-11-20,ARI incidence,2024-11-17,1,DE,ISI,LSTFlu,AE,248.322270406109,-1.4184631515125532,9,7,0.3521033126321602
2024-11-20,ARI incidence,2024-11-17,1,DE,ISI,SEIR_BRW,AE,30.092550328749,1.6262722170645294,9,1,1.0
2024-11-20,ARI incidence,2024-11-17,1,DE,NotreDame,Rt_cocirc,AE,307.0,-1.7244881538748873,9,8,0.17789648776581662
2024-11-20,ARI incidence,2024-11-17,1,DE,fjordhest,ensemble,AE,70.79,0.39213302117758453,9,3,0.8791743726886702
2024-11-20,ARI incidence,2024-11-17,1,DE,respicast,hubEnsemble,AE,70.79,0.39213302117758453,9,3,0.8791743726886702
2024-11-20,ARI incidence,2024-11-17,1,DE,respicast,quantileBaseline,AE,92.9000000000001,0.0,9,5,0.8135325538171392
2024-11-20,ARI incidence,2024-11-17,1,EE,ECDC,SARIMA,AE,22.923493320928,-0.6215145830736618,10,6,0.8786575607983648
2024-11-20,ARI incidence,2024-11-17,1,EE,ECDC,soca_simplex,AE,20.5953353909058,-0.4670052897093956,10,5,0.9002665030405498
2024-11-20,ARI incidence,2024-11-17,1,EE,ISI,FluABCaster,AE,109.736617001422,-2.880660769901632,10,9,0.07289616837531403
2024-11-20,ARI incidence,2024-11-17,1,EE,ISI,FluBcast,AE,12.1876438349111,0.2898930854712636,10,2,0.9783030137431821
2024-11-20,ARI incidence,2024-11-17,1,EE,ISI,GLEAM,AE,9.85000000000002,0.5971167010057824,10,1,1.0
2024-11-20,ARI incidence,2024-11-17,1,EE,ISI,LSTFlu,AE,117.590485579029,-2.9803870984962364,10,10,0.0
2024-11-20,ARI incidence,2024-11-17,1,EE,ISI,SEIR_BRW,AE,27.3790539092218,-0.8777602640436469,10,7,0.8373029988215155
2024-11-20,ARI incidence,2024-11-17,1,EE,NotreDame,Rt_cocirc,AE,97.2,-2.705643983143619,10,8,0.18925555671523606
2024-11-20,ARI incidence,2024-11-17,1,EE,respicast,hubEnsemble,AE,16.391489612908,-0.13763463781351593,10,4,0.9392847583918701
2024-11-20,ARI incidence,2024-11-17,1,EE,respicast,quantileBaseline,AE,14.9,0.0,10,3,0.9531281117505662
2024-11-20,ARI incidence,2024-11-17,1,ES,ECDC,SARIMA,AE,20.218515796332,-1.2501423492032682,10,6,0.8286479085129405
2024-11-20,ARI incidence,2024-11-17,1,ES,ECDC,soca_simplex,AE,51.5397122842078,-2.600149737142188,10,9,0.5312853670919226
2024-11-20,ARI incidence,2024-11-17,1,ES,ISI,FluABCaster,AE,9.75182807802798,-0.19820985062629487,10,4,0.9280183416118108
2024-11-20,ARI incidence,2024-11-17,1,ES,ISI,FluBcast,AE,11.6464387686585,-0.4543541307289596,10,5,0.910030962036851
2024-11-20,ARI incidence,2024-11-17,1,ES,ISI,LSTFlu,AE,50.7322995304066,-2.577369808269827,10,8,0.5389509206265395
2024-11-20,ARI incidence,2024-11-17,1,ES,ISI,SEIR_BRW,AE,39.7773624653956,-2.226412871582288,10,7,0.6429567790240617
2024-11-20,ARI incidence,2024-11-17,1,ES,NotreDame,Rt_cocirc,AE,107.5,-3.660730008339131,10,10,0.0
2024-11-20,ARI incidence,2024-11-17,1,ES,fjordhest,ensemble,AE,2.17000000000002,1.9697677985805613,10,1,1.0
2024-11-20,ARI incidence,2024-11-17,1,ES,respicast,hubEnsemble,AE,6.90821938432902,0.2991489419883192,10,2,0.9550154810184278
2024-11-20,ARI incidence,2024-11-17,1,ES,respicast,quantileBaseline,AE,8.49999999999994,0.0,10,3,0.939903161492453
2024-11-20,ARI incidence,2024-11-17,1,FR,ECDC,soca_simplex,AE,14.3987036123227,-7.1697951142016665,4,2,0.9355914251697176
2024-11-20,ARI incidence,2024-11-17,1,FR,NotreDame,Rt_cocirc,AE,222.1,-11.116993677547063,4,4,0.0
2024-11-20,ARI incidence,2024-11-17,1,FR,respicast,hubEnsemble,AE,118.249351806161,-10.207616559993435,4,3,0.4677957125848603
2024-11-20,ARI incidence,2024-11-17,1,FR,respicast,quantileBaseline,AE,0.0999999999999943,0.0,4,1,1.0
2024-11-20,ARI incidence,2024-11-17,1,GB-ENG,ECDC,SARIMA,AE,18.4674623470339,-0.3166611347446135,8,4,0.9439849215267812
2024-11-20,ARI incidence,2024-11-17,1,GB-ENG,ECDC,soca_simplex,AE,14.1141036684244,0.07118698965376288,8,1,1.0
2024-11-20,ARI incidence,2024-11-17,1,GB-ENG,ISI,FluABCaster,AE,91.8317253743525,-2.6306681503964207,8,8,0.0
2024-11-20,ARI incidence,2024-11-17,1,GB-ENG,ISI,FluBcast,AE,19.3651400771063,-0.38513743566582737,8,5,0.9324344171447881
2024-11-20,ARI incidence,2024-11-17,1,GB-ENG,ISI,GLEAM,AE,71.558791104849,-2.270804513664569,8,7,0.2608537655232588
2024-11-20,ARI incidence,2024-11-17,1,GB-ENG,ISI,SEIR_BRW,AE,22.4622426495402,-0.5991774734122786,8,6,0.8925837049838722
2024-11-20,ARI incidence,2024-11-17,1,GB-ENG,respicast,hubEnsemble,AE,16.2907830077289,-0.13573144646613353,8,3,0.9719924607633937
2024-11-20,ARI incidence,2024-11-17,1,GB-ENG,respicast,quantileBaseline,AE,14.8280049453134,0.0,8,2,0.9908141646486522
2024-11-20,ARI incidence,2024-11-17,1,GB-NIR,ECDC,SARIMA,AE,12.5535376490214,-0.4120741614064441,8,5,0.4478249770840796
2024-11-20,ARI incidence,2024-11-17,1,GB-NIR,ECDC,soca_simplex,AE,13.9046657946106,-0.559549250559852,8,6,0.36126863136080906
2024-11-20,ARI incidence,2024-11-17,1,GB-NIR,ISI,FluABCaster,AE,16.8761133743756,-0.8389628661168494,8,7,0.17091093297938992
2024-11-20,ARI incidence,2024-11-17,1,GB-NIR,ISI,FluBcast,AE,4.32346860785248,1.1257586994372615,8,2,0.9750619409348736
2024-11-20,ARI incidence,2024-11-17,1,GB-NIR,ISI,GLEAM,AE,3.93419023412142,1.2618811940691905,8,1,1.0
2024-11-20,ARI incidence,2024-11-17,1,GB-NIR,ISI,SEIR_BRW,AE,19.5440006333369,-1.0507059968032282,8,8,0.0
2024-11-20,ARI incidence,2024-11-17,1,GB-NIR,respicast,hubEnsemble,AE,8.43850312843742,0.1609608056996743,8,3,0.7114434590094458
2024-11-20,ARI incidence,2024-11-17,1,GB-NIR,respicast,quantileBaseline,AE,9.43451211233887,0.0,8,4,0.6476368554422746
2024-11-20,ARI incidence,2024-11-17,1,GB-SCT,ECDC,SARIMA,AE,4.85800037139077,-3.0894861598058903,8,5,0.8956311735960455
2024-11-20,ARI incidence,2024-11-17,1,GB-SCT,ECDC,soca_simplex,AE,1.82602868273023,-1.6778329864754784,8,2,0.9694411241244217
2024-11-20,ARI incidence,2024-11-17,1,GB-SCT,ISI,FluABCaster,AE,30.4285906387019,-5.736479168507579,8,7,0.27314382990801417
2024-11-20,ARI incidence,2024-11-17,1,GB-SCT,ISI,FluBcast,AE,2.42294082677915,-2.0858827311650154,8,4,0.9549099673900721
2024-11-20,ARI incidence,2024-11-17,1,GB-SCT,ISI,GLEAM,AE,41.6488170889963,-6.189327175129529,8,8,0.0
2024-11-20,ARI incidence,2024-11-17,1,GB-SCT,ISI,SEIR_BRW,AE,27.9507751349179,-5.61393994707614,8,6,0.3334634695790351
2024-11-20,ARI incidence,2024-11-17,1,GB-SCT,respicast,hubEnsemble,AE,2.12448475475475,-1.8962365504867458,8,3,0.9621755457572453
2024-11-20,ARI incidence,2024-11-17,1,GB-SCT,respicast,quantileBaseline,AE,0.570728471460967,0.0,8,1,1.0
2024-11-20,ARI incidence,2024-11-17,1,HU,ECDC,SARIMA,AE,83.67490863578,0.9795990487173873,8,4,0.9843292372951261
2024-11-20,ARI incidence,2024-11-17,1,HU,ECDC,soca_simplex,AE,76.6756307584649,1.1056259897426977,8,3,0.9862207746186146
2024-11-20,ARI incidence,2024-11-17,1,HU,ISI,FluABCaster,AE,25.6882004916399,2.683288289171005,8,1,1.0
2024-11-20,ARI incidence,2024-11-17,1,HU,ISI,LSTFlu,AE,588.155513327962,-1.8337316418886858,8,7,0.8479946168560567
2024-11-20,ARI incidence,2024-11-17,1,HU,ISI,SEIR_BRW,AE,453.647461732777,-1.4591055620711455,8,6,0.8843450810556024
2024-11-20,ARI incidence,2024-11-17,1,HU,NotreDame,Rt_cocirc,AE,3726.0,-4.497089744695821,8,8,0.0
2024-11-20,ARI incidence,2024-11-17,1,HU,respicast,hubEnsemble,AE,28.9933540720699,2.508671879327926,8,2,0.999106790519418
2024-11-20,ARI incidence,2024-11-17,1,HU,respicast,quantileBaseline,AE,165.0,0.0,8,5,0.962351334953214
2024-11-20,ARI incidence,2024-11-17,1,IE,ECDC,SARIMA,AE,5.6546181692317,-0.2977957476689309,9,6,0.9986288289768247
2024-11-20,ARI incidence,2024-11-17,1,IE,ISI,FluABCaster,AE,1.59292566425735,1.5299549177901515,9,1,1.0
2024-11-20,ARI incidence,2024-11-17,1,IE,ISI,FluBcast,AE,3.77450189879447,0.28534758906371294,9,4,0.9992635301382412
2024-11-20,ARI incidence,2024-11-17,1,IE,ISI,GLEAM,AE,1.89999999999999,1.275634442613435,9,3,0.9998963359657052
2024-11-20,ARI incidence,2024-11-17,1,IE,ISI,LSTFlu,AE,18.9136243570392,-2.039720082510504,9,8,0.9941527724908746
2024-11-20,ARI incidence,2024-11-17,1,IE,ISI,SEIR_BRW,AE,7.3533276723081,-0.6767634132545673,9,7,0.9980553682225803
2024-11-20,ARI incidence,2024-11-17,1,IE,NotreDame,Rt_cocirc,AE,2963.8,-9.33159852000818,9,9,0.0
2024-11-20,ARI incidence,2024-11-17,1,IE,respicast,hubEnsemble,AE,1.59292566425739,1.5299549177901153,9,2,1.0
2024-11-20,ARI incidence,2024-11-17,1,IE,respicast,quantileBaseline,AE,4.6,0.0,9,5,0.9989848534351986
2024-11-20,ARI incidence,2024-11-17,1,LT,ECDC,SARIMA,AE,35.83020567679,0.3698358683841638,9,3,0.9937832685889875
2024-11-20,ARI incidence,2024-11-17,1,LT,ECDC,soca_simplex,AE,59.9166970964038,-0.3719459040432292,9,6,0.9185033124448099
2024-11-20,ARI incidence,2024-11-17,1,LT,ISI,FluABCaster,AE,33.8411071775479,0.4522354236852245,9,1,1.0
2024-11-20,ARI incidence,2024-11-17,1,LT,ISI,LSTFlu,AE,294.109437658221,-2.667268980915008,9,8,0.1865569724136463
2024-11-20,ARI incidence,2024-11-17,1,LT,ISI,SEIR_BRW,AE,80.7625961846298,-0.8026750946292499,9,7,0.8533515083979272
2024-11-20,ARI incidence,2024-11-17,1,LT,NotreDame,Rt_cocirc,AE,353.8,-2.933849949430219,9,9,0.0
2024-11-20,ARI incidence,2024-11-17,1,LT,fjordhest,ensemble,AE,35.62,0.378324677045983,9,2,0.994440245724193
2024-11-20,ARI incidence,2024-11-17,1,LT,respicast,hubEnsemble,AE,35.83020567679,0.3698358683841638,9,3,0.9937832685889875
2024-11-20,ARI incidence,2024-11-17,1,LT,respicast,quantileBaseline,AE,46.3000000000001,0.0,9,5,0.9610609578232108
2024-11-20,ARI incidence,2024-11-17,1,LU,ECDC,SARIMA,AE,1725.131361254,1.506075528198381,7,2,0.9018453950019604
2024-11-20,ARI incidence,2024-11-17,1,LU,ECDC,soca_simplex,AE,1223.51358593345,2.0017516279903615,7,1,1.0
2024-11-20,ARI incidence,2024-11-17,1,LU,ISI,LSTFlu,AE,4440.68345325768,0.14200001437673138,7,5,0.3704767791830909
2024-11-20,ARI incidence,2024-11-17,1,LU,NotreDame,Rt_cocirc,AE,6334.0,-0.370335118138257,7,7,0.0
2024-11-20,ARI incidence,2024-11-17,1,LU,fjordhest,ensemble,AE,2011.58,1.2844526345264373,7,4,0.8457942453584443
2024-11-20,ARI incidence,2024-11-17,1,LU,respicast,hubEnsemble,AE,1725.131361254,1.506075528198381,7,2,0.9018453950019604
2024-11-20,ARI incidence,2024-11-17,1,LU,respicast,quantileBaseline,AE,4900.0,0.0,7,6,0.28059951319955234
2024-11-20,ARI incidence,2024-11-17,1,LV,ECDC,soca_simplex,AE,94.0682870999599,-2.459712109268113,7,4,0.879250887004386
2024-11-20,ARI incidence,2024-11-17,1,LV,ISI,FluABCaster,AE,115.177589340913,-2.7517918017300707,7,6,0.8515045978668352
2024-11-20,ARI incidence,2024-11-17,1,LV,ISI,FluBcast,AE,2.20268630140913,2.956660373723526,7,1,1.0
2024-11-20,ARI incidence,2024-11-17,1,LV,ISI,SEIR_BRW,AE,98.7553854240805,-2.5298630996508757,7,5,0.873090115613995
2024-11-20,ARI incidence,2024-11-17,1,LV,NotreDame,Rt_cocirc,AE,763.0,-5.479614826836004,7,7,0.0
2024-11-20,ARI incidence,2024-11-17,1,LV,respicast,hubEnsemble,AE,2.20268630141004,2.9566603737229302,7,2,0.9999999999999988
2024-11-20,ARI incidence,2024-11-17,1,LV,respicast,quantileBaseline,AE,17.0999999999999,0.0,7,3,0.9804188140121474
2024-11-20,ARI incidence,2024-11-17,1,RO,ECDC,SARIMA,AE,752.857630825324,0.0814784099200352,11,3,0.2082905966698976
2024-11-20,ARI incidence,2024-11-17,1,RO,ECDC,soca_simplex,AE,913.507476630808,-0.19756105698213497,11,11,0.0
2024-11-20,ARI incidence,2024-11-17,1,RO,ISI,FluABCaster,AE,828.333479493357,-0.056356220816243315,11,9,0.11043236671388208
2024-11-20,ARI incidence,2024-11-17,1,RO,ISI,FluBcast,AE,786.356360616119,0.018672219149797928,11,4,0.16485781040842348
2024-11-20,ARI incidence,2024-11-17,1,RO,ISI,GLEAM,AE,142.23,2.485629680803997,11,1,1.0
2024-11-20,ARI incidence,2024-11-17,1,RO,ISI,LSTFlu,AE,645.974962666907,0.3023772310929492,11,2,0.34686934607836656
2024-11-20,ARI incidence,2024-11-17,1,RO,ISI,SEIR_BRW,AE,811.55040733847,-0.026825227096664135,11,8,0.13219246300011225
2024-11-20,ARI incidence,2024-11-17,1,RO,NotreDame,Rt_cocirc,AE,879.1,-0.14217180545981684,11,10,0.04461102219801762
2024-11-20,ARI incidence,2024-11-17,1,RO,fjordhest,ensemble,AE,807.49,-0.019588913801379226,11,6,0.13745698512282115
2024-11-20,ARI incidence,2024-11-17,1,RO,respicast,hubEnsemble,AE,807.49,-0.019588913801379226,11,6,0.13745698512282115
2024-11-20,ARI incidence,2024-11-17,1,RO,respicast,quantileBaseline,AE,796.6,0.0,11,5,0.15157641727267604
2024-11-20,ARI incidence,2024-11-17,1,SI,ECDC,SARIMA,AE,84.53736825133,0.6319057063922656,9,3,0.8760136431623071
2024-11-20,ARI incidence,2024-11-17,1,SI,ECDC,soca_simplex,AE,11.7230371760879,3.4821485185257,9,1,1.0
2024-11-20,ARI incidence,2024-11-17,1,SI,ISI,FluABCaster,AE,83.699502732107,0.6462758550579133,9,2,0.8774403388651218
2024-11-20,ARI incidence,2024-11-17,1,SI,ISI,LSTFlu,AE,537.179563419193,-2.0358376078302185,9,8,0.10526623806856723
2024-11-20,ARI incidence,2024-11-17,1,SI,ISI,SEIR_BRW,AE,356.647328955476,-1.444931357040106,9,7,0.41267185056804373
2024-11-20,ARI incidence,2024-11-17,1,SI,NotreDame,Rt_cocirc,AE,599.0,-2.1929891912513355,9,9,0.0
2024-11-20,ARI incidence,2024-11-17,1,SI,fjordhest,ensemble,AE,96.05,0.44770929275928567,9,5,0.8564102320335755
2024-11-20,ARI incidence,2024-11-17,1,SI,respicast,hubEnsemble,AE,84.53736825133,0.6319057063922656,9,3,0.8760136431623071
2024-11-20,ARI incidence,2024-11-17,1,SI,respicast,quantileBaseline,AE,131.0,0.0,9,6,0.7968982773470789
